Automatically generated mesh
     172
Reciprocal lattice
    0.00000000000000    0.00000000000000    0.00000000000000             1
    0.14285714285714    0.00000000000000    0.00000000000000             2
    0.28571428571429    0.00000000000000    0.00000000000000             2
    0.42857142857143    0.00000000000000    0.00000000000000             2
    0.00000000000000    0.14285714285714    0.00000000000000             2
    0.14285714285714    0.14285714285714    0.00000000000000             2
    0.28571428571429    0.14285714285714    0.00000000000000             2
    0.42857142857143    0.14285714285714    0.00000000000000             2
   -0.42857142857143    0.14285714285714    0.00000000000000             2
   -0.28571428571429    0.14285714285714    0.00000000000000             2
   -0.14285714285714    0.14285714285714    0.00000000000000             2
    0.00000000000000    0.28571428571429    0.00000000000000             2
    0.14285714285714    0.28571428571429    0.00000000000000             2
    0.28571428571429    0.28571428571429    0.00000000000000             2
    0.42857142857143    0.28571428571429    0.00000000000000             2
   -0.42857142857143    0.28571428571429    0.00000000000000             2
   -0.28571428571429    0.28571428571429    0.00000000000000             2
   -0.14285714285714    0.28571428571429    0.00000000000000             2
    0.00000000000000    0.42857142857143    0.00000000000000             2
    0.14285714285714    0.42857142857143    0.00000000000000             2
    0.28571428571429    0.42857142857143    0.00000000000000             2
    0.42857142857143    0.42857142857143    0.00000000000000             2
   -0.42857142857143    0.42857142857143    0.00000000000000             2
   -0.28571428571429    0.42857142857143    0.00000000000000             2
   -0.14285714285714    0.42857142857143    0.00000000000000             2
    0.00000000000000    0.00000000000000    0.14285714285714             2
    0.14285714285714    0.00000000000000    0.14285714285714             2
    0.28571428571429    0.00000000000000    0.14285714285714             2
    0.42857142857143    0.00000000000000    0.14285714285714             2
   -0.42857142857143    0.00000000000000    0.14285714285714             2
   -0.28571428571429    0.00000000000000    0.14285714285714             2
   -0.14285714285714    0.00000000000000    0.14285714285714             2
    0.00000000000000    0.14285714285714    0.14285714285714             2
    0.14285714285714    0.14285714285714    0.14285714285714             2
    0.28571428571429    0.14285714285714    0.14285714285714             2
    0.42857142857143    0.14285714285714    0.14285714285714             2
   -0.42857142857143    0.14285714285714    0.14285714285714             2
   -0.28571428571429    0.14285714285714    0.14285714285714             2
   -0.14285714285714    0.14285714285714    0.14285714285714             2
    0.00000000000000    0.28571428571429    0.14285714285714             2
    0.14285714285714    0.28571428571429    0.14285714285714             2
    0.28571428571429    0.28571428571429    0.14285714285714             2
    0.42857142857143    0.28571428571429    0.14285714285714             2
   -0.42857142857143    0.28571428571429    0.14285714285714             2
   -0.28571428571429    0.28571428571429    0.14285714285714             2
   -0.14285714285714    0.28571428571429    0.14285714285714             2
    0.00000000000000    0.42857142857143    0.14285714285714             2
    0.14285714285714    0.42857142857143    0.14285714285714             2
    0.28571428571429    0.42857142857143    0.14285714285714             2
    0.42857142857143    0.42857142857143    0.14285714285714             2
   -0.42857142857143    0.42857142857143    0.14285714285714             2
   -0.28571428571429    0.42857142857143    0.14285714285714             2
   -0.14285714285714    0.42857142857143    0.14285714285714             2
    0.00000000000000   -0.42857142857143    0.14285714285714             2
    0.14285714285714   -0.42857142857143    0.14285714285714             2
    0.28571428571429   -0.42857142857143    0.14285714285714             2
    0.42857142857143   -0.42857142857143    0.14285714285714             2
   -0.42857142857143   -0.42857142857143    0.14285714285714             2
   -0.28571428571429   -0.42857142857143    0.14285714285714             2
   -0.14285714285714   -0.42857142857143    0.14285714285714             2
    0.00000000000000   -0.28571428571429    0.14285714285714             2
    0.14285714285714   -0.28571428571429    0.14285714285714             2
    0.28571428571429   -0.28571428571429    0.14285714285714             2
    0.42857142857143   -0.28571428571429    0.14285714285714             2
   -0.42857142857143   -0.28571428571429    0.14285714285714             2
   -0.28571428571429   -0.28571428571429    0.14285714285714             2
   -0.14285714285714   -0.28571428571429    0.14285714285714             2
    0.00000000000000   -0.14285714285714    0.14285714285714             2
    0.14285714285714   -0.14285714285714    0.14285714285714             2
    0.28571428571429   -0.14285714285714    0.14285714285714             2
    0.42857142857143   -0.14285714285714    0.14285714285714             2
   -0.42857142857143   -0.14285714285714    0.14285714285714             2
   -0.28571428571429   -0.14285714285714    0.14285714285714             2
   -0.14285714285714   -0.14285714285714    0.14285714285714             2
    0.00000000000000    0.00000000000000    0.28571428571429             2
    0.14285714285714    0.00000000000000    0.28571428571429             2
    0.28571428571429    0.00000000000000    0.28571428571429             2
    0.42857142857143    0.00000000000000    0.28571428571429             2
   -0.42857142857143    0.00000000000000    0.28571428571429             2
   -0.28571428571429    0.00000000000000    0.28571428571429             2
   -0.14285714285714    0.00000000000000    0.28571428571429             2
    0.00000000000000    0.14285714285714    0.28571428571429             2
    0.14285714285714    0.14285714285714    0.28571428571429             2
    0.28571428571429    0.14285714285714    0.28571428571429             2
    0.42857142857143    0.14285714285714    0.28571428571429             2
   -0.42857142857143    0.14285714285714    0.28571428571429             2
   -0.28571428571429    0.14285714285714    0.28571428571429             2
   -0.14285714285714    0.14285714285714    0.28571428571429             2
    0.00000000000000    0.28571428571429    0.28571428571429             2
    0.14285714285714    0.28571428571429    0.28571428571429             2
    0.28571428571429    0.28571428571429    0.28571428571429             2
    0.42857142857143    0.28571428571429    0.28571428571429             2
   -0.42857142857143    0.28571428571429    0.28571428571429             2
   -0.28571428571429    0.28571428571429    0.28571428571429             2
   -0.14285714285714    0.28571428571429    0.28571428571429             2
    0.00000000000000    0.42857142857143    0.28571428571429             2
    0.14285714285714    0.42857142857143    0.28571428571429             2
    0.28571428571429    0.42857142857143    0.28571428571429             2
    0.42857142857143    0.42857142857143    0.28571428571429             2
   -0.42857142857143    0.42857142857143    0.28571428571429             2
   -0.28571428571429    0.42857142857143    0.28571428571429             2
   -0.14285714285714    0.42857142857143    0.28571428571429             2
    0.00000000000000   -0.42857142857143    0.28571428571429             2
    0.14285714285714   -0.42857142857143    0.28571428571429             2
    0.28571428571429   -0.42857142857143    0.28571428571429             2
    0.42857142857143   -0.42857142857143    0.28571428571429             2
   -0.42857142857143   -0.42857142857143    0.28571428571429             2
   -0.28571428571429   -0.42857142857143    0.28571428571429             2
   -0.14285714285714   -0.42857142857143    0.28571428571429             2
    0.00000000000000   -0.28571428571429    0.28571428571429             2
    0.14285714285714   -0.28571428571429    0.28571428571429             2
    0.28571428571429   -0.28571428571429    0.28571428571429             2
    0.42857142857143   -0.28571428571429    0.28571428571429             2
   -0.42857142857143   -0.28571428571429    0.28571428571429             2
   -0.28571428571429   -0.28571428571429    0.28571428571429             2
   -0.14285714285714   -0.28571428571429    0.28571428571429             2
    0.00000000000000   -0.14285714285714    0.28571428571429             2
    0.14285714285714   -0.14285714285714    0.28571428571429             2
    0.28571428571429   -0.14285714285714    0.28571428571429             2
    0.42857142857143   -0.14285714285714    0.28571428571429             2
   -0.42857142857143   -0.14285714285714    0.28571428571429             2
   -0.28571428571429   -0.14285714285714    0.28571428571429             2
   -0.14285714285714   -0.14285714285714    0.28571428571429             2
    0.00000000000000    0.00000000000000    0.42857142857143             2
    0.14285714285714    0.00000000000000    0.42857142857143             2
    0.28571428571429    0.00000000000000    0.42857142857143             2
    0.42857142857143    0.00000000000000    0.42857142857143             2
   -0.42857142857143    0.00000000000000    0.42857142857143             2
   -0.28571428571429    0.00000000000000    0.42857142857143             2
   -0.14285714285714    0.00000000000000    0.42857142857143             2
    0.00000000000000    0.14285714285714    0.42857142857143             2
    0.14285714285714    0.14285714285714    0.42857142857143             2
    0.28571428571429    0.14285714285714    0.42857142857143             2
    0.42857142857143    0.14285714285714    0.42857142857143             2
   -0.42857142857143    0.14285714285714    0.42857142857143             2
   -0.28571428571429    0.14285714285714    0.42857142857143             2
   -0.14285714285714    0.14285714285714    0.42857142857143             2
    0.00000000000000    0.28571428571429    0.42857142857143             2
    0.14285714285714    0.28571428571429    0.42857142857143             2
    0.28571428571429    0.28571428571429    0.42857142857143             2
    0.42857142857143    0.28571428571429    0.42857142857143             2
   -0.42857142857143    0.28571428571429    0.42857142857143             2
   -0.28571428571429    0.28571428571429    0.42857142857143             2
   -0.14285714285714    0.28571428571429    0.42857142857143             2
    0.00000000000000    0.42857142857143    0.42857142857143             2
    0.14285714285714    0.42857142857143    0.42857142857143             2
    0.28571428571429    0.42857142857143    0.42857142857143             2
    0.42857142857143    0.42857142857143    0.42857142857143             2
   -0.42857142857143    0.42857142857143    0.42857142857143             2
   -0.28571428571429    0.42857142857143    0.42857142857143             2
   -0.14285714285714    0.42857142857143    0.42857142857143             2
    0.00000000000000   -0.42857142857143    0.42857142857143             2
    0.14285714285714   -0.42857142857143    0.42857142857143             2
    0.28571428571429   -0.42857142857143    0.42857142857143             2
    0.42857142857143   -0.42857142857143    0.42857142857143             2
   -0.42857142857143   -0.42857142857143    0.42857142857143             2
   -0.28571428571429   -0.42857142857143    0.42857142857143             2
   -0.14285714285714   -0.42857142857143    0.42857142857143             2
    0.00000000000000   -0.28571428571429    0.42857142857143             2
    0.14285714285714   -0.28571428571429    0.42857142857143             2
    0.28571428571429   -0.28571428571429    0.42857142857143             2
    0.42857142857143   -0.28571428571429    0.42857142857143             2
   -0.42857142857143   -0.28571428571429    0.42857142857143             2
   -0.28571428571429   -0.28571428571429    0.42857142857143             2
   -0.14285714285714   -0.28571428571429    0.42857142857143             2
    0.00000000000000   -0.14285714285714    0.42857142857143             2
    0.14285714285714   -0.14285714285714    0.42857142857143             2
    0.28571428571429   -0.14285714285714    0.42857142857143             2
    0.42857142857143   -0.14285714285714    0.42857142857143             2
   -0.42857142857143   -0.14285714285714    0.42857142857143             2
   -0.28571428571429   -0.14285714285714    0.42857142857143             2
   -0.14285714285714   -0.14285714285714    0.42857142857143             2
Tetrahedra
      1026    0.00048590864917
         2         1         2         6        26
         2         1         5         6        26
         2         5         6        26        33
         2         2         6        26        27
         2         6        26        27        34
         2         6        26        33        34
         2         2         3         7        27
         2         2         6         7        27
         2         6         7        27        34
         2         3         7        27        28
         2         7        27        28        35
         2         7        27        34        35
         2         3         4         8        28
         2         3         7         8        28
         2         7         8        28        35
         2         4         8        28        29
         2         8        28        29        36
         2         8        28        35        36
         2         4         4         9        29
         2         4         8         9        29
         2         8         9        29        36
         2         4         9        29        30
         2         9        29        30        37
         2         9        29        36        37
         2         3         4        10        30
         2         4         9        10        30
         2         9        10        30        37
         2         3        10        30        31
         2        10        30        31        38
         2        10        30        37        38
         2         2         3        11        31
         2         3        10        11        31
         2        10        11        31        38
         2         2        11        31        32
         2        11        31        32        39
         2        11        31        38        39
         2         1         2         5        32
         2         2         5        11        32
         2         5        11        32        39
         2         1         5        26        32
         2         5        26        32        33
         2         5        32        33        39
         2         5         6        13        33
         2         5        12        13        33
         2        12        13        33        40
         2         6        13        33        34
         2        13        33        34        41
         2        13        33        40        41
         2         6         7        14        34
         2         6        13        14        34
         2        13        14        34        41
         2         7        14        34        35
         2        14        34        35        42
         2        14        34        41        42
         2         7         8        15        35
         2         7        14        15        35
         2        14        15        35        42
         2         8        15        35        36
         2        15        35        36        43
         2        15        35        42        43
         2         8         9        16        36
         2         8        15        16        36
         2        15        16        36        43
         2         9        16        36        37
         2        16        36        37        44
         2        16        36        43        44
         2         9        10        17        37
         2         9        16        17        37
         2        16        17        37        44
         2        10        17        37        38
         2        17        37        38        45
         2        17        37        44        45
         2        10        11        18        38
         2        10        17        18        38
         2        17        18        38        45
         2        11        18        38        39
         2        18        38        39        46
         2        18        38        45        46
         2         5        11        12        39
         2        11        12        18        39
         2        12        18        39        46
         2         5        12        33        39
         2        12        33        39        40
         2        12        39        40        46
         2        12        13        20        40
         2        12        19        20        40
         2        19        20        40        47
         2        13        20        40        41
         2        20        40        41        48
         2        20        40        47        48
         2        13        14        21        41
         2        13        20        21        41
         2        20        21        41        48
         2        14        21        41        42
         2        21        41        42        49
         2        21        41        48        49
         2        14        15        22        42
         2        14        21        22        42
         2        21        22        42        49
         2        15        22        42        43
         2        22        42        43        50
         2        22        42        49        50
         2        15        16        23        43
         2        15        22        23        43
         2        22        23        43        50
         2        16        23        43        44
         2        23        43        44        51
         2        23        43        50        51
         2        16        17        24        44
         2        16        23        24        44
         2        23        24        44        51
         2        17        24        44        45
         2        24        44        45        52
         2        24        44        51        52
         2        17        18        25        45
         2        17        24        25        45
         2        24        25        45        52
         2        18        25        45        46
         2        25        45        46        53
         2        25        45        52        53
         2        12        18        19        46
         2        18        19        25        46
         2        19        25        46        53
         2        12        19        40        46
         2        19        40        46        47
         2        19        46        47        53
         2        19        20        25        47
         2        19        19        25        47
         2        19        25        47        54
         2        20        25        47        48
         2        25        47        48        55
         2        25        47        54        55
         2        20        21        24        48
         2        20        24        25        48
         2        24        25        48        55
         2        21        24        48        49
         2        24        48        49        56
         2        24        48        55        56
         2        21        22        23        49
         2        21        23        24        49
         2        23        24        49        56
         2        22        23        49        50
         2        23        49        50        57
         2        23        49        56        57
         4        22        22        23        50
         2        22        23        50        57
         2        22        23        50        51
         2        22        50        51        58
         2        22        50        57        58
         2        21        23        24        51
         2        21        22        23        51
         2        21        22        51        58
         2        21        24        51        52
         2        21        51        52        59
         2        21        51        58        59
         2        20        24        25        52
         2        20        21        24        52
         2        20        21        52        59
         2        20        25        52        53
         2        20        52        53        60
         2        20        52        59        60
         2        19        19        25        53
         2        19        20        25        53
         2        19        20        53        60
         2        19        19        47        53
         2        19        47        53        54
         2        19        53        54        60
         2        18        19        25        54
         2        12        18        19        54
         2        12        18        54        61
         2        18        25        54        55
         2        18        54        55        62
         2        18        54        61        62
         2        17        24        25        55
         2        17        18        25        55
         2        17        18        55        62
         2        17        24        55        56
         2        17        55        56        63
         2        17        55        62        63
         2        16        23        24        56
         2        16        17        24        56
         2        16        17        56        63
         2        16        23        56        57
         2        16        56        57        64
         2        16        56        63        64
         2        15        22        23        57
         2        15        16        23        57
         2        15        16        57        64
         2        15        22        57        58
         2        15        57        58        65
         2        15        57        64        65
         2        14        21        22        58
         2        14        15        22        58
         2        14        15        58        65
         2        14        21        58        59
         2        14        58        59        66
         2        14        58        65        66
         2        13        20        21        59
         2        13        14        21        59
         2        13        14        59        66
         2        13        20        59        60
         2        13        59        60        67
         2        13        59        66        67
         2        12        19        20        60
         2        12        13        20        60
         2        12        13        60        67
         2        12        19        54        60
         2        12        54        60        61
         2        12        60        61        67
         2        11        12        18        61
         2         5        11        12        61
         2         5        11        61        68
         2        11        18        61        62
         2        11        61        62        69
         2        11        61        68        69
         2        10        17        18        62
         2        10        11        18        62
         2        10        11        62        69
         2        10        17        62        63
         2        10        62        63        70
         2        10        62        69        70
         2         9        16        17        63
         2         9        10        17        63
         2         9        10        63        70
         2         9        16        63        64
         2         9        63        64        71
         2         9        63        70        71
         2         8        15        16        64
         2         8         9        16        64
         2         8         9        64        71
         2         8        15        64        65
         2         8        64        65        72
         2         8        64        71        72
         2         7        14        15        65
         2         7         8        15        65
         2         7         8        65        72
         2         7        14        65        66
         2         7        65        66        73
         2         7        65        72        73
         2         6        13        14        66
         2         6         7        14        66
         2         6         7        66        73
         2         6        13        66        67
         2         6        66        67        74
         2         6        66        73        74
         2         5        12        13        67
         2         5         6        13        67
         2         5         6        67        74
         2         5        12        61        67
         2         5        61        67        68
         2         5        67        68        74
         2         2         5        11        68
         2         1         2         5        68
         2         1         2        26        68
         2         2        11        68        69
         2         2        27        68        69
         2         2        26        27        68
         2         3        10        11        69
         2         2         3        11        69
         2         2         3        27        69
         2         3        10        69        70
         2         3        28        69        70
         2         3        27        28        69
         2         4         9        10        70
         2         3         4        10        70
         2         3         4        28        70
         2         4         9        70        71
         2         4        29        70        71
         2         4        28        29        70
         2         4         8         9        71
         2         4         4         9        71
         2         4         4        29        71
         2         4         8        71        72
         2         4        30        71        72
         2         4        29        30        71
         2         3         7         8        72
         2         3         4         8        72
         2         3         4        30        72
         2         3         7        72        73
         2         3        31        72        73
         2         3        30        31        72
         2         2         6         7        73
         2         2         3         7        73
         2         2         3        31        73
         2         2         6        73        74
         2         2        32        73        74
         2         2        31        32        73
         2         1         5         6        74
         2         1         2         6        74
         2         1         2        32        74
         2         1         5        68        74
         2         1        26        68        74
         2         1        26        32        74
         2        26        27        34        75
         2        26        33        34        75
         2        33        34        75        82
         2        27        34        75        76
         2        34        75        76        83
         2        34        75        82        83
         2        27        28        35        76
         2        27        34        35        76
         2        34        35        76        83
         2        28        35        76        77
         2        35        76        77        84
         2        35        76        83        84
         2        28        29        36        77
         2        28        35        36        77
         2        35        36        77        84
         2        29        36        77        78
         2        36        77        78        85
         2        36        77        84        85
         2        29        30        37        78
         2        29        36        37        78
         2        36        37        78        85
         2        30        37        78        79
         2        37        78        79        86
         2        37        78        85        86
         2        30        31        38        79
         2        30        37        38        79
         2        37        38        79        86
         2        31        38        79        80
         2        38        79        80        87
         2        38        79        86        87
         2        31        32        39        80
         2        31        38        39        80
         2        38        39        80        87
         2        32        39        80        81
         2        39        80        81        88
         2        39        80        87        88
         2        26        32        33        81
         2        32        33        39        81
         2        33        39        81        88
         2        26        33        75        81
         2        33        75        81        82
         2        33        81        82        88
         2        33        34        41        82
         2        33        40        41        82
         2        40        41        82        89
         2        34        41        82        83
         2        41        82        83        90
         2        41        82        89        90
         2        34        35        42        83
         2        34        41        42        83
         2        41        42        83        90
         2        35        42        83        84
         2        42        83        84        91
         2        42        83        90        91
         2        35        36        43        84
         2        35        42        43        84
         2        42        43        84        91
         2        36        43        84        85
         2        43        84        85        92
         2        43        84        91        92
         2        36        37        44        85
         2        36        43        44        85
         2        43        44        85        92
         2        37        44        85        86
         2        44        85        86        93
         2        44        85        92        93
         2        37        38        45        86
         2        37        44        45        86
         2        44        45        86        93
         2        38        45        86        87
         2        45        86        87        94
         2        45        86        93        94
         2        38        39        46        87
         2        38        45        46        87
         2        45        46        87        94
         2        39        46        87        88
         2        46        87        88        95
         2        46        87        94        95
         2        33        39        40        88
         2        39        40        46        88
         2        40        46        88        95
         2        33        40        82        88
         2        40        82        88        89
         2        40        88        89        95
         2        40        41        48        89
         2        40        47        48        89
         2        47        48        89        96
         2        41        48        89        90
         2        48        89        90        97
         2        48        89        96        97
         2        41        42        49        90
         2        41        48        49        90
         2        48        49        90        97
         2        42        49        90        91
         2        49        90        91        98
         2        49        90        97        98
         2        42        43        50        91
         2        42        49        50        91
         2        49        50        91        98
         2        43        50        91        92
         2        50        91        92        99
         2        50        91        98        99
         2        43        44        51        92
         2        43        50        51        92
         2        50        51        92        99
         2        44        51        92        93
         2        51        92        93       100
         2        51        92        99       100
         2        44        45        52        93
         2        44        51        52        93
         2        51        52        93       100
         2        45        52        93        94
         2        52        93        94       101
         2        52        93       100       101
         2        45        46        53        94
         2        45        52        53        94
         2        52        53        94       101
         2        46        53        94        95
         2        53        94        95       102
         2        53        94       101       102
         2        40        46        47        95
         2        46        47        53        95
         2        47        53        95       102
         2        40        47        89        95
         2        47        89        95        96
         2        47        95        96       102
         2        47        48        55        96
         2        47        54        55        96
         2        54        55        96       103
         2        48        55        96        97
         2        55        96        97       104
         2        55        96       103       104
         2        48        49        56        97
         2        48        55        56        97
         2        55        56        97       104
         2        49        56        97        98
         2        56        97        98       105
         2        56        97       104       105
         2        49        50        57        98
         2        49        56        57        98
         2        56        57        98       105
         2        50        57        98        99
         2        57        98        99       106
         2        57        98       105       106
         2        50        51        58        99
         2        50        57        58        99
         2        57        58        99       106
         2        51        58        99       100
         2        58        99       100       107
         2        58        99       106       107
         2        51        52        59       100
         2        51        58        59       100
         2        58        59       100       107
         2        52        59       100       101
         2        59       100       101       108
         2        59       100       107       108
         2        52        53        60       101
         2        52        59        60       101
         2        59        60       101       108
         2        53        60       101       102
         2        60       101       102       109
         2        60       101       108       109
         2        47        53        54       102
         2        53        54        60       102
         2        54        60       102       109
         2        47        54        96       102
         2        54        96       102       103
         2        54       102       103       109
         2        54        55        62       103
         2        54        61        62       103
         2        61        62       103       110
         2        55        62       103       104
         2        62       103       104       111
         2        62       103       110       111
         2        55        56        63       104
         2        55        62        63       104
         2        62        63       104       111
         2        56        63       104       105
         2        63       104       105       112
         2        63       104       111       112
         2        56        57        64       105
         2        56        63        64       105
         2        63        64       105       112
         2        57        64       105       106
         2        64       105       106       113
         2        64       105       112       113
         2        57        58        65       106
         2        57        64        65       106
         2        64        65       106       113
         2        58        65       106       107
         2        65       106       107       114
         2        65       106       113       114
         2        58        59        66       107
         2        58        65        66       107
         2        65        66       107       114
         2        59        66       107       108
         2        66       107       108       115
         2        66       107       114       115
         2        59        60        67       108
         2        59        66        67       108
         2        66        67       108       115
         2        60        67       108       109
         2        67       108       109       116
         2        67       108       115       116
         2        54        60        61       109
         2        60        61        67       109
         2        61        67       109       116
         2        54        61       103       109
         2        61       103       109       110
         2        61       109       110       116
         2        61        62        69       110
         2        61        68        69       110
         2        68        69       110       117
         2        62        69       110       111
         2        69       110       111       118
         2        69       110       117       118
         2        62        63        70       111
         2        62        69        70       111
         2        69        70       111       118
         2        63        70       111       112
         2        70       111       112       119
         2        70       111       118       119
         2        63        64        71       112
         2        63        70        71       112
         2        70        71       112       119
         2        64        71       112       113
         2        71       112       113       120
         2        71       112       119       120
         2        64        65        72       113
         2        64        71        72       113
         2        71        72       113       120
         2        65        72       113       114
         2        72       113       114       121
         2        72       113       120       121
         2        65        66        73       114
         2        65        72        73       114
         2        72        73       114       121
         2        66        73       114       115
         2        73       114       115       122
         2        73       114       121       122
         2        66        67        74       115
         2        66        73        74       115
         2        73        74       115       122
         2        67        74       115       116
         2        74       115       116       123
         2        74       115       122       123
         2        61        67        68       116
         2        67        68        74       116
         2        68        74       116       123
         2        61        68       110       116
         2        68       110       116       117
         2        68       116       117       123
         2        27        68        69       117
         2        26        27        68       117
         2        26        27        75       117
         2        27        69       117       118
         2        27        76       117       118
         2        27        75        76       117
         2        28        69        70       118
         2        27        28        69       118
         2        27        28        76       118
         2        28        70       118       119
         2        28        77       118       119
         2        28        76        77       118
         2        29        70        71       119
         2        28        29        70       119
         2        28        29        77       119
         2        29        71       119       120
         2        29        78       119       120
         2        29        77        78       119
         2        30        71        72       120
         2        29        30        71       120
         2        29        30        78       120
         2        30        72       120       121
         2        30        79       120       121
         2        30        78        79       120
         2        31        72        73       121
         2        30        31        72       121
         2        30        31        79       121
         2        31        73       121       122
         2        31        80       121       122
         2        31        79        80       121
         2        32        73        74       122
         2        31        32        73       122
         2        31        32        80       122
         2        32        74       122       123
         2        32        81       122       123
         2        32        80        81       122
         2        26        68        74       123
         2        26        32        74       123
         2        26        32        81       123
         2        26        68       117       123
         2        26        75       117       123
         2        26        75        81       123
         2        75        76        83       124
         2        75        82        83       124
         2        82        83       124       131
         2        76        83       124       125
         2        83       124       125       132
         2        83       124       131       132
         2        76        77        84       125
         2        76        83        84       125
         2        83        84       125       132
         2        77        84       125       126
         2        84       125       126       133
         2        84       125       132       133
         2        77        78        85       126
         2        77        84        85       126
         2        84        85       126       133
         2        78        85       126       127
         2        85       126       127       134
         2        85       126       133       134
         2        78        79        86       127
         2        78        85        86       127
         2        85        86       127       134
         2        79        86       127       128
         2        86       127       128       135
         2        86       127       134       135
         2        79        80        87       128
         2        79        86        87       128
         2        86        87       128       135
         2        80        87       128       129
         2        87       128       129       136
         2        87       128       135       136
         2        80        81        88       129
         2        80        87        88       129
         2        87        88       129       136
         2        81        88       129       130
         2        88       129       130       137
         2        88       129       136       137
         2        75        81        82       130
         2        81        82        88       130
         2        82        88       130       137
         2        75        82       124       130
         2        82       124       130       131
         2        82       130       131       137
         2        82        83        90       131
         2        82        89        90       131
         2        89        90       131       138
         2        83        90       131       132
         2        90       131       132       139
         2        90       131       138       139
         2        83        84        91       132
         2        83        90        91       132
         2        90        91       132       139
         2        84        91       132       133
         2        91       132       133       140
         2        91       132       139       140
         2        84        85        92       133
         2        84        91        92       133
         2        91        92       133       140
         2        85        92       133       134
         2        92       133       134       141
         2        92       133       140       141
         2        85        86        93       134
         2        85        92        93       134
         2        92        93       134       141
         2        86        93       134       135
         2        93       134       135       142
         2        93       134       141       142
         2        86        87        94       135
         2        86        93        94       135
         2        93        94       135       142
         2        87        94       135       136
         2        94       135       136       143
         2        94       135       142       143
         2        87        88        95       136
         2        87        94        95       136
         2        94        95       136       143
         2        88        95       136       137
         2        95       136       137       144
         2        95       136       143       144
         2        82        88        89       137
         2        88        89        95       137
         2        89        95       137       144
         2        82        89       131       137
         2        89       131       137       138
         2        89       137       138       144
         2        89        90        97       138
         2        89        96        97       138
         2        96        97       138       145
         2        90        97       138       139
         2        97       138       139       146
         2        97       138       145       146
         2        90        91        98       139
         2        90        97        98       139
         2        97        98       139       146
         2        91        98       139       140
         2        98       139       140       147
         2        98       139       146       147
         2        91        92        99       140
         2        91        98        99       140
         2        98        99       140       147
         2        92        99       140       141
         2        99       140       141       148
         2        99       140       147       148
         2        92        93       100       141
         2        92        99       100       141
         2        99       100       141       148
         2        93       100       141       142
         2       100       141       142       149
         2       100       141       148       149
         2        93        94       101       142
         2        93       100       101       142
         2       100       101       142       149
         2        94       101       142       143
         2       101       142       143       150
         2       101       142       149       150
         2        94        95       102       143
         2        94       101       102       143
         2       101       102       143       150
         2        95       102       143       144
         2       102       143       144       151
         2       102       143       150       151
         2        89        95        96       144
         2        95        96       102       144
         2        96       102       144       151
         2        89        96       138       144
         2        96       138       144       145
         2        96       144       145       151
         2        96        97       104       145
         2        96       103       104       145
         2       103       104       145       152
         2        97       104       145       146
         2       104       145       146       153
         2       104       145       152       153
         2        97        98       105       146
         2        97       104       105       146
         2       104       105       146       153
         2        98       105       146       147
         2       105       146       147       154
         2       105       146       153       154
         2        98        99       106       147
         2        98       105       106       147
         2       105       106       147       154
         2        99       106       147       148
         2       106       147       148       155
         2       106       147       154       155
         2        99       100       107       148
         2        99       106       107       148
         2       106       107       148       155
         2       100       107       148       149
         2       107       148       149       156
         2       107       148       155       156
         2       100       101       108       149
         2       100       107       108       149
         2       107       108       149       156
         2       101       108       149       150
         2       108       149       150       157
         2       108       149       156       157
         2       101       102       109       150
         2       101       108       109       150
         2       108       109       150       157
         2       102       109       150       151
         2       109       150       151       158
         2       109       150       157       158
         2        96       102       103       151
         2       102       103       109       151
         2       103       109       151       158
         2        96       103       145       151
         2       103       145       151       152
         2       103       151       152       158
         2       103       104       111       152
         2       103       110       111       152
         2       110       111       152       159
         2       104       111       152       153
         2       111       152       153       160
         2       111       152       159       160
         2       104       105       112       153
         2       104       111       112       153
         2       111       112       153       160
         2       105       112       153       154
         2       112       153       154       161
         2       112       153       160       161
         2       105       106       113       154
         2       105       112       113       154
         2       112       113       154       161
         2       106       113       154       155
         2       113       154       155       162
         2       113       154       161       162
         2       106       107       114       155
         2       106       113       114       155
         2       113       114       155       162
         2       107       114       155       156
         2       114       155       156       163
         2       114       155       162       163
         2       107       108       115       156
         2       107       114       115       156
         2       114       115       156       163
         2       108       115       156       157
         2       115       156       157       164
         2       115       156       163       164
         2       108       109       116       157
         2       108       115       116       157
         2       115       116       157       164
         2       109       116       157       158
         2       116       157       158       165
         2       116       157       164       165
         2       103       109       110       158
         2       109       110       116       158
         2       110       116       158       165
         2       103       110       152       158
         2       110       152       158       159
         2       110       158       159       165
         2       110       111       118       159
         2       110       117       118       159
         2       117       118       159       166
         2       111       118       159       160
         2       118       159       160       167
         2       118       159       166       167
         2       111       112       119       160
         2       111       118       119       160
         2       118       119       160       167
         2       112       119       160       161
         2       119       160       161       168
         2       119       160       167       168
         2       112       113       120       161
         2       112       119       120       161
         2       119       120       161       168
         2       113       120       161       162
         2       120       161       162       169
         2       120       161       168       169
         2       113       114       121       162
         2       113       120       121       162
         2       120       121       162       169
         2       114       121       162       163
         2       121       162       163       170
         2       121       162       169       170
         2       114       115       122       163
         2       114       121       122       163
         2       121       122       163       170
         2       115       122       163       164
         2       122       163       164       171
         2       122       163       170       171
         2       115       116       123       164
         2       115       122       123       164
         2       122       123       164       171
         2       116       123       164       165
         2       123       164       165       172
         2       123       164       171       172
         2       110       116       117       165
         2       116       117       123       165
         2       117       123       165       172
         2       110       117       159       165
         2       117       159       165       166
         2       117       165       166       172
         2        76       117       118       166
         2        75        76       117       166
         2        75        76       124       166
         2        76       118       166       167
         2        76       125       166       167
         2        76       124       125       166
         2        77       118       119       167
         2        76        77       118       167
         2        76        77       125       167
         2        77       119       167       168
         2        77       126       167       168
         2        77       125       126       167
         2        78       119       120       168
         2        77        78       119       168
         2        77        78       126       168
         2        78       120       168       169
         2        78       127       168       169
         2        78       126       127       168
         2        79       120       121       169
         2        78        79       120       169
         2        78        79       127       169
         2        79       121       169       170
         2        79       128       169       170
         2        79       127       128       169
         2        80       121       122       170
         2        79        80       121       170
         2        79        80       128       170
         2        80       122       170       171
         2        80       129       170       171
         2        80       128       129       170
         2        81       122       123       171
         2        80        81       122       171
         2        80        81       129       171
         2        81       123       171       172
         2        81       130       171       172
         2        81       129       130       171
         2        75       117       123       172
         2        75        81       123       172
         2        75        81       130       172
         2        75       117       166       172
         2        75       124       166       172
         2        75       124       130       172
         2       124       124       125       132
         2       124       124       131       132
         2       124       131       132       166
         2       124       125       130       132
         2       124       130       132       172
         2       124       132       166       172
         2       125       126       130       133
         2       125       130       132       133
         2       130       132       133       172
         2       126       129       130       133
         2       129       130       133       171
         2       130       133       171       172
         2       126       127       129       134
         2       126       129       133       134
         2       129       133       134       171
         2       127       128       129       134
         2       128       129       134       170
         2       129       134       170       171
         4       127       128       128       135
         2       127       128       134       135
         2       128       134       135       170
         2       127       128       135       169
         2       128       135       169       170
         2       127       128       129       136
         2       127       128       135       136
         2       127       135       136       169
         2       126       127       129       136
         2       126       127       136       168
         2       127       136       168       169
         2       126       129       130       137
         2       126       129       136       137
         2       126       136       137       168
         2       125       126       130       137
         2       125       126       137       167
         2       126       137       167       168
         2       124       125       130       131
         2       125       130       131       137
         2       125       131       137       167
         2       124       124       125       131
         2       124       125       131       166
         2       125       131       166       167
         2       131       132       139       166
         2       131       138       139       166
         2       138       139       159       166
         2       132       139       166       172
         2       139       165       166       172
         2       139       159       165       166
         2       132       133       140       172
         2       132       139       140       172
         2       139       140       165       172
         2       133       140       171       172
         2       140       164       171       172
         2       140       164       165       172
         2       133       134       141       171
         2       133       140       141       171
         2       140       141       164       171
         2       134       141       170       171
         2       141       163       170       171
         2       141       163       164       171
         2       134       135       142       170
         2       134       141       142       170
         2       141       142       163       170
         2       135       142       169       170
         2       142       162       169       170
         2       142       162       163       170
         2       135       136       143       169
         2       135       142       143       169
         2       142       143       162       169
         2       136       143       168       169
         2       143       161       168       169
         2       143       161       162       169
         2       136       137       144       168
         2       136       143       144       168
         2       143       144       161       168
         2       137       144       167       168
         2       144       160       167       168
         2       144       160       161       168
         2       131       137       138       167
         2       137       138       144       167
         2       138       144       160       167
         2       131       138       166       167
         2       138       159       166       167
         2       138       159       160       167
         2       138       139       146       159
         2       138       145       146       159
         2       145       146       152       159
         2       139       146       159       165
         2       146       158       159       165
         2       146       152       158       159
         2       139       140       147       165
         2       139       146       147       165
         2       146       147       158       165
         2       140       147       164       165
         2       147       157       164       165
         2       147       157       158       165
         2       140       141       148       164
         2       140       147       148       164
         2       147       148       157       164
         2       141       148       163       164
         2       148       156       163       164
         2       148       156       157       164
         2       141       142       149       163
         2       141       148       149       163
         2       148       149       156       163
         2       142       149       162       163
         2       149       155       162       163
         2       149       155       156       163
         2       142       143       150       162
         2       142       149       150       162
         2       149       150       155       162
         2       143       150       161       162
         2       150       154       161       162
         2       150       154       155       162
         2       143       144       151       161
         2       143       150       151       161
         2       150       151       154       161
         2       144       151       160       161
         2       151       153       160       161
         2       151       153       154       161
         2       138       144       145       160
         2       144       145       151       160
         2       145       151       153       160
         2       138       145       159       160
         2       145       152       159       160
         2       145       152       153       160
         2       145       146       152       153
         4       145       152       152       153
         2       146       152       153       158
         2       151       152       153       158
         2       145       151       152       153
         2       146       147       154       158
         2       146       153       154       158
         2       151       153       154       158
         2       147       154       157       158
         2       150       154       157       158
         2       150       151       154       158
         2       147       148       155       157
         2       147       154       155       157
         2       150       154       155       157
         2       148       155       156       157
         2       149       155       156       157
         2       149       150       155       157
         2       148       149       156       156
         2       148       155       156       156
         2       149       155       156       156
