32   
4    

1    
  0.0034255997538186  -0.0000013328345419   0.0093949595289277
  -0.2224213700    0.0073664600   -0.1343275400
   0.0274508100    0.0063975200   -0.0051743900
  -0.0089280600   -0.0146206100   -0.0051099300
  -0.0090234800    0.0275257600   -0.0053361700
  -0.0126200100    0.0061922300    0.0018735500
  -0.0126007500    0.0061921300    0.0018986600
  -0.0126094300    0.0061868400    0.0018990500
  -0.0126092200    0.0061971100    0.0018985000
   0.0114984600   -0.0071858600   -0.0019656400
   0.0113280600   -0.0072736000   -0.0020241000
   0.0114888900   -0.0070832400   -0.0019923900
   0.0113126900   -0.0071914100   -0.0013350100
   0.0114007500   -0.0058466700   -0.0020448000
   0.0115513300   -0.0059207200   -0.0019880900
   0.0115391600   -0.0060210400   -0.0020177400
   0.0113760800   -0.0059355500   -0.0012792900
   0.0094819100   -0.0059846700    0.0121695600
   0.0365668100   -0.0067040500    0.0471759900
   0.0818790600    0.0200639100    0.0475920800
   0.0820028800   -0.0322623400    0.0467101600
   0.0119254700   -0.0058461400   -0.0002709600
   0.0119263200   -0.0058461500   -0.0002556600
   0.0119258600   -0.0058465800   -0.0002568600
   0.0119261400   -0.0058459100   -0.0002537400
  -0.0111124800    0.0068856800    0.0007135800
  -0.0106483300    0.0069895600    0.0007377300
  -0.0109700100    0.0065509800    0.0007273200
  -0.0108086100    0.0068095800    0.0000468600
  -0.0103606700    0.0053503900    0.0007363100
  -0.0107386200    0.0054557400    0.0006949600
  -0.0106417800    0.0057343200    0.0007055400
  -0.0104878600    0.0055163400    0.0000524500

1    
 -0.0034255997538186   0.0000013328345419  -0.0093949595289277
   0.2005501000    0.0073940300    0.1343141800
  -0.0492669600    0.0064040900    0.0052116400
  -0.0128171300    0.0274771200    0.0052735300
  -0.0129057700   -0.0146482800    0.0052421300
  -0.0109550400    0.0066557100   -0.0018321800
  -0.0109759600    0.0066543700   -0.0018611800
  -0.0109662600    0.0066561800   -0.0018597400
  -0.0109681000    0.0066464900   -0.0018616500
   0.0109351500   -0.0071198200    0.0019685200
   0.0110939100   -0.0070390700    0.0020267600
   0.0109468400   -0.0072197100    0.0019955800
   0.0111058300   -0.0071194100    0.0012603900
   0.0111220300   -0.0058056500    0.0019734000
   0.0109557300   -0.0057444900    0.0019137200
   0.0109793500   -0.0056318100    0.0019448800
   0.0111240200   -0.0057207900    0.0012835000
   0.0109723400   -0.0060642200   -0.0121927000
  -0.0161365300   -0.0065999100   -0.0472075200
  -0.0617484600   -0.0323863900   -0.0467777800
  -0.0612423200    0.0199181300   -0.0475836600
   0.0102541900   -0.0062170400    0.0002732800
   0.0102511100   -0.0062164100    0.0002579500
   0.0102512800   -0.0062138600    0.0002573100
   0.0102519900   -0.0062143000    0.0002560200
  -0.0103430500    0.0066734400   -0.0006717000
  -0.0107336000    0.0065779100   -0.0006953600
  -0.0104529100    0.0069539500   -0.0006865800
  -0.0106078800    0.0067371100   -0.0000227100
  -0.0103982600    0.0054828800   -0.0007518300
  -0.0099494500    0.0053807900   -0.0006971300
  -0.0100928200    0.0050427800   -0.0007090100
  -0.0102333800    0.0053061800   -0.0000420700

17   
  0.0034255997538186  -0.0000013328345419   0.0093949595289277
  -0.0120609700    0.0067202100    0.0107716000
   0.0150155800    0.0072550000    0.0457838700
   0.0606407300    0.0330372400    0.0453514500
   0.0601411200   -0.0192809500    0.0461584700
  -0.0122424000    0.0068363700   -0.0016920100
  -0.0122419400    0.0068361100   -0.0016759400
  -0.0122418300    0.0068367300   -0.0016776000
  -0.0122426900    0.0068370200   -0.0016725500
   0.0109684200   -0.0070806200    0.0020711600
   0.0110755500   -0.0069954100    0.0022089500
   0.0109510900   -0.0071026000    0.0021359200
   0.0110892700   -0.0070567100    0.0014640100
   0.0105622300   -0.0055088300    0.0021839400
   0.0104675000   -0.0053805900    0.0020189400
   0.0104083500   -0.0053892300    0.0020929500
   0.0105824100   -0.0054292200    0.0014340400
  -0.2008377200   -0.0072267100   -0.1354380700
   0.0487955900   -0.0062480200   -0.0072850200
   0.0128813300   -0.0270072200   -0.0073447500
   0.0129797200    0.0145041800   -0.0073293300
   0.0114692400   -0.0064005500    0.0002962700
   0.0114641100   -0.0063994500    0.0001798800
   0.0114647400   -0.0064005600    0.0001796300
   0.0114666100   -0.0064022200    0.0001802700
  -0.0107038400    0.0067404100   -0.0000090000
  -0.0103690000    0.0067400500    0.0000871600
  -0.0105342300    0.0064547200    0.0000253900
  -0.0105417600    0.0066374900   -0.0002427500
  -0.0094260900    0.0048694900    0.0000844400
  -0.0097645100    0.0048689100   -0.0000632100
  -0.0095909500    0.0051593800   -0.0000042100
  -0.0096256700    0.0049755700   -0.0002739000

17   
 -0.0034255997538186   0.0000013328345419  -0.0093949595289277
  -0.0111534200    0.0068409800   -0.0105888200
  -0.0382433400    0.0075622500   -0.0456032700
  -0.0835475200   -0.0191919600   -0.0460232700
  -0.0836660000    0.0331145700   -0.0451311200
  -0.0116014100    0.0067580100    0.0018714300
  -0.0116000600    0.0067570800    0.0018564400
  -0.0115996200    0.0067599300    0.0018539100
  -0.0116019900    0.0067603100    0.0018563500
   0.0111170000   -0.0070175000   -0.0022319800
   0.0110158000   -0.0070983000   -0.0023664700
   0.0111332200   -0.0069934300   -0.0022919200
   0.0109951000   -0.0070387700   -0.0016345200
   0.0104488000   -0.0052464600   -0.0023836200
   0.0105415900   -0.0053874900   -0.0022278700
   0.0106135800   -0.0053790700   -0.0023003600
   0.0104348000   -0.0053399700   -0.0016272100
   0.2226769400   -0.0073995200    0.1353957900
  -0.0269498400   -0.0064222500    0.0072460200
   0.0088621700    0.0142654100    0.0071840000
   0.0089561900   -0.0272377100    0.0074135500
   0.0109835600   -0.0063999100   -0.0003213200
   0.0109870400   -0.0063979100   -0.0002026800
   0.0109845200   -0.0064024500   -0.0002026700
   0.0109876200   -0.0064018200   -0.0002028000
  -0.0104295300    0.0065955300    0.0000603400
  -0.0107613100    0.0066019700   -0.0000380600
  -0.0106030800    0.0068858900    0.0000202700
  -0.0105940100    0.0067027500    0.0002834400
  -0.0097805500    0.0050401600   -0.0000672200
  -0.0094356500    0.0050272400    0.0000829300
  -0.0096005500    0.0047478000    0.0000217600
  -0.0095700400    0.0049346300    0.0002989800
