16   
1    

1    
  0.0100000000000000   0.0000000000000000   0.0000000000000000
  -0.3170830800   -0.0023319000   -0.0016489000
   0.0498386100    0.0000150100    0.0000106100
   0.0000005100    0.0287287200   -0.0096681600
   0.0000326700   -0.0287965400    0.0095752300
   0.0000005100    0.0004610100    0.0303084100
   0.0000326700   -0.0005712400   -0.0303413800
  -0.0008772200   -0.0000364600   -0.0000257800
   0.0033147300    0.0000069200    0.0000048900
   0.0748701000    0.0049615900    0.0035083800
   0.0711395600   -0.0027405800   -0.0019378800
   0.0663551500    0.0001288100    0.0001764900
  -0.0054828200   -0.0000375600    0.0000214200
   0.0663551500    0.0002093300    0.0000626100
  -0.0054828200    0.0000076700   -0.0000425500
  -0.0015147700   -0.0022981300   -0.0016250200
  -0.0014989600    0.0022933500    0.0016216400
