   1371.9283
   3520.4209
   2314.8358
    868.1862
   4 1   1   0.01     1.0   40.0                                                                                                                                                                         
    782.6217
    953.0989
    868.2140
    782.6217
   4 1   3   0.01     8.0   40.0                                                                                                                                                                         
    810.0955
    755.7910
    782.6199
    595.6995
   4 1   2   0.001  -16.0   16.0                                                                                                                                                                         
    218.0697
   1234.2789
    595.6995
    108.9938
   4 1   3   0.01     8.0   40.0                                                                                                                                                                         
    111.0033
    107.5816
    108.9938
    106.5379
   4 1   2   0.001  -16.0   16.0                                                                                                                                                                         
    206.4137
    267.1039
    106.5379
    104.8056
   4 1   3   0.01     8.0   40.0                                                                                                                                                                         
    103.9202
    106.2818
    104.8056
    103.6269
   4 1   2   0.001  -16.0   16.0                                                                                                                                                                         
    205.8999
    262.1505
    103.6269
    102.1183
   4 1   1   0.01     1.0   40.0                                                                                                                                                                         
     99.5727
    139.3254
    102.1183
     96.3055
   4 1   3   0.01     8.0   40.0                                                                                                                                                                         
     95.2093
     97.9700
     96.3055
     94.6325
   4 1   2   0.001  -16.0   16.0                                                                                                                                                                         
    213.6080
    236.5952
     94.6325
     94.6325
   4 1   1   0.01     1.0   40.0                                                                                                                                                                         
    110.6125
    112.8090
     94.6325
     94.5956
   4 1   2   0.001  -16.0   16.0                                                                                                                                                                         
    215.1031
    235.0034
     94.5956
     94.9052
    122.2349
    132.1851
     94.5956
     94.9052
    103.3518
    101.8040
     94.5956
     94.5956
   4 1   1   0.01     1.0   40.0                                                                                                                                                                         
    112.0132
    111.4569
     94.5956
     94.5997
   4 1   3   0.01     8.0   40.0                                                                                                                                                                         
     94.8712
     94.8993
     94.5997
     94.5996
   4 1   1   0.01     1.0   40.0                                                                                                                                                                         
    111.6372
    111.7959
     94.5996
     94.5996
   4 1   3   0.01     8.0   40.0                                                                                                                                                                         
     94.8825
     94.8877
     94.5996
     94.5996
   4 1   1   0.01     1.0   40.0                                                                                                                                                                         
    111.6372
    111.7959
     94.5996
     94.5996
   4 1   2   0.001  -16.0   16.0                                                                                                                                                                         
    214.4889
    235.6347
     94.5996
     94.8469
    121.9287
    132.5016
     94.5996
     94.8469
    103.1693
    101.9326
     94.5996
     94.5996
   4 1   1   0.01     1.0   40.0                                                                                                                                                                         
    111.6372
    111.7959
     94.5996
     94.5996
   4 1   2   0.001  -16.0   16.0                                                                                                                                                                         
    214.4889
    235.6347
     94.5996
     94.5996
   4 1   1   0.01     1.0   40.0                                                                                                                                                                         
    111.6372
    111.7959
     94.5996
     94.5953
   4 1   3   0.01     8.0   40.0                                                                                                                                                                         
     94.8714
     94.8899
     94.5953
     94.5952
   4 1   2   0.001  -16.0   16.0                                                                                                                                                                         
    214.6368
    235.4760
     94.5952
     94.8579
    122.0007
    132.4203
     94.5952
     94.8579
    103.2109
    101.8976
     94.5952
     94.5952
   4 1   2   0.001  -16.0   16.0                                                                                                                                                                         
    214.6368
    235.4760
     94.5952
     94.8579
    122.0007
    132.4203
     94.5952
     94.8579
    103.2109
    101.8976
     94.5952
     94.5952
   4 1   1   0.01     1.0   40.0                                                                                                                                                                         
    111.9727
    111.4688
     94.5952
     94.5996
   4 1   3   0.01     8.0   40.0                                                                                                                                                                         
     94.8940
     94.8764
     94.5996
     94.5996
   4 1   2   0.001  -16.0   16.0                                                                                                                                                                         
    214.3724
    235.7530
     94.5996
     94.8352
    121.8702
    132.5605
     94.5996
     94.8352
    103.1342
    101.9562
     94.5996
     94.5996
   4 1   3   0.01     8.0   40.0                                                                                                                                                                         
     94.8882
     94.8820
     94.5996
     94.5996
   4 1   2   0.001  -16.0   16.0                                                                                                                                                                         
    214.4889
    235.6347
     94.5996
     94.8469
    121.9287
    132.5016
     94.5996
     94.8469
    103.1693
    101.9326
     94.5996
     94.5996
   4 1   3   0.01     8.0   40.0                                                                                                                                                                         
     94.8825
     94.8877
     94.5996
     94.5996
   4 1   2   0.001  -16.0   16.0                                                                                                                                                                         
    214.4889
    235.6347
     94.5996
     94.5996
   4 1   1   0.01     1.0   40.0                                                                                                                                                                         
    111.6372
    111.7959
     94.5996
     94.5996
   4 1   3   0.01     8.0   40.0                                                                                                                                                                         
     94.8825
     94.8877
     94.5996
     94.5996
   4 1   2   0.001  -16.0   16.0                                                                                                                                                                         
    214.3724
    235.7530
     94.5996
     94.8352
    121.8702
    132.5605
     94.5996
     94.8352
    103.1342
    101.9562
     94.5996
     94.5996
   4 1   1   0.01     1.0   40.0                                                                                                                                                                         
    111.6272
    111.7989
     94.5996
     94.5996
   4 1   2   0.001  -16.0   16.0                                                                                                                                                                         
    214.3724
    235.7530
     94.5996
     94.8352
    121.8702
    132.5605
     94.5996
     94.8352
    103.1342
    101.9562
     94.5996
     94.5996
   4 1   1   0.01     1.0   40.0                                                                                                                                                                         
    111.6272
    111.7989
     94.5996
     94.5953
   4 1   3   0.01     8.0   40.0                                                                                                                                                                         
     94.8770
     94.8841
     94.5953
     94.5952
   4 1   1   0.01     1.0   40.0                                                                                                                                                                         
    111.9727
    111.4688
     94.5952
     94.5996
   4 1   3   0.01     8.0   40.0                                                                                                                                                                         
     94.8940
     94.8764
     94.5996
     94.5996
   4 1   1   0.01     1.0   40.0                                                                                                                                                                         
    111.6372
    111.7959
     94.5996
     94.5996
   4 1   2   0.001  -16.0   16.0                                                                                                                                                                         
    214.4889
    235.6347
     94.5996
     94.8469
    121.9287
    132.5016
     94.5996
     94.8469
    103.1693
    101.9326
     94.5996
     94.5996
   4 1   1   0.01     1.0   40.0                                                                                                                                                                         
    111.6372
    111.7959
     94.5996
     94.5996
   4 1   2   0.001  -16.0   16.0                                                                                                                                                                         
    214.4889
    235.6347
     94.5996
     94.8469
    121.9287
    132.5016
     94.5996
     94.8469
    103.1693
    101.9326
     94.5996
     94.5996
   4 1   1   0.01     1.0   40.0                                                                                                                                                                         
    111.6372
    111.7959
     94.5996
     94.5953
   4 1   3   0.01     8.0   40.0                                                                                                                                                                         
     94.8714
     94.8899
     94.5953
     94.5952
   4 1   2   0.001  -16.0   16.0                                                                                                                                                                         
    214.6368
    235.4760
     94.5952
     94.5952
   4 1   2   0.001  -16.0   16.0                                                                                                                                                                         
    214.6368
    235.4760
     94.5952
     94.8579
    122.0007
    132.4203
     94.5952
     94.8579
    103.2109
    101.8976
     94.5952
     94.5952
   4 1   1   0.01     1.0   40.0                                                                                                                                                                         
    111.9727
    111.4688
     94.5952
     94.5996
   4 1   3   0.01     8.0   40.0                                                                                                                                                                         
     94.8940
     94.8764
     94.5996
     94.5996
   4 1   2   0.001  -16.0   16.0                                                                                                                                                                         
    214.4889
    235.6347
     94.5996
     94.8469
    121.9287
    132.5016
     94.5996
     94.8469
    103.1693
    101.9326
     94.5996
     94.5996
   4 1   3   0.01     8.0   40.0                                                                                                                                                                         
     94.8825
     94.8877
     94.5996
     94.5996
   4 1   2   0.001  -16.0   16.0                                                                                                                                                                         
    214.3724
    235.7530
     94.5996
     94.8352
    121.8702
    132.5605
     94.5996
     94.8352
    103.1342
    101.9562
     94.5996
     94.5996
   4 1   3   0.01     8.0   40.0                                                                                                                                                                         
     94.8882
     94.8820
     94.5996
     94.5996
   4 1   2   0.001  -16.0   16.0                                                                                                                                                                         
    214.4889
    235.6347
     94.5996
     94.8469
    121.9287
    132.5016
     94.5996
     94.8469
    103.1693
    101.9326
     94.5996
     94.5996
   4 1   1   0.01     1.0   40.0                                                                                                                                                                         
    111.6372
    111.7959
     94.5996
     94.5996
   4 1   3   0.01     8.0   40.0                                                                                                                                                                         
     94.8825
     94.8877
     94.5996
     94.5996
   4 1   2   0.001  -16.0   16.0                                                                                                                                                                         
    214.4889
    235.6347
     94.5996
     94.8469
    121.9287
    132.5016
     94.5996
     94.8469
    103.1693
    101.9326
     94.5996
     94.5996
   4 1   1   0.01     1.0   40.0                                                                                                                                                                         
    111.6372
    111.7959
     94.5996
     94.5996
   4 1   2   0.001  -16.0   16.0                                                                                                                                                                         
    214.4889
    235.6347
     94.5996
     94.5996
   4 1   1   0.01     1.0   40.0                                                                                                                                                                         
    111.6372
    111.7959
     94.5996
     94.5953
   4 1   3   0.01     8.0   40.0                                                                                                                                                                         
     94.8714
     94.8899
     94.5953
     94.5952
   4 1   1   0.01     1.0   40.0                                                                                                                                                                         
    111.9727
    111.4688
     94.5952
     94.5996
   4 1   3   0.01     8.0   40.0                                                                                                                                                                         
     94.8940
     94.8764
     94.5996
     94.5996
   4 1   1   0.01     1.0   40.0                                                                                                                                                                         
    111.6272
    111.7989
     94.5996
     94.5996
   4 1   2   0.001  -16.0   16.0                                                                                                                                                                         
    214.3724
    235.7530
     94.5996
     94.8352
    121.8702
    132.5605
     94.5996
     94.8352
    103.1342
    101.9562
     94.5996
     94.5996
   4 1   1   0.01     1.0   40.0                                                                                                                                                                         
    111.6272
    111.7989
     94.5996
     94.5996
   4 1   2   0.001  -16.0   16.0                                                                                                                                                                         
    214.3724
    235.7530
     94.5996
     94.8352
    121.8702
    132.5605
     94.5996
     94.8352
    103.1342
    101.9562
     94.5996
     94.5996
   4 1   1   0.01     1.0   40.0                                                                                                                                                                         
    111.6272
    111.7989
     94.5996
     94.5953
   4 1   3   0.01     8.0   40.0                                                                                                                                                                         
     94.8770
     94.8841
     94.5953
     94.5953
   4 1   2   0.001  -16.0   16.0                                                                                                                                                                         
    214.7533
    235.3577
     94.5953
     94.8696
    122.0592
    132.3614
     94.5953
     94.8696
    103.2460
    101.8741
     94.5953
     94.5953
   4 1   2   0.001  -16.0   16.0                                                                                                                                                                         
    214.7533
    235.3577
     94.5953
     94.8696
    122.0592
    132.3614
     94.5953
     94.8696
    103.2460
    101.8741
     94.5953
     94.5953
   4 1   1   0.01     1.0   40.0                                                                                                                                                                         
    111.9827
    111.4657
     94.5953
     94.5996
   4 1   3   0.01     8.0   40.0                                                                                                                                                                         
     94.8882
     94.8820
     94.5996
     94.5996
   4 1   2   0.001  -16.0   16.0                                                                                                                                                                         
    214.3724
    235.7530
     94.5996
     94.5996
   4 1   3   0.01     8.0   40.0                                                                                                                                                                         
     94.8882
     94.8820
     94.5996
     94.5996
   4 1   2   0.001  -16.0   16.0                                                                                                                                                                         
    214.4889
    235.6347
     94.5996
     94.8469
    121.9287
    132.5016
     94.5996
     94.8469
    103.1693
    101.9326
     94.5996
     94.5996
   4 1   3   0.01     8.0   40.0                                                                                                                                                                         
     94.8825
     94.8877
     94.5996
     94.5996
   4 1   2   0.001  -16.0   16.0                                                                                                                                                                         
    214.3724
    235.7530
     94.5996
     94.8352
    121.8702
    132.5605
     94.5996
     94.8352
    103.1342
    101.9562
     94.5996
     94.5996
   4 1   1   0.01     1.0   40.0                                                                                                                                                                         
    111.6272
    111.7989
     94.5996
     94.5996
   4 1   3   0.01     8.0   40.0                                                                                                                                                                         
     94.8882
     94.8820
     94.5996
     94.5996
   4 1   2   0.001  -16.0   16.0                                                                                                                                                                         
    214.4889
    235.6347
     94.5996
     94.8469
    121.9287
    132.5016
     94.5996
     94.8469
    103.1693
    101.9326
     94.5996
     94.5996
   4 1   1   0.01     1.0   40.0                                                                                                                                                                         
    111.6372
    111.7959
     94.5996
     94.5996
   4 1   2   0.001  -16.0   16.0                                                                                                                                                                         
    214.4889
    235.6347
     94.5996
     94.8469
    121.9287
    132.5016
     94.5996
     94.8469
    103.1693
    101.9326
     94.5996
     94.5996
   4 1   1   0.01     1.0   40.0                                                                                                                                                                         
    111.6372
    111.7959
     94.5996
     94.5953
   4 1   3   0.01     8.0   40.0                                                                                                                                                                         
     94.8714
     94.8899
     94.5953
     94.5952
   4 1   1   0.01     1.0   40.0                                                                                                                                                                         
    111.9727
    111.4688
     94.5952
     94.5996
   4 1   3   0.01     8.0   40.0                                                                                                                                                                         
     94.8940
     94.8764
     94.5996
     94.5996
   4 1   1   0.01     1.0   40.0                                                                                                                                                                         
    111.6372
    111.7959
     94.5996
     94.5996
   4 1   2   0.001  -16.0   16.0                                                                                                                                                                         
    214.4889
    235.6347
     94.5996
     94.5996
   4 1   1   0.01     1.0   40.0                                                                                                                                                                         
    111.6372
    111.7959
     94.5996
     94.5996
   4 1   2   0.001  -16.0   16.0                                                                                                                                                                         
    214.4889
    235.6347
     94.5996
     94.8469
    121.9287
    132.5016
     94.5996
     94.8469
    103.1693
    101.9326
     94.5996
     94.5996
   4 1   1   0.01     1.0   40.0                                                                                                                                                                         
    111.6372
    111.7959
     94.5996
     94.5953
   4 1   3   0.01     8.0   40.0                                                                                                                                                                         
     94.8714
     94.8899
     94.5953
     94.5952
   4 1   2   0.001  -16.0   16.0                                                                                                                                                                         
    214.6368
    235.4760
     94.5952
     94.8579
    122.0007
    132.4203
     94.5952
     94.8579
    103.2109
    101.8976
     94.5952
     94.5952
   4 1   2   0.001  -16.0   16.0                                                                                                                                                                         
    214.6368
    235.4760
     94.5952
     94.8579
    122.0007
    132.4203
     94.5952
     94.8579
    103.2109
    101.8976
     94.5952
     94.5952
   4 1   1   0.01     1.0   40.0                                                                                                                                                                         
    111.9727
    111.4688
     94.5952
     94.5996
   4 1   3   0.01     8.0   40.0                                                                                                                                                                         
     94.8940
     94.8764
     94.5996
     94.5996
   4 1   2   0.001  -16.0   16.0                                                                                                                                                                         
    214.4889
    235.6347
     94.5996
     94.8469
    121.9287
    132.5016
     94.5996
     94.8469
    103.1693
    101.9326
     94.5996
     94.5996
   4 1   3   0.01     8.0   40.0                                                                                                                                                                         
     94.8825
     94.8877
     94.5996
     94.5996
   4 1   2   0.001  -16.0   16.0                                                                                                                                                                         
    214.3724
    235.7530
     94.5996
     94.5996
   4 1   3   0.01     8.0   40.0                                                                                                                                                                         
     94.8882
     94.8820
     94.5996
     94.5996
   4 1   2   0.001  -16.0   16.0                                                                                                                                                                         
    214.4889
    235.6347
     94.5996
     94.8469
    121.9287
    132.5016
     94.5996
     94.8469
    103.1693
    101.9326
     94.5996
     94.5996
   4 1   1   0.01     1.0   40.0                                                                                                                                                                         
    111.6372
    111.7959
     94.5996
     94.5996
   4 1   3   0.01     8.0   40.0                                                                                                                                                                         
     94.8825
     94.8877
     94.5996
     94.5996
   4 1   2   0.001  -16.0   16.0                                                                                                                                                                         
    214.3724
    235.7530
     94.5996
     94.8352
    121.8702
    132.5605
     94.5996
     94.8352
    103.1342
    101.9562
     94.5996
     94.5996
   4 1   1   0.01     1.0   40.0                                                                                                                                                                         
    111.6272
    111.7989
     94.5996
     94.5996
   4 1   2   0.001  -16.0   16.0                                                                                                                                                                         
    214.3724
    235.7530
     94.5996
     94.8352
    121.8702
    132.5605
     94.5996
     94.8352
    103.1342
    101.9562
     94.5996
     94.5996
   4 1   1   0.01     1.0   40.0                                                                                                                                                                         
    111.6272
    111.7989
     94.5996
     94.5953
   4 1   3   0.01     8.0   40.0                                                                                                                                                                         
     94.8770
     94.8841
     94.5953
     94.5953
   4 1   1   0.01     1.0   40.0                                                                                                                                                                         
    111.9827
    111.4657
     94.5953
     94.5996
   4 1   3   0.01     8.0   40.0                                                                                                                                                                         
     94.8882
     94.8820
     94.5996
     94.5996
   4 1   1   0.01     1.0   40.0                                                                                                                                                                         
    111.6272
    111.7989
     94.5996
     94.5996
   4 1   2   0.001  -16.0   16.0                                                                                                                                                                         
    214.3724
    235.7530
     94.5996
     94.8352
    121.8702
    132.5605
     94.5996
     94.8352
    103.1342
    101.9562
     94.5996
     94.5996
   4 1   1   0.01     1.0   40.0                                                                                                                                                                         
    111.6272
    111.7989
     94.5996
     94.5996
   4 1   2   0.001  -16.0   16.0                                                                                                                                                                         
    214.3724
    235.7530
     94.5996
     94.5996
   4 1   1   0.01     1.0   40.0                                                                                                                                                                         
    111.6272
    111.7989
     94.5996
     94.5953
   4 1   3   0.01     8.0   40.0                                                                                                                                                                         
     94.8770
     94.8841
     94.5953
     94.5953
   4 1   2   0.001  -16.0   16.0                                                                                                                                                                         
    214.7533
    235.3577
     94.5953
     94.8696
    122.0592
    132.3614
     94.5953
     94.8696
    103.2460
    101.8741
     94.5953
     94.5953
   4 1   2   0.001  -16.0   16.0                                                                                                                                                                         
    214.7533
    235.3577
     94.5953
     94.8696
    122.0592
    132.3614
     94.5953
     94.8696
    103.2460
    101.8741
     94.5953
     94.5953
   4 1   1   0.01     1.0   40.0                                                                                                                                                                         
    111.9827
    111.4657
     94.5953
     94.5996
   4 1   3   0.01     8.0   40.0                                                                                                                                                                         
     94.8882
     94.8820
     94.5996
     94.5996
   4 1   2   0.001  -16.0   16.0                                                                                                                                                                         
    214.3724
    235.7530
     94.5996
     94.8352
    121.8702
    132.5605
     94.5996
     94.8352
    103.1342
    101.9562
     94.5996
     94.5996
   4 1   3   0.01     8.0   40.0                                                                                                                                                                         
     94.8882
     94.8820
     94.5996
     94.5996
   4 1   2   0.001  -16.0   16.0                                                                                                                                                                         
    214.4889
    235.6347
     94.5996
     94.8469
    121.9287
    132.5016
     94.5996
     94.8469
    103.1693
    101.9326
     94.5996
     94.5996
   4 1   3   0.01     8.0   40.0                                                                                                                                                                         
     94.8825
     94.8877
     94.5996
     94.5996
   4 1   2   0.001  -16.0   16.0                                                                                                                                                                         
    214.3724
    235.7530
     94.5996
     94.5996
   4 1   1   0.01     1.0   40.0                                                                                                                                                                         
    111.6272
    111.7989
     94.5996
     94.5996
   4 1   3   0.01     8.0   40.0                                                                                                                                                                         
     94.8882
     94.8820
     94.5996
     94.5996
   4 1   2   0.001  -16.0   16.0                                                                                                                                                                         
    214.4889
    235.6347
     94.5996
     94.8469
    121.9287
    132.5016
     94.5996
     94.8469
    103.1693
    101.9326
     94.5996
     94.5996
   4 1   1   0.01     1.0   40.0                                                                                                                                                                         
    111.6372
    111.7959
     94.5996
     94.5996
   4 1   2   0.001  -16.0   16.0                                                                                                                                                                         
    214.4889
    235.6347
     94.5996
     94.8469
    121.9287
    132.5016
     94.5996
     94.8469
    103.1693
    101.9326
     94.5996
     94.5996
   4 1   1   0.01     1.0   40.0                                                                                                                                                                         
    111.6372
    111.7959
     94.5996
     94.5996
   4 1   3   0.01     8.0   40.0                                                                                                                                                                         
     94.8825
     94.8877
     94.5996
     94.5996
   4 1   1   0.01     1.0   40.0                                                                                                                                                                         
    111.6272
    111.7989
     94.5996
     94.5953
   4 1   3   0.01     8.0   40.0                                                                                                                                                                         
     94.8770
     94.8841
     94.5953
     94.5953
   4 1   1   0.01     1.0   40.0                                                                                                                                                                         
    111.9827
    111.4657
     94.5953
     94.5996
   4 1   2   0.001  -16.0   16.0                                                                                                                                                                         
    214.3724
    235.7530
     94.5996
     94.8352
    121.8702
    132.5605
     94.5996
     94.8352
    103.1342
    101.9562
     94.5996
     94.5996
   4 1   1   0.01     1.0   40.0                                                                                                                                                                         
    111.6272
    111.7989
     94.5996
     94.5996
   4 1   2   0.001  -16.0   16.0                                                                                                                                                                         
    214.3724
    235.7530
     94.5996
     94.8352
    121.8702
    132.5605
     94.5996
     94.8352
    103.1342
    101.9562
     94.5996
     94.5996
   4 1   1   0.01     1.0   40.0                                                                                                                                                                         
    111.6272
    111.7989
     94.5996
     94.5996
   4 1   3   0.01     8.0   40.0                                                                                                                                                                         
     94.8882
     94.8820
     94.5996
     94.5996
   4 1   2   0.001  -16.0   16.0                                                                                                                                                                         
    214.3724
    235.7530
     94.5996
     94.8352
    121.8702
    132.5605
     94.5996
     94.8352
    103.1342
    101.9562
     94.5996
     94.5996
   4 1   2   0.001  -16.0   16.0                                                                                                                                                                         
    214.3724
    235.7530
     94.5996
     94.5996
   4 1   1   0.01     1.0   40.0                                                                                                                                                                         
    111.6272
    111.7989
     94.5996
     94.5953
   4 1   3   0.01     8.0   40.0                                                                                                                                                                         
     94.8770
     94.8841
     94.5953
     94.5953
   4 1   2   0.001  -16.0   16.0                                                                                                                                                                         
    214.7533
    235.3577
     94.5953
     94.8696
    122.0592
    132.3614
     94.5953
     94.8696
    103.2460
    101.8741
     94.5953
     94.5953
   4 1   3   0.01     8.0   40.0                                                                                                                                                                         
     94.8770
     94.8841
     94.5953
     94.5952
   4 1   2   0.001  -16.0   16.0                                                                                                                                                                         
    214.6368
    235.4760
     94.5952
     94.8579
    122.0007
    132.4203
     94.5952
     94.8579
    103.2109
    101.8976
     94.5952
     94.5952
   4 1   3   0.01     8.0   40.0                                                                                                                                                                         
     94.8827
     94.8784
     94.5952
     94.5953
   4 1   2   0.001  -16.0   16.0                                                                                                                                                                         
    214.7533
    235.3577
     94.5953
     94.8696
    122.0592
    132.3614
     94.5953
     94.8696
    103.2460
    101.8741
     94.5953
     94.5953
   4 1   1   0.01     1.0   40.0                                                                                                                                                                         
    111.9827
    111.4657
     94.5953
     94.5996
   4 1   3   0.01     8.0   40.0                                                                                                                                                                         
     94.8882
     94.8820
     94.5996
     94.5996
   4 1   2   0.001  -16.0   16.0                                                                                                                                                                         
    214.3724
    235.7530
     94.5996
     94.8352
    121.8702
    132.5605
     94.5996
     94.8352
    103.1342
    101.9562
     94.5996
     94.5996
   4 1   1   0.01     1.0   40.0                                                                                                                                                                         
    111.6272
    111.7989
     94.5996
     94.5996
   4 1   2   0.001  -16.0   16.0                                                                                                                                                                         
    214.3724
    235.7530
     94.5996
     94.5996
   4 1   1   0.01     1.0   40.0                                                                                                                                                                         
    111.6272
    111.7989
     94.5996
     94.5996
   4 1   3   0.01     8.0   40.0                                                                                                                                                                         
     94.8882
     94.8820
     94.5996
     94.5996
   4 1   1   0.01     1.0   40.0                                                                                                                                                                         
    111.6372
    111.7959
     94.5996
     94.5953
   4 1   3   0.01     8.0   40.0                                                                                                                                                                         
     94.8714
     94.8899
     94.5953
     94.5952
   4 1   1   0.01     1.0   40.0                                                                                                                                                                         
    111.9727
    111.4688
     94.5952
     94.5996
   4 1   2   0.001  -16.0   16.0                                                                                                                                                                         
    214.2560
    235.8713
     94.5996
     94.8235
    121.8118
    132.6195
     94.5996
     94.8235
    103.0991
    101.9797
     94.5996
     94.5996
   4 1   1   0.01     1.0   40.0                                                                                                                                                                         
    111.6173
    111.8019
     94.5996
     94.5996
   4 1   2   0.001  -16.0   16.0                                                                                                                                                                         
    214.2560
    235.8713
     94.5996
     94.8235
    121.8118
    132.6195
     94.5996
     94.8235
    103.0991
    101.9797
     94.5996
     94.5996
   4 1   1   0.01     1.0   40.0                                                                                                                                                                         
    111.6173
    111.8019
     94.5996
     94.5952
   4 1   3   0.01     8.0   40.0                                                                                                                                                                         
     94.8827
     94.8784
     94.5952
     94.5952
   4 1   2   0.001  -16.0   16.0                                                                                                                                                                         
    214.6368
    235.4760
     94.5952
     94.8579
    122.0007
    132.4203
     94.5952
     94.8579
    103.2109
    101.8976
     94.5952
     94.5952
   4 1   2   0.001  -16.0   16.0                                                                                                                                                                         
    214.6368
    235.4760
     94.5952
     94.8579
    122.0007
    132.4203
     94.5952
     94.8579
    103.2109
    101.8976
     94.5952
     94.5952
   4 1   1   0.01     1.0   40.0                                                                                                                                                                         
    111.9727
    111.4688
     94.5952
     94.5996
   4 1   3   0.01     8.0   40.0                                                                                                                                                                         
     94.8940
     94.8764
     94.5996
     94.5996
   4 1   2   0.001  -16.0   16.0                                                                                                                                                                         
    214.4889
    235.6347
     94.5996
     94.5996
   4 1   3   0.01     8.0   40.0                                                                                                                                                                         
     94.8825
     94.8877
     94.5996
     94.5996
   4 1   2   0.001  -16.0   16.0                                                                                                                                                                         
    214.3724
    235.7530
     94.5996
     94.8352
    121.8702
    132.5605
     94.5996
     94.8352
    103.1342
    101.9562
     94.5996
     94.5996
   4 1   3   0.01     8.0   40.0                                                                                                                                                                         
     94.8882
     94.8820
     94.5996
     94.5996
   4 1   2   0.001  -16.0   16.0                                                                                                                                                                         
    214.4889
    235.6347
     94.5996
     94.8469
    121.9287
    132.5016
     94.5996
     94.8469
    103.1693
    101.9326
     94.5996
     94.5996
   4 1   1   0.01     1.0   40.0                                                                                                                                                                         
    111.6372
    111.7959
     94.5996
     94.5996
   4 1   3   0.01     8.0   40.0                                                                                                                                                                         
     94.8825
     94.8877
     94.5996
     94.5996
   4 1   2   0.001  -16.0   16.0                                                                                                                                                                         
    214.4889
    235.6347
     94.5996
     94.8469
    121.9287
    132.5016
     94.5996
     94.8469
    103.1693
    101.9326
     94.5996
     94.5996
   4 1   1   0.01     1.0   40.0                                                                                                                                                                         
    111.6372
    111.7959
     94.5996
     94.5996
   4 1   2   0.001  -16.0   16.0                                                                                                                                                                         
    214.4889
    235.6347
     94.5996
     94.8469
    121.9287
    132.5016
     94.5996
     94.8469
    103.1693
    101.9326
     94.5996
     94.5996
   4 1   1   0.01     1.0   40.0                                                                                                                                                                         
    111.6372
    111.7959
     94.5996
     94.5996
   4 1   3   0.01     8.0   40.0                                                                                                                                                                         
     94.8825
     94.8877
     94.5996
     94.5996
   4 1   1   0.01     1.0   40.0                                                                                                                                                                         
    111.6272
    111.7989
     94.5996
     94.5953
   4 1   3   0.01     8.0   40.0                                                                                                                                                                         
     94.8770
     94.8841
     94.5953
     94.5952
   4 1   1   0.01     1.0   40.0                                                                                                                                                                         
    111.9727
    111.4688
     94.5952
     94.5996
   4 1   2   0.001  -16.0   16.0                                                                                                                                                                         
    214.2560
    235.8713
     94.5996
     94.5996
   4 1   1   0.01     1.0   40.0                                                                                                                                                                         
    111.6173
    111.8019
     94.5996
     94.5996
   4 1   2   0.001  -16.0   16.0                                                                                                                                                                         
    214.2560
    235.8713
     94.5996
     94.8235
    121.8118
    132.6195
     94.5996
     94.8235
    103.0991
    101.9797
     94.5996
     94.5996
   4 1   1   0.01     1.0   40.0                                                                                                                                                                         
    111.6173
    111.8019
     94.5996
     94.5952
   4 1   3   0.01     8.0   40.0                                                                                                                                                                         
     94.8827
     94.8784
     94.5952
     94.5953
   4 1   2   0.001  -16.0   16.0                                                                                                                                                                         
    214.7533
    235.3577
     94.5953
     94.8696
    122.0592
    132.3614
     94.5953
     94.8696
    103.2460
    101.8741
     94.5953
     94.5953
   4 1   2   0.001  -16.0   16.0                                                                                                                                                                         
    214.7533
    235.3577
     94.5953
     94.8696
    122.0592
    132.3614
     94.5953
     94.8696
    103.2460
    101.8741
     94.5953
     94.5953
   4 1   1   0.01     1.0   40.0                                                                                                                                                                         
    111.9827
    111.4657
     94.5953
     94.5996
   4 1   3   0.01     8.0   40.0                                                                                                                                                                         
     94.8882
     94.8820
     94.5996
     94.5996
   4 1   2   0.001  -16.0   16.0                                                                                                                                                                         
    214.3724
    235.7530
     94.5996
     94.8352
    121.8702
    132.5605
     94.5996
     94.8352
    103.1342
    101.9562
     94.5996
     94.5996
   4 1   3   0.01     8.0   40.0                                                                                                                                                                         
     94.8882
     94.8820
     94.5996
     94.5996
   4 1   2   0.001  -16.0   16.0                                                                                                                                                                         
    214.4889
    235.6347
     94.5996
     94.5996
   4 1   3   0.01     8.0   40.0                                                                                                                                                                         
     94.8825
     94.8877
     94.5996
     94.5996
   4 1   2   0.001  -16.0   16.0                                                                                                                                                                         
    214.3724
    235.7530
     94.5996
     94.8352
    121.8702
    132.5605
     94.5996
     94.8352
    103.1342
    101.9562
     94.5996
     94.5996
   4 1   1   0.01     1.0   40.0                                                                                                                                                                         
    111.6272
    111.7989
     94.5996
     94.5996
   4 1   3   0.01     8.0   40.0                                                                                                                                                                         
     94.8882
     94.8820
     94.5996
     94.5996
   4 1   2   0.001  -16.0   16.0                                                                                                                                                                         
    214.4889
    235.6347
     94.5996
     94.8469
    121.9287
    132.5016
     94.5996
     94.8469
    103.1693
    101.9326
     94.5996
     94.5996
   4 1   1   0.01     1.0   40.0                                                                                                                                                                         
    111.6372
    111.7959
     94.5996
     94.5996
   4 1   2   0.001  -16.0   16.0                                                                                                                                                                         
    214.4889
    235.6347
     94.5996
     94.8469
    121.9287
    132.5016
     94.5996
     94.8469
    103.1693
    101.9326
     94.5996
     94.5996
   4 1   1   0.01     1.0   40.0                                                                                                                                                                         
    111.6372
    111.7959
     94.5996
     94.5996
   4 1   3   0.01     8.0   40.0                                                                                                                                                                         
     94.8825
     94.8877
     94.5996
     94.5996
   4 1   1   0.01     1.0   40.0                                                                                                                                                                         
    111.6372
    111.7959
     94.5996
     94.5953
   4 1   3   0.01     8.0   40.0                                                                                                                                                                         
     94.8714
     94.8899
     94.5953
     94.5952
   4 1   1   0.01     1.0   40.0                                                                                                                                                                         
    111.9727
    111.4688
     94.5952
     94.5996
   4 1   2   0.001  -16.0   16.0                                                                                                                                                                         
    214.2560
    235.8713
     94.5996
     94.8235
    121.8118
    132.6195
     94.5996
     94.8235
    103.0991
    101.9797
     94.5996
     94.5996
   4 1   1   0.01     1.0   40.0                                                                                                                                                                         
    111.6173
    111.8019
     94.5996
     94.5996
   4 1   2   0.001  -16.0   16.0                                                                                                                                                                         
    214.2560
    235.8713
     94.5996
     94.8235
    121.8118
    132.6195
     94.5996
     94.8235
    103.0991
    101.9797
     94.5996
     94.5996
   4 1   1   0.01     1.0   40.0                                                                                                                                                                         
    111.6173
    111.8019
     94.5996
     94.5952
   4 1   3   0.01     8.0   40.0                                                                                                                                                                         
     94.8827
     94.8784
     94.5952
     94.5952
   4 1   2   0.001  -16.0   16.0                                                                                                                                                                         
    214.6368
    235.4760
     94.5952
     94.5952
   4 1   2   0.001  -16.0   16.0                                                                                                                                                                         
