     80.8885
     80.7646
     76.3548
     76.3548
     76.3573
     76.3538
     76.3548
     76.3538
     76.3484
     76.3478
     76.3480
     76.3476
     76.3477
     76.3490
     76.3476
     76.3475
     80.7520
     80.8862
     76.3475
     76.3475
     76.3482
     76.3482
     76.3475
     76.3475
     76.3473
     76.3477
     76.3475
     76.3473
     76.3475
     76.3487
     76.3473
     76.3472
     80.7511
     80.8863
     76.3472
     76.3472
     76.3480
     76.3480
     76.3472
     76.3472
     76.3471
     76.3474
     76.3472
     76.3471
     76.3472
     76.3484
     76.3471
     76.3470
     80.7491
     80.8874
     76.3470
     76.3470
     76.3477
     76.3477
     76.3470
     76.3470
     76.3468
     76.3472
     76.3470
     76.3468
     76.3470
     76.3482
     76.3468
     76.3467
     80.7471
     80.8886
     76.3467
     76.3467
     76.3475
     76.3475
     76.3467
     76.3467
     76.3466
     76.3470
     76.3467
     76.3466
     76.3468
     76.3479
     76.3466
     76.3465
     80.7451
     80.8899
     76.3465
     76.3465
     76.3473
     76.3473
     76.3465
     76.3465
     76.3464
     76.3467
     76.3465
     76.3464
     76.3466
     76.3477
     76.3464
     76.3463
     80.7431
     80.8912
     76.3463
     76.3463
     76.3471
     76.3471
     76.3463
     76.3463
     76.3462
     76.3465
     76.3463
     76.3462
     76.3465
     76.3475
     76.3462
     76.3461
     80.7422
     80.8914
     76.3461
     76.3461
     76.3469
     76.3469
     76.3461
     76.3461
     76.3461
     76.3464
     76.3461
     76.3461
     76.3463
     76.3473
     76.3461
     76.3460
     80.7402
     80.8928
     76.3460
     76.3814
     76.3936
     76.3708
     76.3814
     76.3380
     76.3379
     76.3384
     76.3380
     76.3378
     76.3377
     76.3394
     76.3378
     76.3375
     80.7591
     80.8631
     76.3375
     76.3375
     76.3383
     76.3383
     76.3375
     76.3375
     76.3374
     76.3379
     76.3375
     76.3373
     76.3372
     76.3389
     76.3373
     76.3371
     80.7559
     80.8649
     76.3371
     76.3371
     76.3378
     76.3378
     76.3371
     76.3371
     76.3369
     76.3374
     76.3371
     76.3369
     76.3368
     76.3384
     76.3369
     76.3366
     80.7539
     80.8656
     76.3366
     76.3366
     76.3374
     76.3374
     76.3366
     76.3366
     76.3365
     76.3369
     76.3366
     76.3364
     76.3364
     76.3380
     76.3364
     76.3362
     80.7507
     80.8675
     76.3362
     76.3362
     76.3370
     76.3370
     76.3362
     76.3362
     76.3361
     76.3365
     76.3362
     76.3361
     76.3361
     76.3375
     76.3361
     76.3359
     80.7487
     80.8684
     76.3359
     76.3359
     76.3366
     76.3366
     76.3359
     76.3359
     76.3357
     76.3361
     76.3359
     76.3357
     76.3358
     76.3372
     76.3357
     76.3355
     80.7466
     80.8694
     76.3355
     76.3355
     76.3363
     76.3363
     76.3355
     76.3355
     76.3354
     76.3358
     76.3355
     76.3354
     76.3354
     76.3368
     76.3354
     76.3352
     80.7435
     80.8715
     76.3352
     76.3352
     76.3360
     76.3360
     76.3352
     76.3352
     76.3351
     76.3355
     76.3352
     76.3351
     76.3352
     76.3365
     76.3351
     76.3349
     80.7414
     80.8726
     76.3349
     76.3349
     76.3357
     76.3357
     76.3349
     76.3349
     76.3348
     76.3352
     76.3349
     76.3348
     76.3349
     76.3362
     76.3348
     76.3347
     80.7394
     80.8737
     76.3347
     76.3347
     76.3354
     76.3354
     76.3347
     76.3347
     76.3346
     76.3349
     76.3347
     76.3345
     76.3347
     76.3359
     76.3345
     76.3344
     80.7374
     80.8749
     76.3344
     76.3344
     76.3352
     76.3352
     76.3344
     76.3344
     76.3343
     76.3347
     76.3344
     76.3343
     76.3345
     76.3356
     76.3343
     76.3342
     80.7354
     80.8760
     76.3342
     76.3342
     76.3349
     76.3349
     76.3342
     76.3342
     76.3341
     76.3344
     76.3342
     76.3341
     76.3343
     76.3354
     76.3341
     76.3340
     80.7334
     80.8773
     76.3340
     76.3340
     76.3347
     76.3347
     76.3340
     76.3340
     76.3339
     76.3342
     76.3340
     76.3339
     76.3341
     76.3351
     76.3339
     76.3338
     80.7325
     80.8775
     76.3338
     76.3338
     76.3345
     76.3345
     76.3338
     76.3338
     76.3337
     76.3340
     76.3338
     76.3337
     76.3339
     76.3350
     76.3337
     76.3336
     80.7305
     80.8789
     76.3336
     76.3693
     76.3815
     76.3586
     76.3693
     76.3258
     76.3257
     76.3262
     76.3258
     76.3256
     76.3254
     76.3272
     76.3256
     76.3253
     80.7495
     80.8493
     76.3253
     76.3253
     76.3261
     76.3261
     76.3253
     76.3253
     76.3251
     76.3256
     76.3253
     76.3251
     76.3249
     76.3267
     76.3251
     76.3248
     80.7452
     80.8522
     76.3248
     76.3248
     76.3255
     76.3256
     76.3248
     76.3248
     76.3246
     76.3251
     76.3248
     76.3246
     76.3245
     76.3261
     76.3246
     76.3244
     80.7431
     80.8529
     76.3244
     76.3244
     76.3251
     76.3251
     76.3244
     76.3244
     76.3242
     76.3247
     76.3244
     76.3241
     76.3241
     76.3256
     76.3241
     76.3239
     80.7399
     80.8548
     76.3239
     76.3239
     76.3247
     76.3247
     76.3239
     76.3239
     76.3238
     76.3242
     76.3239
     76.3237
     76.3237
     76.3253
     76.3237
     76.3235
     80.7379
     80.8556
     76.3235
     76.3235
     76.3243
     76.3243
     76.3235
     76.3235
     76.3234
     76.3238
     76.3235
     76.3234
     76.3234
     76.3248
     76.3234
     76.3232
     80.7358
     80.8565
     76.3232
     76.3232
     76.3239
     76.3239
     76.3232
     76.3232
     76.3230
     76.3235
     76.3232
     76.3230
     76.3231
     76.3244
     76.3230
     76.3229
     80.7326
     80.8586
     76.3229
     76.3229
     76.3236
     76.3236
     76.3229
     76.3229
     76.3227
     76.3231
     76.3229
     76.3227
     76.3228
     76.3241
     76.3227
     76.3225
     80.7317
     80.8585
     76.3225
     76.3225
     76.3233
     76.3233
     76.3225
     76.3225
     76.3224
     76.3228
     76.3225
     76.3224
     76.3225
     76.3238
     76.3224
     76.3223
     80.7286
     80.8608
     76.3223
     76.3223
     76.3230
     76.3230
     76.3223
     76.3223
     76.3221
     76.3225
     76.3223
     76.3221
     76.3222
     76.3235
     76.3221
     76.3220
     80.7265
     80.8619
     76.3220
     76.3220
     76.3227
     76.3227
     76.3220
     76.3220
     76.3219
     76.3222
     76.3220
     76.3219
     76.3220
     76.3232
     76.3219
     76.3217
     80.7245
     80.8631
     76.3217
     76.3217
     76.3225
     76.3225
     76.3217
     76.3217
     76.3216
     76.3220
     76.3217
     76.3216
     76.3218
     76.3229
     76.3216
     76.3215
     80.7225
     80.8643
     76.3215
     76.3215
     76.3223
     76.3223
     76.3215
     76.3215
     76.3214
     76.3217
     76.3215
     76.3214
     76.3216
     76.3227
     76.3214
     76.3213
     80.7204
     80.8656
     76.3213
     76.3213
     76.3221
     76.3221
     76.3213
     76.3213
     76.3212
     76.3215
     76.3213
     76.3212
     76.3214
     76.3225
     76.3212
     76.3211
     80.7184
     80.8669
     76.3211
     76.3568
     76.3690
     76.3461
     76.3568
     76.3134
     76.3132
     76.3138
     76.3134
     76.3132
     76.3130
     76.3148
     76.3132
     76.3129
     80.7387
     80.8363
     76.3129
     76.3129
     76.3137
     76.3136
     76.3129
     76.3129
     76.3127
     76.3132
     76.3129
     76.3126
     76.3126
     76.3142
     76.3126
     76.3124
     80.7354
     80.8381
     76.3124
     76.3124
     76.3132
     76.3132
     76.3124
     76.3124
     76.3122
     76.3127
     76.3124
     76.3122
     76.3121
     76.3138
     76.3122
     76.3119
     80.7322
     80.8399
     76.3119
     76.3119
     76.3127
     76.3127
     76.3119
     76.3119
     76.3118
     76.3122
     76.3119
     76.3117
     76.3116
     76.3133
     76.3117
     76.3115
     80.7290
     80.8417
     76.3115
     76.3115
     76.3122
     76.3122
     76.3115
     76.3115
     76.3113
     76.3118
     76.3115
     76.3113
     76.3113
     76.3128
     76.3113
     76.3111
     80.7269
     80.8425
     76.3111
     76.3111
     76.3118
     76.3118
     76.3111
     76.3111
     76.3109
     76.3114
     76.3111
     76.3109
     76.3109
     76.3124
     76.3109
     76.3107
     80.7248
     80.8435
     76.3107
     76.3107
     76.3115
     76.3115
     76.3107
     76.3107
     76.3106
     76.3110
     76.3107
     76.3105
     76.3106
     76.3120
     76.3105
     76.3104
     80.7228
     80.8445
     76.3104
     76.3104
     76.3112
     76.3111
     76.3104
     76.3104
     76.3102
     76.3107
     76.3104
     76.3102
     76.3103
     76.3117
     76.3102
     76.3101
     80.7196
     80.8466
     76.3101
     76.3101
     76.3108
     76.3108
     76.3101
     76.3101
     76.3099
     76.3103
     76.3101
     76.3099
     76.3100
     76.3113
     76.3099
     76.3098
     80.7175
     80.8477
     76.3098
     76.3098
     76.3105
     76.3105
     76.3098
     76.3098
     76.3097
     76.3100
     76.3098
     76.3096
     76.3097
     76.3111
     76.3096
     76.3095
     80.7155
     80.8489
     76.3095
     76.3095
     76.3103
     76.3102
     76.3095
     76.3095
     76.3094
     76.3097
     76.3095
     76.3094
     76.3095
     76.3107
     76.3094
     76.3093
     80.7134
     80.8501
     76.3093
     76.3093
     76.3100
     76.3100
     76.3093
     76.3093
     76.3091
     76.3095
     76.3093
     76.3091
     76.3093
     76.3105
     76.3091
     76.3090
     80.7102
     80.8524
     76.3090
     76.3090
     76.3097
     76.3098
     76.3090
     76.3090
     76.3089
     76.3092
     76.3090
     76.3089
     76.3091
     76.3102
     76.3089
     76.3088
     80.7093
     80.8526
     76.3088
     76.3088
     76.3095
     76.3095
     76.3088
     76.3088
     76.3087
     76.3090
     76.3088
     76.3087
     76.3089
     76.3100
     76.3087
     76.3086
     80.7084
     80.8528
     76.3086
     76.3445
     76.3567
     76.3338
     76.3445
     76.3010
     76.3008
     76.3013
     76.3010
     76.3007
     76.3006
     76.3024
     76.3007
     76.3004
     80.7265
     80.8244
     76.3004
     76.3004
     76.3012
     76.3012
     76.3004
     76.3004
     76.3002
     76.3008
     76.3004
     76.3002
     76.3001
     76.3018
     76.3002
     76.2999
     80.7244
     80.8250
     76.2999
     76.2999
     76.3007
     76.3007
     76.2999
     76.2999
     76.2997
     76.3002
     76.2999
     76.2997
     76.2996
     76.3013
     76.2997
     76.2995
     80.7211
     80.8269
     76.2995
     76.2995
     76.3002
     76.3002
     76.2995
     76.2995
     76.2993
     76.2998
     76.2995
     76.2992
     76.2992
     76.3008
     76.2992
     76.2990
     80.7179
     80.8288
     76.2990
     76.2990
     76.2998
     76.2998
     76.2990
     76.2990
     76.2989
     76.2993
     76.2990
     76.2988
     76.2988
     76.3003
     76.2988
     76.2986
     80.7158
     80.8296
     76.2986
     76.2986
     76.2994
     76.2994
     76.2986
     76.2986
     76.2985
     76.2989
     76.2986
     76.2984
     76.2984
     76.3000
     76.2984
     76.2982
     80.7125
     80.8316
     76.2982
     76.2982
     76.2990
     76.2990
     76.2982
     76.2982
     76.2981
     76.2985
     76.2982
     76.2980
     76.2981
     76.2995
     76.2980
     76.2979
     80.7104
     80.8326
     76.2979
     76.2979
     76.2986
     76.2986
     76.2979
     76.2979
     76.2977
     76.2982
     76.2979
     76.2977
     76.2978
     76.2992
     76.2977
     76.2976
     80.7084
     80.8337
     76.2976
     76.2976
     76.2983
     76.2983
     76.2976
     76.2976
     76.2974
     76.2978
     76.2976
     76.2974
     76.2975
     76.2988
     76.2974
     76.2972
     80.7051
     80.8359
     76.2972
     76.2972
     76.2980
     76.2980
     76.2972
     76.2972
     76.2971
     76.2975
     76.2972
     76.2971
     76.2972
     76.2985
     76.2971
     76.2970
     80.7031
     80.8370
     76.2970
     76.2970
     76.2977
     76.2977
     76.2970
     76.2970
     76.2968
     76.2972
     76.2970
     76.2968
     76.2970
     76.2982
     76.2968
     76.2967
     80.7021
     80.8371
     76.2967
     76.2967
     76.2975
     76.2975
     76.2967
     76.2967
     76.2966
     76.2970
     76.2967
     76.2966
     76.2967
     76.2980
     76.2966
     76.2965
     80.7001
     80.8383
     76.2965
     76.2965
     76.2972
     76.2972
     76.2965
     76.2965
     76.2964
     76.2967
     76.2965
     76.2964
     76.2965
     76.2977
     76.2964
     76.2963
     80.6980
     80.8396
     76.2963
     76.2963
     76.2970
     76.2970
     76.2963
     76.2963
     76.2962
     76.2965
     76.2963
     76.2961
     76.2963
     76.2975
     76.2961
     76.2960
     80.6948
     80.8421
     76.2960
     76.2960
     76.2968
     76.2968
     76.2960
     76.2960
     76.2959
     76.2963
     76.2960
     76.2959
     76.2961
     76.2973
     76.2959
     76.2958
     80.6939
     80.8423
     76.2958
     76.3315
     76.3437
     76.3209
     76.3315
     76.2881
     76.2879
     76.2885
     76.2881
     76.2879
     76.2878
     76.2895
     76.2879
     76.2876
     80.7142
     80.8117
     76.2876
     76.2876
     76.2884
     76.2884
     76.2876
     76.2876
     76.2874
     76.2879
     76.2876
     76.2874
     76.2873
     76.2890
     76.2874
     76.2871
     80.7097
     80.8146
     76.2871
     76.2871
     76.2879
     76.2879
     76.2871
     76.2871
     76.2869
     76.2874
     76.2871
     76.2869
     76.2868
     76.2885
     76.2869
     76.2866
     80.7064
     80.8164
     76.2866
     76.2866
     76.2874
     76.2874
     76.2866
     76.2866
     76.2865
     76.2869
     76.2866
     76.2864
     76.2864
     76.2879
     76.2864
     76.2862
     80.7043
     80.8173
     76.2862
     76.2862
     76.2870
     76.2870
     76.2862
     76.2862
     76.2861
     76.2865
     76.2862
     76.2860
     76.2860
     76.2876
     76.2860
     76.2858
     80.7022
     80.8181
     76.2858
     76.2858
     76.2866
     76.2866
     76.2858
     76.2858
     76.2857
     76.2861
     76.2858
     76.2856
     76.2857
     76.2871
     76.2856
     76.2855
     80.6989
     80.8202
     76.2855
     76.2855
     76.2862
     76.2862
     76.2855
     76.2855
     76.2853
     76.2857
     76.2855
     76.2853
     76.2853
     76.2868
     76.2853
     76.2851
     80.6969
     80.8212
     76.2851
     76.2851
     76.2859
     76.2859
     76.2851
     76.2851
     76.2850
     76.2854
     76.2851
     76.2849
     76.2850
     76.2864
     76.2849
     76.2848
     80.6936
     80.8234
     76.2848
     76.2848
     76.2855
     76.2856
     76.2848
     76.2848
     76.2847
     76.2850
     76.2848
     76.2846
     76.2847
     76.2860
     76.2846
     76.2845
     80.6927
     80.8234
     76.2845
     76.2845
     76.2853
     76.2853
     76.2845
     76.2845
     76.2844
     76.2848
     76.2845
     76.2844
     76.2845
     76.2858
     76.2844
     76.2842
     80.6894
     80.8257
     76.2842
     76.2842
     76.2850
     76.2850
     76.2842
     76.2842
     76.2841
     76.2845
     76.2842
     76.2841
     76.2843
     76.2854
     76.2841
     76.2840
     80.6885
     80.8258
     76.2840
     76.2840
     76.2847
     76.2847
     76.2840
     76.2840
     76.2839
     76.2842
     76.2840
     76.2839
     76.2840
     76.2852
     76.2839
     76.2838
     80.6864
     80.8272
     76.2838
     76.2838
     76.2845
     76.2845
     76.2838
     76.2838
     76.2837
     76.2840
     76.2838
     76.2836
     76.2838
     76.2850
     76.2836
     76.2835
     80.6843
     80.8285
     76.2835
     76.2835
     76.2843
     76.2843
     76.2835
     76.2835
     76.2834
     76.2838
     76.2835
     76.2834
     76.2836
     76.2847
     76.2834
     76.2833
     80.6822
     80.8298
     76.2833
     76.3191
     76.3312
     76.3084
     76.3191
     76.2757
     76.2755
     76.2760
     76.2757
     76.2754
     76.2753
     76.2771
     76.2754
     76.2752
     80.7015
     80.8003
     76.2752
     76.2752
     76.2759
     76.2759
     76.2752
     76.2752
     76.2750
     76.2755
     76.2752
     76.2749
     76.2748
     76.2765
     76.2749
     76.2747
     80.6981
     80.8021
     76.2747
     76.2747
     76.2754
     76.2754
     76.2747
     76.2747
     76.2745
     76.2750
     76.2747
     76.2744
     76.2743
     76.2760
     76.2744
     76.2742
     80.6960
     80.8028
     76.2742
     76.2742
     76.2749
     76.2749
     76.2742
     76.2742
     76.2740
     76.2745
     76.2742
     76.2739
     76.2739
     76.2755
     76.2739
     76.2737
     80.6927
     80.8048
     76.2737
     76.2737
     76.2745
     76.2745
     76.2737
     76.2737
     76.2736
     76.2740
     76.2737
     76.2735
     76.2735
     76.2751
     76.2735
     76.2733
     80.6905
     80.8057
     76.2733
     76.2733
     76.2741
     76.2741
     76.2733
     76.2733
     76.2732
     76.2736
     76.2733
     76.2732
     76.2731
     76.2747
     76.2732
     76.2730
     80.6884
     80.8066
     76.2730
     76.2730
     76.2737
     76.2737
     76.2730
     76.2730
     76.2728
     76.2732
     76.2730
     76.2728
     76.2728
     76.2742
     76.2728
     76.2726
     80.6851
     80.8088
     76.2726
     76.2726
     76.2734
     76.2734
     76.2726
     76.2726
     76.2725
     76.2729
     76.2726
     76.2724
     76.2725
     76.2739
     76.2724
     76.2723
     80.6830
     80.8099
     76.2723
     76.2723
     76.2730
     76.2730
     76.2723
     76.2723
     76.2722
     76.2726
     76.2723
     76.2721
     76.2722
     76.2736
     76.2721
     76.2720
     80.6809
     80.8110
     76.2720
     76.2720
     76.2727
     76.2727
     76.2720
     76.2720
     76.2719
     76.2722
     76.2720
     76.2718
     76.2720
     76.2732
     76.2718
     76.2717
     80.6788
     80.8122
     76.2717
     76.2717
     76.2725
     76.2725
     76.2717
     76.2717
     76.2716
     76.2720
     76.2717
     76.2716
     76.2717
     76.2729
     76.2716
     76.2715
     80.6767
     80.8134
     76.2715
     76.2715
     76.2722
     76.2722
     76.2715
     76.2715
     76.2713
     76.2717
     76.2715
     76.2713
     76.2715
     76.2726
     76.2713
     76.2712
     80.6746
     80.8148
     76.2712
     76.2712
     76.2720
     76.2720
     76.2712
     76.2712
     76.2711
     76.2715
     76.2712
     76.2711
     76.2713
     76.2724
     76.2711
     76.2710
     80.6736
     80.8150
     76.2710
     76.2710
     76.2718
     76.2718
     76.2710
     76.2710
     76.2709
     76.2712
     76.2710
     76.2709
     76.2711
     76.2722
     76.2709
     76.2708
     80.6715
     80.8163
     76.2708
     76.3067
     76.3189
     76.2960
     76.3067
     76.2632
     76.2630
     76.2636
     76.2632
     76.2630
     76.2628
     76.2646
     76.2630
     76.2627
     80.6908
     80.7868
     76.2627
     76.2627
     76.2634
     76.2634
     76.2627
     76.2627
     76.2625
     76.2630
     76.2627
     76.2624
     76.2623
     76.2640
     76.2624
     76.2622
     80.6875
     80.7887
     76.2622
     76.2622
     76.2629
     76.2629
     76.2622
     76.2622
     76.2620
     76.2625
     76.2622
     76.2619
     76.2618
     76.2635
     76.2619
     76.2617
     80.6841
     80.7905
     76.2617
     76.2617
     76.2624
     76.2624
     76.2617
     76.2617
     76.2615
     76.2620
     76.2617
     76.2615
     76.2614
     76.2630
     76.2615
     76.2612
     80.6820
     80.7913
     76.2612
     76.2612
     76.2620
     76.2620
     76.2612
     76.2612
     76.2611
     76.2615
     76.2612
     76.2610
     76.2610
     76.2626
     76.2610
     76.2608
     80.6787
     80.7934
     76.2608
     76.2608
     76.2616
     76.2616
     76.2608
     76.2608
     76.2607
     76.2611
     76.2608
     76.2606
     76.2606
     76.2621
     76.2606
     76.2604
     80.6765
     80.7944
     76.2604
     76.2604
     76.2612
     76.2612
     76.2604
     76.2604
     76.2603
     76.2607
     76.2604
     76.2603
     76.2603
     76.2617
     76.2603
     76.2601
     80.6732
     80.7965
     76.2601
     76.2601
     76.2608
     76.2608
     76.2601
     76.2601
     76.2599
     76.2604
     76.2601
     76.2599
     76.2600
     76.2613
     76.2599
     76.2598
     80.6711
     80.7976
     76.2598
     76.2598
     76.2605
     76.2605
     76.2598
     76.2598
     76.2596
     76.2600
     76.2598
     76.2596
     76.2597
     76.2611
     76.2596
     76.2595
     80.6689
     80.7987
     76.2595
     76.2595
     76.2602
     76.2602
     76.2595
     76.2595
     76.2593
     76.2597
     76.2595
     76.2593
     76.2595
     76.2607
     76.2593
     76.2592
     80.6680
     80.7988
     76.2592
     76.2592
     76.2600
     76.2599
     76.2592
     76.2592
     76.2591
     76.2594
     76.2592
     76.2591
     76.2592
     76.2605
     76.2591
     76.2589
     80.6647
     80.8012
     76.2589
     76.2589
     76.2597
     76.2597
     76.2589
     76.2589
     76.2588
     76.2592
     76.2589
     76.2588
     76.2589
     76.2602
     76.2588
     76.2587
     80.6626
     80.8025
     76.2587
     76.2587
     76.2594
     76.2594
     76.2587
     76.2587
     76.2586
     76.2589
     76.2587
     76.2586
     76.2588
     76.2599
     76.2586
     76.2585
     80.6605
     80.8038
     76.2585
     76.2585
     76.2592
     76.2592
     76.2585
     76.2585
     76.2584
     76.2587
     76.2585
     76.2583
     76.2585
     76.2597
     76.2583
     76.2582
     80.6583
     80.8052
     76.2582
     76.2582
     76.2590
     76.2590
     76.2582
     76.2582
     76.2582
     76.2585
     76.2582
     76.2581
     76.2583
     76.2595
     76.2581
     76.2580
     80.6574
     80.8054
     76.2580
     76.2938
     76.3059
     76.2831
     76.2938
     76.2504
     76.2501
     76.2507
     76.2504
     76.2501
     76.2500
     76.2517
     76.2501
     76.2498
     80.6766
     80.7759
     76.2498
     76.2498
     76.2506
     76.2506
     76.2498
     76.2498
     76.2496
     76.2501
     76.2498
     76.2496
     76.2495
     76.2512
     76.2496
     76.2493
     80.6732
     80.7778
     76.2493
     76.2493
     76.2501
     76.2501
     76.2493
     76.2493
     76.2491
     76.2496
     76.2493
     76.2491
     76.2490
     76.2507
     76.2491
     76.2488
     80.6698
     80.7797
     76.2488
     76.2488
     76.2496
     76.2496
     76.2488
     76.2488
     76.2487
     76.2491
     76.2488
     76.2486
     76.2486
     76.2501
     76.2486
     76.2484
     80.6676
     80.7806
     76.2484
     76.2484
     76.2492
     76.2492
     76.2484
     76.2484
     76.2483
     76.2487
     76.2484
     76.2482
     76.2482
     76.2498
     76.2482
     76.2480
     80.6655
     80.7815
     76.2480
     76.2480
     76.2488
     76.2488
     76.2480
     76.2480
     76.2479
     76.2483
     76.2480
     76.2478
     76.2479
     76.2493
     76.2478
     76.2477
     80.6621
     80.7837
     76.2477
     76.2477
     76.2484
     76.2484
     76.2477
     76.2477
     76.2475
     76.2479
     76.2477
     76.2475
     76.2475
     76.2490
     76.2475
     76.2473
     80.6600
     80.7847
     76.2473
     76.2473
     76.2481
     76.2481
     76.2473
     76.2473
     76.2472
     76.2476
     76.2473
     76.2472
     76.2473
     76.2486
     76.2472
     76.2470
     80.6578
     80.7859
     76.2470
     76.2470
     76.2478
     76.2478
     76.2470
     76.2470
     76.2469
     76.2473
     76.2470
     76.2469
     76.2469
     76.2483
     76.2469
     76.2467
     80.6557
     80.7870
     76.2467
     76.2467
     76.2475
     76.2475
     76.2467
     76.2467
     76.2466
     76.2470
     76.2467
     76.2466
     76.2467
     76.2479
     76.2466
     76.2464
     80.6535
     80.7883
     76.2464
     76.2464
     76.2472
     76.2472
     76.2464
     76.2464
     76.2463
     76.2467
     76.2464
     76.2463
     76.2464
     76.2477
     76.2463
     76.2462
     80.6514
     80.7895
     76.2462
     76.2462
     76.2469
     76.2469
     76.2462
     76.2462
     76.2461
     76.2464
     76.2462
     76.2461
     76.2463
     76.2474
     76.2461
     76.2460
     80.6504
     80.7898
     76.2460
     76.2460
     76.2467
     76.2467
     76.2460
     76.2460
     76.2459
     76.2462
     76.2460
     76.2459
     76.2460
     76.2472
     76.2459
     76.2457
     80.6483
     80.7912
     76.2457
     76.2457
     76.2465
     76.2465
     76.2457
     76.2457
     76.2457
     76.2460
     76.2457
     76.2457
     76.2459
     76.2469
     76.2457
     76.2456
     80.6461
     80.7926
     76.2456
     76.2814
     76.2935
     76.2707
     76.2814
     76.2379
     76.2377
     76.2383
     76.2379
     76.2377
     76.2375
     76.2393
     76.2377
     76.2374
     80.6654
     80.7631
     76.2374
     76.2374
     76.2381
     76.2381
     76.2374
     76.2374
     76.2372
     76.2377
     76.2374
     76.2371
     76.2370
     76.2388
     76.2371
     76.2369
     80.6620
     80.7649
     76.2369
     76.2369
     76.2376
     76.2376
     76.2369
     76.2369
     76.2367
     76.2372
     76.2369
     76.2366
     76.2366
     76.2382
     76.2366
     76.2364
     80.6598
     80.7657
     76.2364
     76.2364
     76.2372
     76.2371
     76.2364
     76.2364
     76.2362
     76.2367
     76.2364
     76.2362
     76.2361
     76.2377
     76.2362
     76.2360
     80.6564
     80.7678
     76.2360
     76.2360
     76.2367
     76.2367
     76.2360
     76.2360
     76.2358
     76.2363
     76.2360
     76.2358
     76.2357
     76.2373
     76.2358
     76.2355
     80.6531
     80.7698
     76.2355
     76.2355
     76.2363
     76.2363
     76.2355
     76.2355
     76.2354
     76.2358
     76.2355
     76.2354
     76.2354
     76.2368
     76.2354
     76.2352
     80.6509
     80.7708
     76.2352
     76.2352
     76.2359
     76.2359
     76.2352
     76.2352
     76.2350
     76.2355
     76.2352
     76.2350
     76.2350
     76.2365
     76.2350
     76.2348
     80.6487
     80.7719
     76.2348
     76.2348
     76.2356
     76.2356
     76.2348
     76.2348
     76.2347
     76.2351
     76.2348
     76.2347
     76.2347
     76.2361
     76.2347
     76.2345
     80.6465
     80.7730
     76.2345
     76.2345
     76.2353
     76.2352
     76.2345
     76.2345
     76.2344
     76.2348
     76.2345
     76.2343
     76.2345
     76.2357
     76.2343
     76.2342
     80.6443
     80.7742
     76.2342
     76.2342
     76.2350
     76.2350
     76.2342
     76.2342
     76.2341
     76.2345
     76.2342
     76.2341
     76.2342
     76.2355
     76.2341
     76.2339
     80.6422
     80.7755
     76.2339
     76.2339
     76.2347
     76.2347
     76.2339
     76.2339
     76.2338
     76.2342
     76.2339
     76.2338
     76.2339
     76.2352
     76.2338
     76.2337
     80.6400
     80.7768
     76.2337
     76.2337
     76.2344
     76.2344
     76.2337
     76.2337
     76.2336
     76.2339
     76.2337
     76.2336
     76.2337
     76.2349
     76.2336
     76.2334
     80.6390
     80.7770
     76.2334
     76.2334
     76.2342
     76.2342
     76.2334
     76.2334
     76.2333
     76.2337
     76.2334
     76.2333
     76.2335
     76.2346
     76.2333
     76.2332
     80.6357
     80.7795
     76.2332
     76.2332
     76.2340
     76.2340
     76.2332
     76.2332
     76.2331
     76.2334
     76.2332
     76.2331
     76.2333
     76.2344
     76.2331
     76.2330
     80.6336
     80.7809
     76.2330
     76.2688
     76.2809
     76.2581
     76.2688
     76.2254
     76.2252
     76.2258
     76.2254
     76.2251
     76.2250
     76.2268
     76.2251
     76.2249
     80.6529
     80.7514
     76.2249
     76.2249
     76.2256
     76.2256
     76.2249
     76.2249
     76.2247
     76.2252
     76.2249
     76.2246
     76.2245
     76.2262
     76.2246
     76.2244
     80.6506
     80.7521
     76.2244
     76.2244
     76.2251
     76.2251
     76.2244
     76.2244
     76.2242
     76.2247
     76.2244
     76.2241
     76.2240
     76.2257
     76.2241
     76.2239
     80.6472
     80.7541
     76.2239
     76.2239
     76.2246
     76.2246
     76.2239
     76.2239
     76.2237
     76.2242
     76.2239
     76.2236
     76.2236
     76.2252
     76.2236
     76.2234
     80.6438
     80.7561
     76.2234
     76.2234
     76.2242
     76.2242
     76.2234
     76.2234
     76.2233
     76.2237
     76.2234
     76.2232
     76.2232
     76.2247
     76.2232
     76.2230
     80.6427
     80.7559
     76.2230
     76.2230
     76.2238
     76.2238
     76.2230
     76.2230
     76.2229
     76.2233
     76.2230
     76.2228
     76.2228
     76.2243
     76.2228
     76.2226
     80.6394
     80.7581
     76.2226
     76.2226
     76.2234
     76.2234
     76.2226
     76.2226
     76.2225
     76.2229
     76.2226
     76.2225
     76.2225
     76.2240
     76.2225
     76.2223
     80.6372
     80.7592
     76.2223
     76.2223
     76.2230
     76.2230
     76.2223
     76.2223
     76.2221
     76.2226
     76.2223
     76.2221
     76.2222
     76.2236
     76.2221
     76.2220
     80.6350
     80.7603
     76.2220
     76.2220
     76.2227
     76.2227
     76.2220
     76.2220
     76.2218
     76.2222
     76.2220
     76.2218
     76.2219
     76.2232
     76.2218
     76.2217
     80.6316
     80.7626
     76.2217
     76.2217
     76.2224
     76.2224
     76.2217
     76.2217
     76.2215
     76.2219
     76.2217
     76.2215
     76.2216
     76.2229
     76.2215
     76.2214
     80.6306
     80.7627
     76.2214
     76.2214
     76.2221
     76.2221
     76.2214
     76.2214
     76.2213
     76.2216
     76.2214
     76.2212
     76.2214
     76.2226
     76.2212
     76.2211
     80.6284
     80.7641
     76.2211
     76.2211
     76.2219
     76.2219
     76.2211
     76.2211
     76.2210
     76.2214
     76.2211
     76.2210
     76.2211
     76.2223
     76.2210
     76.2209
     80.6262
     80.7654
     76.2209
     76.2209
     76.2216
     76.2216
     76.2209
     76.2209
     76.2208
     76.2211
     76.2209
     76.2208
     76.2210
     76.2221
     76.2208
     76.2207
     80.6241
     80.7668
     76.2207
     76.2207
     76.2214
     76.2214
     76.2207
     76.2207
     76.2206
     76.2209
     76.2207
     76.2206
     76.2207
     76.2219
     76.2206
     76.2204
     80.6219
     80.7682
     76.2204
     76.2204
     76.2212
     76.2212
     76.2204
     76.2204
     76.2204
     76.2207
     76.2204
     76.2203
     76.2206
     76.2216
     76.2203
     76.2203
     80.6209
     80.7686
     76.2203
     76.2560
     76.2682
     76.2453
     76.2560
     76.2126
     76.2124
     76.2129
     76.2126
     76.2123
     76.2121
     76.2140
     76.2123
     76.2120
     80.6401
     80.7390
     76.2120
     76.2120
     76.2128
     76.2128
     76.2120
     76.2120
     76.2118
     76.2124
     76.2120
     76.2118
     76.2117
     76.2134
     76.2118
     76.2115
     80.6367
     80.7409
     76.2115
     76.2115
     76.2123
     76.2123
     76.2115
     76.2115
     76.2113
     76.2118
     76.2115
     76.2113
     76.2112
     76.2129
     76.2113
     76.2111
     80.6344
     80.7418
     76.2111
     76.2111
     76.2118
     76.2118
     76.2111
     76.2111
     76.2109
     76.2114
     76.2111
     76.2108
     76.2108
     76.2124
     76.2108
     76.2107
     80.6310
     80.7439
     76.2107
     76.2107
     76.2114
     76.2114
     76.2107
     76.2107
     76.2105
     76.2109
     76.2107
     76.2105
     76.2104
     76.2120
     76.2105
     76.2102
     80.6287
     80.7449
     76.2102
     76.2102
     76.2110
     76.2110
     76.2102
     76.2102
     76.2101
     76.2105
     76.2102
     76.2101
     76.2101
     76.2115
     76.2101
     76.2099
     80.6265
     80.7460
     76.2099
     76.2099
     76.2106
     76.2106
     76.2099
     76.2099
     76.2097
     76.2102
     76.2099
     76.2097
     76.2097
     76.2112
     76.2097
     76.2095
     80.6231
     80.7482
     76.2095
     76.2095
     76.2103
     76.2103
     76.2095
     76.2095
     76.2094
     76.2098
     76.2095
     76.2094
     76.2095
     76.2108
     76.2094
     76.2092
     80.6221
     80.7483
     76.2092
     76.2092
     76.2100
     76.2100
     76.2092
     76.2092
     76.2091
     76.2095
     76.2092
     76.2091
     76.2092
     76.2105
     76.2091
     76.2089
     80.6199
     80.7496
     76.2089
     76.2089
     76.2097
     76.2097
     76.2089
     76.2089
     76.2088
     76.2092
     76.2089
     76.2088
     76.2089
     76.2102
     76.2088
     76.2087
     80.6177
     80.7509
     76.2087
     76.2087
     76.2094
     76.2094
     76.2087
     76.2087
     76.2086
     76.2089
     76.2087
     76.2085
     76.2087
     76.2099
     76.2085
     76.2084
     80.6155
     80.7522
     76.2084
     76.2084
     76.2092
     76.2092
     76.2084
     76.2084
     76.2083
     76.2087
     76.2084
     76.2083
     76.2085
     76.2096
     76.2083
     76.2082
     80.6133
     80.7536
     76.2082
     76.2082
     76.2089
     76.2089
     76.2082
     76.2082
     76.2081
     76.2084
     76.2082
     76.2081
     76.2082
     76.2094
     76.2081
     76.2080
     80.6111
     80.7550
     76.2080
     76.2080
     76.2087
     76.2087
     76.2080
     76.2080
     76.2079
     76.2082
     76.2080
     76.2079
     76.2081
     76.2091
     76.2079
     76.2078
     80.6089
     80.7565
     76.2078
     76.2435
     76.2557
     76.2329
     76.2435
     76.2002
     76.2000
     76.2005
     76.2002
     76.1999
     76.1997
     76.2015
     76.1999
     76.1996
     80.6282
     80.7269
     76.1996
     76.1996
     76.2004
     76.2004
     76.1996
     76.1996
     76.1994
     76.1999
     76.1996
     76.1994
     76.1992
     76.2010
     76.1994
     76.1991
     80.6259
     80.7277
     76.1991
     76.1991
     76.1999
     76.1999
     76.1991
     76.1991
     76.1989
     76.1994
     76.1991
     76.1989
     76.1988
     76.2005
     76.1989
     76.1986
     80.6225
     80.7297
     76.1986
     76.1986
     76.1994
     76.1994
     76.1986
     76.1986
     76.1984
     76.1989
     76.1986
     76.1984
     76.1983
     76.1999
     76.1984
     76.1982
     80.6190
     80.7318
     76.1982
     76.1982
     76.1989
     76.1989
     76.1982
     76.1982
     76.1980
     76.1985
     76.1982
     76.1980
     76.1979
     76.1995
     76.1980
     76.1978
     80.6167
     80.7328
     76.1978
     76.1978
     76.1985
     76.1985
     76.1978
     76.1978
     76.1976
     76.1981
     76.1978
     76.1976
     76.1976
     76.1990
     76.1976
     76.1974
     80.6145
     80.7339
     76.1974
     76.1974
     76.1981
     76.1981
     76.1974
     76.1974
     76.1972
     76.1977
     76.1974
     76.1972
     76.1972
     76.1987
     76.1972
     76.1970
     80.6122
     80.7350
     76.1970
     76.1970
     76.1978
     76.1978
     76.1970
     76.1970
     76.1969
     76.1973
     76.1970
     76.1969
     76.1969
     76.1983
     76.1969
     76.1967
     80.6100
     80.7362
     76.1967
     76.1967
     76.1975
     76.1975
     76.1967
     76.1967
     76.1966
     76.1970
     76.1967
     76.1966
     76.1967
     76.1980
     76.1966
     76.1964
     80.6078
     80.7375
     76.1964
     76.1964
     76.1972
     76.1972
     76.1964
     76.1964
     76.1963
     76.1967
     76.1964
     76.1963
     76.1964
     76.1977
     76.1963
     76.1961
     80.6056
     80.7388
     76.1961
     76.1961
     76.1969
     76.1969
     76.1961
     76.1961
     76.1960
     76.1964
     76.1961
     76.1960
     76.1962
     76.1974
     76.1960
     76.1959
     80.6033
     80.7401
     76.1959
     76.1959
     76.1966
     76.1966
     76.1959
     76.1959
     76.1958
     76.1961
     76.1959
     76.1958
     76.1959
     76.1971
     76.1958
     76.1957
     80.6023
     80.7403
     76.1957
     76.1957
     76.1964
     76.1964
     76.1957
     76.1957
     76.1955
     76.1959
     76.1957
     76.1955
     76.1957
     76.1969
     76.1955
     76.1954
     80.6001
     80.7418
     76.1954
     76.1954
     76.1962
     76.1962
     76.1954
     76.1954
     76.1953
     76.1957
     76.1954
     76.1953
     76.1956
     76.1966
     76.1953
     76.1952
     80.5979
     80.7433
     76.1952
     76.1952
     76.1960
     76.1960
     76.1952
     76.1952
     76.1951
     76.1955
     76.1952
     76.1951
     76.1953
     76.1965
     76.1951
     76.1950
     80.5957
     80.7448
     76.1950
     76.2307
     76.2429
     76.2201
     76.2307
     76.1873
     76.1871
     76.1877
     76.1873
     76.1871
     76.1870
     76.1887
     76.1871
     76.1868
     80.6161
     80.7140
     76.1868
     76.1868
     76.1876
     76.1876
     76.1868
     76.1868
     76.1866
     76.1871
     76.1868
     76.1866
     76.1864
     76.1882
     76.1866
     76.1863
     80.6126
     80.7160
     76.1863
     76.1863
     76.1871
     76.1871
     76.1863
     76.1863
     76.1861
     76.1866
     76.1863
     76.1861
     76.1860
     76.1876
     76.1861
     76.1859
     80.6091
     80.7181
     76.1859
     76.1859
     76.1866
     76.1866
     76.1859
     76.1859
     76.1857
     76.1862
     76.1859
     76.1856
     76.1856
     76.1872
     76.1856
     76.1854
     80.6068
     80.7191
     76.1854
     76.1854
     76.1862
     76.1862
     76.1854
     76.1854
     76.1853
     76.1857
     76.1854
     76.1852
     76.1852
     76.1868
     76.1852
     76.1850
     80.6045
     80.7202
     76.1850
     76.1850
     76.1858
     76.1858
     76.1850
     76.1850
     76.1849
     76.1853
     76.1850
     76.1849
     76.1849
     76.1863
     76.1849
     76.1847
     80.6022
     80.7213
     76.1847
     76.1847
     76.1854
     76.1854
     76.1847
     76.1847
     76.1845
     76.1849
     76.1847
     76.1845
     76.1846
     76.1860
     76.1845
     76.1843
     80.5988
     80.7236
     76.1843
     76.1843
     76.1851
     76.1851
     76.1843
     76.1843
     76.1842
     76.1846
     76.1843
     76.1842
     76.1842
     76.1856
     76.1842
     76.1840
     80.5966
     80.7248
     76.1840
     76.1840
     76.1848
     76.1848
     76.1840
     76.1840
     76.1839
     76.1843
     76.1840
     76.1839
     76.1840
     76.1853
     76.1839
     76.1837
     80.5943
     80.7261
     76.1837
     76.1837
     76.1845
     76.1845
     76.1837
     76.1837
     76.1836
     76.1840
     76.1837
     76.1836
     76.1837
     76.1850
     76.1836
     76.1835
     80.5921
     80.7274
     76.1835
     76.1835
     76.1842
     76.1842
     76.1835
     76.1835
     76.1833
     76.1837
     76.1835
     76.1833
     76.1835
     76.1847
     76.1833
     76.1832
     80.5899
     80.7288
     76.1832
     76.1832
     76.1840
     76.1840
     76.1832
     76.1832
     76.1831
     76.1835
     76.1832
     76.1831
     76.1832
     76.1844
     76.1831
     76.1830
     80.5877
     80.7302
     76.1830
     76.1830
     76.1837
     76.1837
     76.1830
     76.1830
     76.1829
     76.1832
     76.1830
     76.1829
     76.1831
     76.1842
     76.1829
     76.1828
     80.5866
     80.7305
     76.1828
     76.1828
     76.1835
     76.1835
     76.1828
     76.1828
     76.1827
     76.1830
     76.1828
     76.1827
     76.1828
     76.1840
     76.1827
     76.1826
     80.5855
     80.7309
     76.1826
     76.2184
     76.2306
     76.2078
     76.2184
     76.1749
     76.1747
     76.1753
     76.1749
     76.1746
     76.1745
     76.1763
     76.1746
     76.1744
     80.6037
     80.7025
     76.1744
     76.1744
     76.1751
     76.1752
     76.1744
     76.1744
     76.1742
     76.1747
     76.1744
     76.1741
     76.1740
     76.1758
     76.1741
     76.1739
     80.6013
     80.7033
     76.1739
     76.1739
     76.1746
     76.1746
     76.1739
     76.1739
     76.1737
     76.1742
     76.1739
     76.1737
     76.1735
     76.1753
     76.1737
     76.1734
     80.5978
     80.7054
     76.1734
     76.1734
     76.1742
     76.1742
     76.1734
     76.1734
     76.1732
     76.1737
     76.1734
     76.1732
     76.1732
     76.1747
     76.1732
     76.1730
     80.5955
     80.7064
     76.1730
     76.1730
     76.1737
     76.1737
     76.1730
     76.1730
     76.1728
     76.1733
     76.1730
     76.1728
     76.1728
     76.1743
     76.1728
     76.1726
     80.5932
     80.7075
     76.1726
     76.1726
     76.1733
     76.1733
     76.1726
     76.1726
     76.1724
     76.1729
     76.1726
     76.1724
     76.1724
     76.1739
     76.1724
     76.1722
     80.5897
     80.7097
     76.1722
     76.1722
     76.1729
     76.1729
     76.1722
     76.1722
     76.1720
     76.1725
     76.1722
     76.1720
     76.1721
     76.1735
     76.1720
     76.1718
     80.5874
     80.7109
     76.1718
     76.1718
     76.1726
     76.1726
     76.1718
     76.1718
     76.1717
     76.1721
     76.1718
     76.1717
     76.1718
     76.1731
     76.1717
     76.1715
     80.5852
     80.7121
     76.1715
     76.1715
     76.1723
     76.1723
     76.1715
     76.1715
     76.1714
     76.1718
     76.1715
     76.1714
     76.1714
     76.1728
     76.1714
     76.1712
     80.5829
     80.7134
     76.1712
     76.1712
     76.1720
     76.1720
     76.1712
     76.1712
     76.1711
     76.1715
     76.1712
     76.1711
     76.1712
     76.1724
     76.1711
     76.1710
     80.5806
     80.7148
     76.1710
     76.1710
     76.1717
     76.1717
     76.1710
     76.1710
     76.1708
     76.1712
     76.1710
     76.1708
     76.1709
     76.1722
     76.1708
     76.1707
     80.5784
     80.7161
     76.1707
     76.1707
     76.1714
     76.1714
     76.1707
     76.1707
     76.1706
     76.1709
     76.1707
     76.1706
     76.1707
     76.1719
     76.1706
     76.1704
     80.5762
     80.7175
     76.1704
     76.1704
     76.1712
     76.1712
     76.1704
     76.1704
     76.1703
     76.1707
     76.1704
     76.1703
     76.1705
     76.1716
     76.1703
     76.1702
     80.5751
     80.7178
     76.1702
     76.1702
     76.1710
     76.1710
     76.1702
     76.1702
     76.1701
     76.1705
     76.1702
     76.1701
     76.1703
     76.1714
     76.1701
     76.1700
     80.5729
     80.7193
     76.1700
     76.2059
     76.2180
     76.1952
     76.2059
     76.1624
     76.1622
     76.1628
     76.1624
     76.1622
     76.1620
     76.1638
     76.1622
     76.1619
     80.5922
     80.6897
     76.1619
     76.1619
     76.1626
     76.1626
     76.1619
     76.1619
     76.1617
     76.1622
     76.1619
     76.1616
     76.1615
     76.1632
     76.1616
     76.1614
     80.5887
     80.6917
     76.1614
     76.1614
     76.1621
     76.1621
     76.1614
     76.1614
     76.1612
     76.1617
     76.1614
     76.1611
     76.1611
     76.1627
     76.1611
     76.1609
     80.5863
     80.6927
     76.1609
     76.1609
     76.1617
     76.1617
     76.1609
     76.1609
     76.1607
     76.1612
     76.1609
     76.1607
     76.1606
     76.1623
     76.1607
     76.1605
     80.5839
     80.6937
     76.1605
     76.1605
     76.1612
     76.1612
     76.1605
     76.1605
     76.1603
     76.1608
     76.1605
     76.1602
     76.1602
     76.1618
     76.1602
     76.1600
     80.5804
     80.6959
     76.1600
     76.1600
     76.1608
     76.1608
     76.1600
     76.1600
     76.1599
     76.1603
     76.1600
     76.1598
     76.1598
     76.1614
     76.1598
     76.1597
     80.5781
     80.6970
     76.1597
     76.1597
     76.1604
     76.1604
     76.1597
     76.1597
     76.1595
     76.1599
     76.1597
     76.1595
     76.1595
     76.1609
     76.1595
     76.1593
     80.5758
     80.6983
     76.1593
     76.1593
     76.1601
     76.1601
     76.1593
     76.1593
     76.1592
     76.1596
     76.1593
     76.1591
     76.1592
     76.1606
     76.1591
     76.1590
     80.5735
     80.6995
     76.1590
     76.1590
     76.1597
     76.1597
     76.1590
     76.1590
     76.1589
     76.1593
     76.1590
     76.1588
     76.1589
     76.1603
     76.1588
     76.1587
     80.5712
     80.7008
     76.1587
     76.1587
     76.1594
     76.1594
     76.1587
     76.1587
     76.1586
     76.1589
     76.1587
     76.1585
     76.1586
     76.1599
     76.1585
     76.1584
     80.5690
     80.7021
     76.1584
     76.1584
     76.1591
     76.1591
     76.1584
     76.1584
     76.1583
     76.1586
     76.1584
     76.1583
     76.1584
     76.1596
     76.1583
     76.1581
     80.5678
     80.7024
     76.1581
     76.1581
     76.1589
     76.1589
     76.1581
     76.1581
     76.1580
     76.1584
     76.1581
     76.1580
     76.1582
     76.1594
     76.1580
     76.1579
     80.5644
     80.7049
     76.1579
     76.1579
     76.1586
     76.1587
     76.1579
     76.1579
     76.1578
     76.1581
     76.1579
     76.1578
     76.1580
     76.1591
     76.1578
     76.1577
     80.5633
     80.7053
     76.1577
     76.1577
     76.1584
     76.1584
     76.1577
     76.1577
     76.1576
     76.1579
     76.1577
     76.1576
     76.1578
     76.1589
     76.1576
     76.1575
     80.5611
     80.7068
     76.1575
     76.1575
     76.1582
     76.1582
     76.1575
     76.1575
     76.1574
     76.1577
     76.1575
     76.1574
     76.1576
     76.1586
     76.1574
     76.1573
     80.5600
     80.7072
     76.1573
     76.1931
     76.2053
     76.1824
     76.1931
     76.1496
     76.1494
     76.1499
     76.1496
     76.1493
     76.1492
     76.1509
     76.1493
     76.1491
     80.5793
     80.6776
     76.1491
     76.1491
     76.1498
     76.1498
     76.1491
     76.1491
     76.1489
     76.1494
     76.1491
     76.1488
     76.1487
     76.1505
     76.1488
     76.1486
     80.5757
     80.6797
     76.1486
     76.1486
     76.1493
     76.1493
     76.1486
     76.1486
     76.1484
     76.1489
     76.1486
     76.1483
     76.1482
     76.1499
     76.1483
     76.1481
     80.5722
     80.6817
     76.1481
     76.1481
     76.1488
     76.1489
     76.1481
     76.1481
     76.1479
     76.1484
     76.1481
     76.1479
     76.1479
     76.1494
     76.1479
     76.1477
     80.5698
     80.6828
     76.1477
     76.1477
     76.1484
     76.1484
     76.1477
     76.1477
     76.1475
     76.1480
     76.1477
     76.1475
     76.1474
     76.1490
     76.1475
     76.1473
     80.5674
     80.6839
     76.1473
     76.1473
     76.1480
     76.1480
     76.1473
     76.1473
     76.1471
     76.1476
     76.1473
     76.1471
     76.1471
     76.1485
     76.1471
     76.1469
     80.5639
     80.6863
     76.1469
     76.1469
     76.1476
     76.1477
     76.1469
     76.1469
     76.1468
     76.1472
     76.1469
     76.1467
     76.1468
     76.1482
     76.1467
     76.1466
     80.5628
     80.6864
     76.1466
     76.1466
     76.1473
     76.1473
     76.1466
     76.1466
     76.1464
     76.1468
     76.1466
     76.1464
     76.1465
     76.1479
     76.1464
     76.1463
     80.5605
     80.6877
     76.1463
     76.1463
     76.1470
     76.1470
     76.1463
     76.1463
     76.1461
     76.1465
     76.1463
     76.1461
     76.1462
     76.1475
     76.1461
     76.1460
     80.5582
     80.6890
     76.1460
     76.1460
     76.1467
     76.1467
     76.1460
     76.1460
     76.1458
     76.1462
     76.1460
     76.1458
     76.1459
     76.1472
     76.1458
     76.1457
     80.5559
     80.6904
     76.1457
     76.1457
     76.1464
     76.1464
     76.1457
     76.1457
     76.1456
     76.1459
     76.1457
     76.1456
     76.1457
     76.1469
     76.1456
     76.1454
     80.5536
     80.6918
     76.1454
     76.1454
     76.1462
     76.1462
     76.1454
     76.1454
     76.1453
     76.1457
     76.1454
     76.1453
     76.1455
     76.1466
     76.1453
     76.1452
     80.5525
     80.6922
     76.1452
     76.1452
     76.1460
     76.1460
     76.1452
     76.1452
     76.1451
     76.1455
     76.1452
     76.1451
     76.1453
     76.1465
     76.1451
     76.1450
     80.5502
     80.6936
     76.1450
     76.1450
     76.1457
     76.1457
     76.1450
     76.1450
     76.1449
     76.1452
     76.1450
     76.1449
     76.1451
     76.1462
     76.1449
     76.1448
     80.5491
     80.6940
     76.1448
     76.1807
     76.1929
     76.1700
     76.1807
     76.1372
     76.1370
     76.1375
     76.1372
     76.1369
     76.1368
     76.1386
     76.1369
     76.1366
     80.5673
     80.6656
     76.1366
     76.1366
     76.1374
     76.1374
     76.1366
     76.1366
     76.1364
     76.1370
     76.1366
     76.1364
     76.1363
     76.1380
     76.1364
     76.1361
     80.5649
     80.6665
     76.1361
     76.1361
     76.1369
     76.1369
     76.1361
     76.1361
     76.1359
     76.1364
     76.1361
     76.1359
     76.1358
     76.1375
     76.1359
     76.1357
     80.5624
     80.6675
     76.1357
     76.1357
     76.1364
     76.1364
     76.1357
     76.1357
     76.1355
     76.1360
     76.1357
     76.1354
     76.1354
     76.1370
     76.1354
     76.1352
     80.5589
     80.6698
     76.1352
     76.1352
     76.1360
     76.1360
     76.1352
     76.1352
     76.1351
     76.1355
     76.1352
     76.1350
     76.1350
     76.1366
     76.1350
     76.1348
     80.5565
     80.6709
     76.1348
     76.1348
     76.1356
     76.1356
     76.1348
     76.1348
     76.1347
     76.1351
     76.1348
     76.1346
     76.1346
     76.1362
     76.1346
     76.1344
     80.5530
     80.6732
     76.1344
     76.1344
     76.1352
     76.1352
     76.1344
     76.1344
     76.1343
     76.1347
     76.1344
     76.1343
     76.1343
     76.1357
     76.1343
     76.1341
     80.5506
     80.6744
     76.1341
     76.1341
     76.1348
     76.1349
     76.1341
     76.1341
     76.1340
     76.1344
     76.1341
     76.1339
     76.1340
     76.1354
     76.1339
     76.1338
     80.5483
     80.6757
     76.1338
     76.1338
     76.1345
     76.1345
     76.1338
     76.1338
     76.1336
     76.1340
     76.1338
     76.1336
     76.1337
     76.1351
     76.1336
     76.1335
     80.5460
     80.6770
     76.1335
     76.1335
     76.1342
     76.1342
     76.1335
     76.1335
     76.1333
     76.1337
     76.1335
     76.1333
     76.1334
     76.1347
     76.1333
     76.1332
     80.5437
     80.6784
     76.1332
     76.1332
     76.1339
     76.1339
     76.1332
     76.1332
     76.1331
     76.1334
     76.1332
     76.1331
     76.1332
     76.1344
     76.1331
     76.1329
     80.5425
     80.6787
     76.1329
     76.1329
     76.1337
     76.1337
     76.1329
     76.1329
     76.1328
     76.1332
     76.1329
     76.1328
     76.1330
     76.1342
     76.1328
     76.1327
     80.5402
     80.6802
     76.1327
     76.1327
     76.1334
     76.1334
     76.1327
     76.1327
     76.1326
     76.1329
     76.1327
     76.1326
     76.1328
     76.1339
     76.1326
     76.1325
     80.5391
     80.6806
     76.1325
     76.1325
     76.1332
     76.1332
     76.1325
     76.1325
     76.1324
     76.1327
     76.1325
     76.1324
     76.1326
     76.1337
     76.1324
     76.1323
     80.5368
     80.6821
     76.1323
     76.1682
     76.1803
     76.1575
     76.1682
     76.1247
     76.1245
     76.1250
     76.1247
     76.1244
     76.1243
     76.1260
     76.1244
     76.1242
