     30.1525
     30.1162
     27.6698
     27.6698
   4 1   7   0.001  700.0 1280.0                                                                                                                                                                         
     27.6699
     27.6698
     27.6698
     27.6696
   4 1   2   0.001  -1.0   100.0                                                                                                                                                                         
     27.6680
     27.6674
     27.6675
     27.6674
   4 1   7   0.001  700.0 1280.0                                                                                                                                                                         
     27.6674
     27.6674
     27.6674
     27.6674
   4 1   1   0.001  -10.0    0.0                                                                                                                                                                         
     30.1029
     30.1608
     27.6674
     27.6674
   4 1   7   0.001  700.0 1280.0                                                                                                                                                                         
     27.6674
     27.6674
     27.6674
     27.6674
   4 1   2   0.001  -1.0   100.0                                                                                                                                                                         
     27.6674
     27.6677
     27.6674
     27.6674
   4 1   7   0.001  700.0 1280.0                                                                                                                                                                         
     27.6673
     27.6674
     27.6674
     27.6673
   4 1   1   0.001  -10.0    0.0                                                                                                                                                                         
     30.1022
     30.1611
     27.6673
     27.6673
   4 1   7   0.001  700.0 1280.0                                                                                                                                                                         
     27.6673
     27.6673
     27.6673
     27.6673
   4 1   2   0.001  -1.0   100.0                                                                                                                                                                         
     27.6674
     27.6677
     27.6673
     27.6673
   4 1   7   0.001  700.0 1280.0                                                                                                                                                                         
     27.6673
     27.6673
     27.6673
     27.6672
   4 1   1   0.001  -10.0    0.0                                                                                                                                                                         
     30.1010
     30.1620
     27.6672
     27.6672
   4 1   7   0.001  700.0 1280.0                                                                                                                                                                         
     27.6672
     27.6672
     27.6672
     27.6672
   4 1   2   0.001  -1.0   100.0                                                                                                                                                                         
     27.6673
     27.6676
     27.6672
     27.6672
   4 1   7   0.001  700.0 1280.0                                                                                                                                                                         
     27.6672
     27.6672
     27.6672
     27.6672
   4 1   1   0.001  -10.0    0.0                                                                                                                                                                         
     30.1010
     30.1619
     27.6672
     27.6672
   4 1   7   0.001  700.0 1280.0                                                                                                                                                                         
     27.6672
     27.6672
     27.6672
     27.6672
   4 1   2   0.001  -1.0   100.0                                                                                                                                                                         
     27.6672
     27.6675
     27.6672
     27.6672
   4 1   7   0.001  700.0 1280.0                                                                                                                                                                         
     27.6671
     27.6672
     27.6672
     27.6671
   4 1   1   0.001  -10.0    0.0                                                                                                                                                                         
