       0     2.466440     2.466440    20.000000     2.333236     2.348075    -0.000000     0.000000   105.318927
       0     2.466440     2.466440     7.095970    13.032687    13.087494    -1.642619     0.000000    37.366997
       0     2.466440     2.466440     7.029660    13.153593    13.208197    -1.650752     0.000000    37.017812
       0     2.466440     2.466440     6.963340    13.277025    13.331440    -1.655406     0.000000    36.668575
       0     2.466440     2.466440     6.897020    13.403065    13.457310    -1.656279     0.000000    36.319337
       0     2.466440     2.466440     6.830700    13.531822    13.585922    -1.653053     0.000000    35.970100
       0     2.466440     2.466440     6.764390    13.663389    13.717374    -1.645395     0.000000    35.620915
       0     2.466440     2.466440     6.698070    13.797926    13.851832    -1.632954     0.000000    35.271677
       0     2.466440     2.466440     6.631750    13.935542    13.989411    -1.615365     0.000000    34.922440
       0     2.466440     2.466440     6.565430    14.076374    14.130255    -1.592243     0.000000    34.573202
       0     2.466440     2.466440     6.499120    14.220544    14.274496    -1.563190     0.000000    34.224017
       0     2.466440     2.466440     6.432800    14.368251    14.422339    -1.527777     0.000000    33.874780
       0     2.466440     2.466440     6.366480    14.519639    14.573939    -1.485564     0.000000    33.525542
       0     2.466440     2.466440     6.300160    14.674883    14.729479    -1.436088     0.000000    33.176305
       0     2.466440     2.466440     6.233850    14.834147    14.889136    -1.378869     0.000000    32.827120
       0     2.466440     2.466440     6.167530    14.997679    15.053169    -1.313377     0.000000    32.477882
