       0     2.466440     2.466440    20.000000 -2986.751500  -463.070607     0.001015     0.000000   105.318927
       0     2.466440     2.466440     7.095970 -7932.428926 22866.474751 ************     0.000000    37.366997
       0     2.466440     2.466440     7.029660 -7839.696386 23607.953479 ************     0.000000    37.017812
       0     2.466440     2.466440     6.963340 -7754.853291 24368.363264 ************     0.000000    36.668575
       0     2.466440     2.466440     6.897020 -7678.773338 25147.968282 ************     0.000000    36.319337
       0     2.466440     2.466440     6.830700 -7612.289487 25947.246043 ************     0.000000    35.970100
       0     2.466440     2.466440     6.764390 -7556.108221 26766.611352 ************     0.000000    35.620915
       0     2.466440     2.466440     6.698070 -7510.885245 27606.839139 ************     0.000000    35.271677
       0     2.466440     2.466440     6.631750 -7477.387383 28468.182555 ************     0.000000    34.922440
       0     2.466440     2.466440     6.565430 -7456.336934 29350.910906 ************     0.000000    34.573202
       0     2.466440     2.466440     6.499120 -7448.152594 30255.259485 ************     0.000000    34.224017
       0     2.466440     2.466440     6.432800 -7453.048729 31181.723568 ************     0.000000    33.874780
       0     2.466440     2.466440     6.366480 -7471.365872 32130.186273 ************     0.000000    33.525542
       0     2.466440     2.466440     6.300160 -7502.977850 33101.140086 ************     0.000000    33.176305
       0     2.466440     2.466440     6.233850 -7546.686102 34095.989062 ************     0.000000    32.827120
       0     2.466440     2.466440     6.167530 -7601.404321 35116.551125 ************     0.000000    32.477882
       0     2.466440     2.466440    20.000000 -2951.836631  -469.728891     0.001003     0.000000   105.318927
       0     2.466440     2.466440     7.095970 -7791.895056 22541.941658 ************     0.000000    37.366997
       0     2.466440     2.466440     7.029660 -7699.111359 23274.054832 ************     0.000000    37.017812
       0     2.466440     2.466440     6.963340 -7613.984257 24024.930809 ************     0.000000    36.668575
       0     2.466440     2.466440     6.897020 -7537.373828 24794.832309 ************     0.000000    36.319337
       0     2.466440     2.466440     6.830700 -7470.101022 25584.230903 ************     0.000000    35.970100
       0     2.466440     2.466440     6.764390 -7412.862202 26393.537634 ************     0.000000    35.620915
       0     2.466440     2.466440     6.698070 -7366.302994 27223.519741 ************     0.000000    35.271677
       0     2.466440     2.466440     6.631750 -7331.179979 28074.429170 ************     0.000000    34.922440
       0     2.466440     2.466440     6.565430 -7308.205803 28946.534935 ************     0.000000    34.573202
       0     2.466440     2.466440     6.499120 -7297.795832 29840.071979 ************     0.000000    34.224017
       0     2.466440     2.466440     6.432800 -7300.164805 30755.532354 ************     0.000000    33.874780
       0     2.466440     2.466440     6.366480 -7315.651356 31692.806034 ************     0.000000    33.525542
       0     2.466440     2.466440     6.300160 -7344.136534 32652.381012 ************     0.000000    33.176305
       0     2.466440     2.466440     6.233850 -7384.449554 33635.638701 ************     0.000000    32.827120
       0     2.466440     2.466440     6.167530 -7435.528241 34644.369903 ************     0.000000    32.477882
       0     2.466440     2.466440    20.000000 -2969.254576  -466.435288     0.001009     0.000000   105.318927
       0     2.466440     2.466440     7.095970 -7861.989245 22703.538143 ************     0.000000    37.366997
       0     2.466440     2.466440     7.029660 -7769.230870 23440.317168 ************     0.000000    37.017812
       0     2.466440     2.466440     6.963340 -7684.244928 24195.942949 ************     0.000000    36.668575
       0     2.466440     2.466440     6.897020 -7607.898288 24970.678930 ************     0.000000    36.319337
       0     2.466440     2.466440     6.830700 -7541.017891 25764.999637 ************     0.000000    35.970100
       0     2.466440     2.466440     6.764390 -7484.305152 26579.317982 ************     0.000000    35.620915
       0     2.466440     2.466440     6.698070 -7438.410725 27414.405033 ************     0.000000    35.271677
       0     2.466440     2.466440     6.631750 -7404.096305 28270.513335 ************     0.000000    34.922440
       0     2.466440     2.466440     6.565430 -7382.079358 29147.912047 ************     0.000000    34.573202
       0     2.466440     2.466440     6.499120 -7372.776925 30046.836282 ************     0.000000    34.224017
       0     2.466440     2.466440     6.432800 -7376.403575 30967.779699 ************     0.000000    33.874780
       0     2.466440     2.466440     6.366480 -7393.298906 31910.628860 ************     0.000000    33.525542
       0     2.466440     2.466440     6.300160 -7423.340390 32875.873991 ************     0.000000    33.176305
       0     2.466440     2.466440     6.233850 -7465.343435 33864.907770 ************     0.000000    32.827120
       0     2.466440     2.466440     6.167530 -7518.233876 34879.534497 ************     0.000000    32.477882
       0     2.466440     2.466440    20.000000 -2951.836631  -469.728891     0.001003     0.000000   105.318927
       0     2.466440     2.466440     7.095970 -7791.895056 22541.941658 ************     0.000000    37.366997
       0     2.466440     2.466440     7.029660 -7699.111359 23274.054832 ************     0.000000    37.017812
       0     2.466440     2.466440     6.963340 -7613.984257 24024.930809 ************     0.000000    36.668575
       0     2.466440     2.466440     6.897020 -7537.373828 24794.832309 ************     0.000000    36.319337
       0     2.466440     2.466440     6.830700 -7470.101022 25584.230903 ************     0.000000    35.970100
       0     2.466440     2.466440     6.764390 -7412.862202 26393.537634 ************     0.000000    35.620915
       0     2.466440     2.466440     6.698070 -7366.302994 27223.519741 ************     0.000000    35.271677
       0     2.466440     2.466440     6.631750 -7331.179979 28074.429170 ************     0.000000    34.922440
       0     2.466440     2.466440     6.565430 -7308.205803 28946.534935 ************     0.000000    34.573202
       0     2.466440     2.466440     6.499120 -7297.795832 29840.071979 ************     0.000000    34.224017
       0     2.466440     2.466440     6.432800 -7300.164805 30755.532354 ************     0.000000    33.874780
       0     2.466440     2.466440     6.366480 -7315.651356 31692.806034 ************     0.000000    33.525542
       0     2.466440     2.466440     6.300160 -7344.136534 32652.381012 ************     0.000000    33.176305
       0     2.466440     2.466440     6.233850 -7384.449554 33635.638701 ************     0.000000    32.827120
       0     2.466440     2.466440     6.167530 -7435.528241 34644.369903 ************     0.000000    32.477882
       0     2.466440     2.466440    20.000000 -2951.862343  -469.720454     0.001003     0.000000   105.318927
       0     2.466440     2.466440     7.095970 -7791.895055 22541.941658 ************     0.000000    37.366997
       0     2.466440     2.466440     7.029660 -7699.111358 23274.054832 ************     0.000000    37.017812
       0     2.466440     2.466440     6.963340 -7613.984256 24024.930810 ************     0.000000    36.668575
       0     2.466440     2.466440     6.897020 -7537.373827 24794.832309 ************     0.000000    36.319337
       0     2.466440     2.466440     6.830700 -7470.101021 25584.230904 ************     0.000000    35.970100
       0     2.466440     2.466440     6.764390 -7412.862201 26393.537635 ************     0.000000    35.620915
       0     2.466440     2.466440     6.698070 -7366.302993 27223.519742 ************     0.000000    35.271677
       0     2.466440     2.466440     6.631750 -7331.179978 28074.429170 ************     0.000000    34.922440
       0     2.466440     2.466440     6.565430 -7308.205802 28946.534936 ************     0.000000    34.573202
       0     2.466440     2.466440     6.499120 -7297.795831 29840.071980 ************     0.000000    34.224017
       0     2.466440     2.466440     6.432800 -7300.164804 30755.532355 ************     0.000000    33.874780
       0     2.466440     2.466440     6.366480 -7315.651355 31692.806035 ************     0.000000    33.525542
       0     2.466440     2.466440     6.300160 -7344.136533 32652.381012 ************     0.000000    33.176305
       0     2.466440     2.466440     6.233850 -7384.449553 33635.638701 ************     0.000000    32.827120
       0     2.466440     2.466440     6.167530 -7435.528240 34644.369904 ************     0.000000    32.477882
       0     2.466440     2.466440    20.000000 -2951.862343  -469.720454     0.001003     0.000000   105.318927
       0     2.466440     2.466440     7.095970 -7791.895057 22541.941657 ************     0.000000    37.366997
       0     2.466440     2.466440     7.029660 -7699.111360 23274.054831 ************     0.000000    37.017812
       0     2.466440     2.466440     6.963340 -7613.984258 24024.930809 ************     0.000000    36.668575
       0     2.466440     2.466440     6.897020 -7537.373829 24794.832308 ************     0.000000    36.319337
       0     2.466440     2.466440     6.830700 -7470.101022 25584.230903 ************     0.000000    35.970100
       0     2.466440     2.466440     6.764390 -7412.862203 26393.537633 ************     0.000000    35.620915
       0     2.466440     2.466440     6.698070 -7366.302995 27223.519740 ************     0.000000    35.271677
       0     2.466440     2.466440     6.631750 -7331.179980 28074.429169 ************     0.000000    34.922440
       0     2.466440     2.466440     6.565430 -7308.205804 28946.534934 ************     0.000000    34.573202
       0     2.466440     2.466440     6.499120 -7297.795833 29840.071979 ************     0.000000    34.224017
       0     2.466440     2.466440     6.432800 -7300.164806 30755.532353 ************     0.000000    33.874780
       0     2.466440     2.466440     6.366480 -7315.651357 31692.806033 ************     0.000000    33.525542
       0     2.466440     2.466440     6.300160 -7344.136536 32652.381011 ************     0.000000    33.176305
       0     2.466440     2.466440     6.233850 -7384.449556 33635.638700 ************     0.000000    32.827120
       0     2.466440     2.466440     6.167530 -7435.528243 34644.369902 ************     0.000000    32.477882
       0     2.466440     2.466440    20.000000 -2951.862343  -469.720454     0.001003     0.000000   105.318927
       0     2.466440     2.466440     7.095970 -7791.895056 22541.941658 ************     0.000000    37.366997
       0     2.466440     2.466440     7.029660 -7699.111359 23274.054832 ************     0.000000    37.017812
       0     2.466440     2.466440     6.963340 -7613.984257 24024.930809 ************     0.000000    36.668575
       0     2.466440     2.466440     6.897020 -7537.373828 24794.832309 ************     0.000000    36.319337
       0     2.466440     2.466440     6.830700 -7470.101022 25584.230903 ************     0.000000    35.970100
       0     2.466440     2.466440     6.764390 -7412.862202 26393.537634 ************     0.000000    35.620915
       0     2.466440     2.466440     6.698070 -7366.302994 27223.519741 ************     0.000000    35.271677
       0     2.466440     2.466440     6.631750 -7331.179979 28074.429170 ************     0.000000    34.922440
       0     2.466440     2.466440     6.565430 -7308.205803 28946.534935 ************     0.000000    34.573202
       0     2.466440     2.466440     6.499120 -7297.795832 29840.071979 ************     0.000000    34.224017
       0     2.466440     2.466440     6.432800 -7300.164805 30755.532354 ************     0.000000    33.874780
       0     2.466440     2.466440     6.366480 -7315.651356 31692.806034 ************     0.000000    33.525542
       0     2.466440     2.466440     6.300160 -7344.136534 32652.381012 ************     0.000000    33.176305
       0     2.466440     2.466440     6.233850 -7384.449554 33635.638701 ************     0.000000    32.827120
       0     2.466440     2.466440     6.167530 -7435.528241 34644.369903 ************     0.000000    32.477882
       0     2.466440     2.466440    20.000000 -2951.860387  -469.720872     0.001003     0.000000   105.318927
       0     2.466440     2.466440     7.095970 -7791.868096 22541.959190 ************     0.000000    37.366997
       0     2.466440     2.466440     7.029660 -7699.083707 23274.073077 ************     0.000000    37.017812
       0     2.466440     2.466440     6.963340 -7613.955894 24024.949789 ************     0.000000    36.668575
       0     2.466440     2.466440     6.897020 -7537.344736 24794.852044 ************     0.000000    36.319337
       0     2.466440     2.466440     6.830700 -7470.071181 25584.251415 ************     0.000000    35.970100
       0     2.466440     2.466440     6.764390 -7412.831594 26393.558943 ************     0.000000    35.620915
       0     2.466440     2.466440     6.698070 -7366.271598 27223.541869 ************     0.000000    35.271677
       0     2.466440     2.466440     6.631750 -7331.147775 28074.452140 ************     0.000000    34.922440
       0     2.466440     2.466440     6.565430 -7308.172771 28946.558769 ************     0.000000    34.573202
       0     2.466440     2.466440     6.499120 -7297.761950 29840.096701 ************     0.000000    34.224017
       0     2.466440     2.466440     6.432800 -7300.130052 30755.557986 ************     0.000000    33.874780
       0     2.466440     2.466440     6.366480 -7315.615710 31692.832602 ************     0.000000    33.525542
       0     2.466440     2.466440     6.300160 -7344.099972 32652.408539 ************     0.000000    33.176305
       0     2.466440     2.466440     6.233850 -7384.412052 33635.667213 ************     0.000000    32.827120
       0     2.466440     2.466440     6.167530 -7435.489775 34644.399427 ************     0.000000    32.477882
       0     2.466440     2.466440    20.000000 -2951.386142  -469.645222     0.001003     0.000000   105.318927
       0     2.466440     2.466440     7.095970 -7790.615612 22538.340498 ************     0.000000    37.366997
       0     2.466440     2.466440     7.029660 -7697.846112 23270.336829 ************     0.000000    37.017812
       0     2.466440     2.466440     6.963340 -7612.731957 24021.092973 ************     0.000000    36.668575
       0     2.466440     2.466440     6.897020 -7536.133090 24790.871604 ************     0.000000    36.319337
       0     2.466440     2.466440     6.830700 -7468.870327 25580.144220 ************     0.000000    35.970100
       0     2.466440     2.466440     6.764390 -7411.639919 26389.321797 ************     0.000000    35.620915
       0     2.466440     2.466440     6.698070 -7365.087388 27219.171452 ************     0.000000    35.271677
       0     2.466440     2.466440     6.631750 -7329.969193 28069.945091 ************     0.000000    34.922440
       0     2.466440     2.466440     6.565430 -7306.997865 28941.911685 ************     0.000000    34.573202
       0     2.466440     2.466440     6.499120 -7296.588703 29835.306141 ************     0.000000    34.224017
       0     2.466440     2.466440     6.432800 -7298.956411 30750.620429 ************     0.000000    33.874780
       0     2.466440     2.466440     6.366480 -7314.439568 31687.744545 ************     0.000000    33.525542
       0     2.466440     2.466440     6.300160 -7342.919242 32647.166402 ************     0.000000    33.176305
       0     2.466440     2.466440     6.233850 -7383.224835 33630.267193 ************     0.000000    32.827120
       0     2.466440     2.466440     6.167530 -7434.294341 34638.837433 ************     0.000000    32.477882
       0     2.466440     2.466440    20.000000 -2952.334632  -469.796523     0.001004     0.000000   105.318927
       0     2.466440     2.466440     7.095970 -7793.120580 22545.577882 ************     0.000000    37.366997
       0     2.466440     2.466440     7.029660 -7700.321303 23277.809325 ************     0.000000    37.017812
       0     2.466440     2.466440     6.963340 -7615.179831 24028.806606 ************     0.000000    36.668575
       0     2.466440     2.466440     6.897020 -7538.556382 24798.832485 ************     0.000000    36.319337
       0     2.466440     2.466440     6.830700 -7471.272036 25588.358610 ************     0.000000    35.970100
       0     2.466440     2.466440     6.764390 -7414.023269 26397.796089 ************     0.000000    35.620915
       0     2.466440     2.466440     6.698070 -7367.455809 27227.912287 ************     0.000000    35.271677
       0     2.466440     2.466440     6.631750 -7332.326358 28078.959189 ************     0.000000    34.922440
       0     2.466440     2.466440     6.565430 -7309.347677 28951.205853 ************     0.000000    34.573202
       0     2.466440     2.466440     6.499120 -7298.935197 29844.887262 ************     0.000000    34.224017
       0     2.466440     2.466440     6.432800 -7301.303693 30760.495544 ************     0.000000    33.874780
       0     2.466440     2.466440     6.366480 -7316.791851 31697.920658 ************     0.000000    33.525542
       0     2.466440     2.466440     6.300160 -7345.280701 32657.650676 ************     0.000000    33.176305
       0     2.466440     2.466440     6.233850 -7385.599269 33641.067234 ************     0.000000    32.827120
       0     2.466440     2.466440     6.167530 -7436.685209 34649.961421 ************     0.000000    32.477882
       0     2.466440     2.466440    20.000000 -2951.860387  -469.720872     0.001003     0.000000   105.318927
       0     2.466440     2.466440     7.095970 -7791.868096 22541.959190 ************     0.000000    37.366997
       0     2.466440     2.466440     7.029660 -7699.083707 23274.073077 ************     0.000000    37.017812
       0     2.466440     2.466440     6.963340 -7613.955894 24024.949789 ************     0.000000    36.668575
       0     2.466440     2.466440     6.897020 -7537.344736 24794.852044 ************     0.000000    36.319337
       0     2.466440     2.466440     6.830700 -7470.071181 25584.251415 ************     0.000000    35.970100
       0     2.466440     2.466440     6.764390 -7412.831594 26393.558943 ************     0.000000    35.620915
       0     2.466440     2.466440     6.698070 -7366.271598 27223.541869 ************     0.000000    35.271677
       0     2.466440     2.466440     6.631750 -7331.147775 28074.452140 ************     0.000000    34.922440
       0     2.466440     2.466440     6.565430 -7308.172771 28946.558769 ************     0.000000    34.573202
       0     2.466440     2.466440     6.499120 -7297.761950 29840.096701 ************     0.000000    34.224017
       0     2.466440     2.466440     6.432800 -7300.130052 30755.557986 ************     0.000000    33.874780
       0     2.466440     2.466440     6.366480 -7315.615710 31692.832602 ************     0.000000    33.525542
       0     2.466440     2.466440     6.300160 -7344.099972 32652.408539 ************     0.000000    33.176305
       0     2.466440     2.466440     6.233850 -7384.412052 33635.667213 ************     0.000000    32.827120
       0     2.466440     2.466440     6.167530 -7435.489775 34644.399427 ************     0.000000    32.477882
       0     2.466440     2.466440    20.000000 ************ -2268.142318     0.004834     0.000000   105.318927
       0     2.466440     2.466440     7.095970 ************ ************ ************     0.000000    37.366997
       0     2.466440     2.466440     7.029660 ************ ************ ************     0.000000    37.017812
       0     2.466440     2.466440     6.963340 ************ ************ ************     0.000000    36.668575
       0     2.466440     2.466440     6.897020 ************ ************ ************     0.000000    36.319337
       0     2.466440     2.466440     6.830700 ************ ************ ************     0.000000    35.970100
       0     2.466440     2.466440     6.764390 ************ ************ ************     0.000000    35.620915
       0     2.466440     2.466440     6.698070 ************ ************ ************     0.000000    35.271677
       0     2.466440     2.466440     6.631750 ************ ************ ************     0.000000    34.922440
       0     2.466440     2.466440     6.565430 ************ ************ ************     0.000000    34.573202
       0     2.466440     2.466440     6.499120 ************ ************ ************     0.000000    34.224017
       0     2.466440     2.466440     6.432800 ************ ************ ************     0.000000    33.874780
       0     2.466440     2.466440     6.366480 ************ ************ ************     0.000000    33.525542
       0     2.466440     2.466440     6.300160 ************ ************ ************     0.000000    33.176305
       0     2.466440     2.466440     6.233850 ************ ************ ************     0.000000    32.827120
       0     2.466440     2.466440     6.167530 ************ ************ ************     0.000000    32.477882
       0     2.466440     2.466440    20.000000 ************ -2268.142318     0.004834     0.000000   105.318927
       0     2.466440     2.466440     7.095970 ************ ************ ************     0.000000    37.366997
       0     2.466440     2.466440     7.029660 ************ ************ ************     0.000000    37.017812
       0     2.466440     2.466440     6.963340 ************ ************ ************     0.000000    36.668575
       0     2.466440     2.466440     6.897020 ************ ************ ************     0.000000    36.319337
       0     2.466440     2.466440     6.830700 ************ ************ ************     0.000000    35.970100
       0     2.466440     2.466440     6.764390 ************ ************ ************     0.000000    35.620915
       0     2.466440     2.466440     6.698070 ************ ************ ************     0.000000    35.271677
       0     2.466440     2.466440     6.631750 ************ ************ ************     0.000000    34.922440
       0     2.466440     2.466440     6.565430 ************ ************ ************     0.000000    34.573202
       0     2.466440     2.466440     6.499120 ************ ************ ************     0.000000    34.224017
       0     2.466440     2.466440     6.432800 ************ ************ ************     0.000000    33.874780
       0     2.466440     2.466440     6.366480 ************ ************ ************     0.000000    33.525542
       0     2.466440     2.466440     6.300160 ************ ************ ************     0.000000    33.176305
       0     2.466440     2.466440     6.233850 ************ ************ ************     0.000000    32.827120
       0     2.466440     2.466440     6.167530 ************ ************ ************     0.000000    32.477882
       0     2.466440     2.466440    20.000000 ************ -2268.142318     0.004834     0.000000   105.318927
       0     2.466440     2.466440     7.095970 ************ ************ ************     0.000000    37.366997
       0     2.466440     2.466440     7.029660 ************ ************ ************     0.000000    37.017812
       0     2.466440     2.466440     6.963340 ************ ************ ************     0.000000    36.668575
       0     2.466440     2.466440     6.897020 ************ ************ ************     0.000000    36.319337
       0     2.466440     2.466440     6.830700 ************ ************ ************     0.000000    35.970100
       0     2.466440     2.466440     6.764390 ************ ************ ************     0.000000    35.620915
       0     2.466440     2.466440     6.698070 ************ ************ ************     0.000000    35.271677
       0     2.466440     2.466440     6.631750 ************ ************ ************     0.000000    34.922440
       0     2.466440     2.466440     6.565430 ************ ************ ************     0.000000    34.573202
       0     2.466440     2.466440     6.499120 ************ ************ ************     0.000000    34.224017
       0     2.466440     2.466440     6.432800 ************ ************ ************     0.000000    33.874780
       0     2.466440     2.466440     6.366480 ************ ************ ************     0.000000    33.525542
       0     2.466440     2.466440     6.300160 ************ ************ ************     0.000000    33.176305
       0     2.466440     2.466440     6.233850 ************ ************ ************     0.000000    32.827120
       0     2.466440     2.466440     6.167530 ************ ************ ************     0.000000    32.477882
       0     2.466440     2.466440    20.000000 ************ -2268.142318     0.004834     0.000000   105.318927
       0     2.466440     2.466440     7.095970 ************ ************ ************     0.000000    37.366997
       0     2.466440     2.466440     7.029660 ************ ************ ************     0.000000    37.017812
       0     2.466440     2.466440     6.963340 ************ ************ ************     0.000000    36.668575
       0     2.466440     2.466440     6.897020 ************ ************ ************     0.000000    36.319337
       0     2.466440     2.466440     6.830700 ************ ************ ************     0.000000    35.970100
       0     2.466440     2.466440     6.764390 ************ ************ ************     0.000000    35.620915
       0     2.466440     2.466440     6.698070 ************ ************ ************     0.000000    35.271677
       0     2.466440     2.466440     6.631750 ************ ************ ************     0.000000    34.922440
       0     2.466440     2.466440     6.565430 ************ ************ ************     0.000000    34.573202
       0     2.466440     2.466440     6.499120 ************ ************ ************     0.000000    34.224017
       0     2.466440     2.466440     6.432800 ************ ************ ************     0.000000    33.874780
       0     2.466440     2.466440     6.366480 ************ ************ ************     0.000000    33.525542
       0     2.466440     2.466440     6.300160 ************ ************ ************     0.000000    33.176305
       0     2.466440     2.466440     6.233850 ************ ************ ************     0.000000    32.827120
       0     2.466440     2.466440     6.167530 ************ ************ ************     0.000000    32.477882
       0     2.466440     2.466440    20.000000 ************ -2268.142318     0.004834     0.000000   105.318927
       0     2.466440     2.466440     7.095970 ************ ************ ************     0.000000    37.366997
       0     2.466440     2.466440     7.029660 ************ ************ ************     0.000000    37.017812
       0     2.466440     2.466440     6.963340 ************ ************ ************     0.000000    36.668575
       0     2.466440     2.466440     6.897020 ************ ************ ************     0.000000    36.319337
       0     2.466440     2.466440     6.830700 ************ ************ ************     0.000000    35.970100
       0     2.466440     2.466440     6.764390 ************ ************ ************     0.000000    35.620915
       0     2.466440     2.466440     6.698070 ************ ************ ************     0.000000    35.271677
       0     2.466440     2.466440     6.631750 ************ ************ ************     0.000000    34.922440
       0     2.466440     2.466440     6.565430 ************ ************ ************     0.000000    34.573202
       0     2.466440     2.466440     6.499120 ************ ************ ************     0.000000    34.224017
       0     2.466440     2.466440     6.432800 ************ ************ ************     0.000000    33.874780
       0     2.466440     2.466440     6.366480 ************ ************ ************     0.000000    33.525542
       0     2.466440     2.466440     6.300160 ************ ************ ************     0.000000    33.176305
       0     2.466440     2.466440     6.233850 ************ ************ ************     0.000000    32.827120
       0     2.466440     2.466440     6.167530 ************ ************ ************     0.000000    32.477882
       0     2.466440     2.466440    20.000000 ************ -2252.274977     0.004862     0.000000   105.318927
       0     2.466440     2.466440     7.095970 ************ ************ ************     0.000000    37.366997
       0     2.466440     2.466440     7.029660 ************ ************ ************     0.000000    37.017812
       0     2.466440     2.466440     6.963340 ************ ************ ************     0.000000    36.668575
       0     2.466440     2.466440     6.897020 ************ ************ ************     0.000000    36.319337
       0     2.466440     2.466440     6.830700 ************ ************ ************     0.000000    35.970100
       0     2.466440     2.466440     6.764390 ************ ************ ************     0.000000    35.620915
       0     2.466440     2.466440     6.698070 ************ ************ ************     0.000000    35.271677
       0     2.466440     2.466440     6.631750 ************ ************ ************     0.000000    34.922440
       0     2.466440     2.466440     6.565430 ************ ************ ************     0.000000    34.573202
       0     2.466440     2.466440     6.499120 ************ ************ ************     0.000000    34.224017
       0     2.466440     2.466440     6.432800 ************ ************ ************     0.000000    33.874780
       0     2.466440     2.466440     6.366480 ************ ************ ************     0.000000    33.525542
       0     2.466440     2.466440     6.300160 ************ ************ ************     0.000000    33.176305
       0     2.466440     2.466440     6.233850 ************ ************ ************     0.000000    32.827120
       0     2.466440     2.466440     6.167530 ************ ************ ************     0.000000    32.477882
       0     2.466440     2.466440    20.000000 ************ -2283.671046     0.004806     0.000000   105.318927
       0     2.466440     2.466440     7.095970 ************ ************ ************     0.000000    37.366997
       0     2.466440     2.466440     7.029660 ************ ************ ************     0.000000    37.017812
       0     2.466440     2.466440     6.963340 ************ ************ ************     0.000000    36.668575
       0     2.466440     2.466440     6.897020 ************ ************ ************     0.000000    36.319337
       0     2.466440     2.466440     6.830700 ************ ************ ************     0.000000    35.970100
       0     2.466440     2.466440     6.764390 ************ ************ ************     0.000000    35.620915
       0     2.466440     2.466440     6.698070 ************ ************ ************     0.000000    35.271677
       0     2.466440     2.466440     6.631750 ************ ************ ************     0.000000    34.922440
       0     2.466440     2.466440     6.565430 ************ ************ ************     0.000000    34.573202
       0     2.466440     2.466440     6.499120 ************ ************ ************     0.000000    34.224017
       0     2.466440     2.466440     6.432800 ************ ************ ************     0.000000    33.874780
       0     2.466440     2.466440     6.366480 ************ ************ ************     0.000000    33.525542
       0     2.466440     2.466440     6.300160 ************ ************ ************     0.000000    33.176305
       0     2.466440     2.466440     6.233850 ************ ************ ************     0.000000    32.827120
       0     2.466440     2.466440     6.167530 ************ ************ ************     0.000000    32.477882
       0     2.466440     2.466440    20.000000 ************ -2268.142318     0.004834     0.000000   105.318927
       0     2.466440     2.466440     7.095970 ************ ************ ************     0.000000    37.366997
       0     2.466440     2.466440     7.029660 ************ ************ ************     0.000000    37.017812
       0     2.466440     2.466440     6.963340 ************ ************ ************     0.000000    36.668575
       0     2.466440     2.466440     6.897020 ************ ************ ************     0.000000    36.319337
       0     2.466440     2.466440     6.830700 ************ ************ ************     0.000000    35.970100
       0     2.466440     2.466440     6.764390 ************ ************ ************     0.000000    35.620915
       0     2.466440     2.466440     6.698070 ************ ************ ************     0.000000    35.271677
       0     2.466440     2.466440     6.631750 ************ ************ ************     0.000000    34.922440
       0     2.466440     2.466440     6.565430 ************ ************ ************     0.000000    34.573202
       0     2.466440     2.466440     6.499120 ************ ************ ************     0.000000    34.224017
       0     2.466440     2.466440     6.432800 ************ ************ ************     0.000000    33.874780
       0     2.466440     2.466440     6.366480 ************ ************ ************     0.000000    33.525542
       0     2.466440     2.466440     6.300160 ************ ************ ************     0.000000    33.176305
       0     2.466440     2.466440     6.233850 ************ ************ ************     0.000000    32.827120
       0     2.466440     2.466440     6.167530 ************ ************ ************     0.000000    32.477882
       0     2.466440     2.466440    20.000000 ************ -2283.671046     0.004806     0.000000   105.318927
       0     2.466440     2.466440     7.095970 ************ ************ ************     0.000000    37.366997
       0     2.466440     2.466440     7.029660 ************ ************ ************     0.000000    37.017812
       0     2.466440     2.466440     6.963340 ************ ************ ************     0.000000    36.668575
       0     2.466440     2.466440     6.897020 ************ ************ ************     0.000000    36.319337
       0     2.466440     2.466440     6.830700 ************ ************ ************     0.000000    35.970100
       0     2.466440     2.466440     6.764390 ************ ************ ************     0.000000    35.620915
       0     2.466440     2.466440     6.698070 ************ ************ ************     0.000000    35.271677
       0     2.466440     2.466440     6.631750 ************ ************ ************     0.000000    34.922440
       0     2.466440     2.466440     6.565430 ************ ************ ************     0.000000    34.573202
       0     2.466440     2.466440     6.499120 ************ ************ ************     0.000000    34.224017
       0     2.466440     2.466440     6.432800 ************ ************ ************     0.000000    33.874780
       0     2.466440     2.466440     6.366480 ************ ************ ************     0.000000    33.525542
       0     2.466440     2.466440     6.300160 ************ ************ ************     0.000000    33.176305
       0     2.466440     2.466440     6.233850 ************ ************ ************     0.000000    32.827120
       0     2.466440     2.466440     6.167530 ************ ************ ************     0.000000    32.477882
       0     2.466440     2.466440    20.000000 ************ -2283.671046     0.004806     0.000000   105.318927
       0     2.466440     2.466440     7.095970 ************ ************ ************     0.000000    37.366997
