     80.6952
     80.5297
     76.1318
     76.1318
     76.1343
     76.1309
     76.1318
     76.1308
     76.1255
     76.1250
     76.1252
     76.1250
     76.1248
     76.1266
     76.1250
     76.1247
     80.5599
     80.6504
     76.1247
     76.1247
     76.1254
     76.1254
     76.1247
     76.1247
     76.1245
     76.1250
     76.1247
     76.1244
     76.1242
     76.1261
     76.1244
     76.1241
     80.5551
     80.6535
     76.1241
     76.1241
     76.1249
     76.1249
     76.1241
     76.1241
     76.1239
     76.1244
     76.1241
     76.1238
     76.1237
     76.1255
     76.1238
     76.1236
     80.5526
     80.6544
     76.1236
     76.1236
     76.1243
     76.1243
     76.1236
     76.1236
     76.1234
     76.1239
     76.1236
     76.1233
     76.1233
     76.1249
     76.1233
     76.1231
     80.5490
     80.6566
     76.1231
     76.1231
     76.1239
     76.1239
     76.1231
     76.1231
     76.1229
     76.1234
     76.1231
     76.1229
     76.1228
     76.1244
     76.1229
     76.1227
     80.5466
     80.6577
     76.1227
     76.1227
     76.1234
     76.1234
     76.1227
     76.1227
     76.1225
     76.1230
     76.1227
     76.1225
     76.1224
     76.1240
     76.1225
     76.1223
     80.5442
     80.6588
     76.1223
     76.1223
     76.1230
     76.1230
     76.1223
     76.1223
     76.1221
     76.1225
     76.1223
     76.1221
     76.1221
     76.1235
     76.1221
     76.1219
     80.5418
     80.6601
     76.1219
     76.1219
     76.1226
     76.1226
     76.1219
     76.1219
     76.1217
     76.1222
     76.1219
     76.1217
     76.1217
     76.1232
     76.1217
     76.1215
     80.5394
     80.6613
     76.1215
     76.1215
     76.1223
     76.1223
     76.1215
     76.1215
     76.1214
     76.1218
     76.1215
     76.1214
     76.1214
     76.1228
     76.1214
     76.1212
     80.5359
     80.6637
     76.1212
     76.1212
     76.1219
     76.1220
     76.1212
     76.1212
     76.1211
     76.1215
     76.1212
     76.1210
     76.1212
     76.1224
     76.1210
     76.1209
     80.5347
     80.6640
     76.1209
     76.1576
     76.1698
     76.1469
     76.1576
     76.1141
     76.1139
     76.1145
     76.1141
     76.1138
     76.1135
     76.1156
     76.1138
     76.1134
     80.5549
     80.6348
     76.1134
     76.1134
     76.1142
     76.1142
     76.1134
     76.1134
     76.1132
     76.1138
     76.1134
     76.1131
     76.1129
     76.1148
     76.1131
     76.1128
     80.5500
     80.6379
     76.1128
     76.1128
     76.1135
     76.1135
     76.1128
     76.1128
     76.1126
     76.1131
     76.1128
     76.1125
     76.1123
     76.1142
     76.1125
     76.1122
     80.5474
     80.6387
     76.1122
     76.1122
     76.1129
     76.1129
     76.1122
     76.1122
     76.1120
     76.1125
     76.1122
     76.1119
     76.1117
     76.1136
     76.1119
     76.1116
     80.5438
     80.6406
     76.1116
     76.1116
     76.1123
     76.1123
     76.1116
     76.1116
     76.1114
     76.1119
     76.1116
     76.1113
     76.1112
     76.1129
     76.1113
     76.1111
     80.5412
     80.6416
     76.1111
     76.1111
     76.1118
     76.1118
     76.1111
     76.1111
     76.1109
     76.1114
     76.1111
     76.1108
     76.1108
     76.1124
     76.1108
     76.1106
     80.5388
     80.6427
     76.1106
     76.1106
     76.1114
     76.1113
     76.1106
     76.1106
     76.1104
     76.1109
     76.1106
     76.1104
     76.1103
     76.1120
     76.1104
     76.1102
     80.5352
     80.6449
     76.1102
     76.1102
     76.1109
     76.1109
     76.1102
     76.1102
     76.1100
     76.1105
     76.1102
     76.1099
     76.1099
     76.1115
     76.1099
     76.1097
     80.5327
     80.6461
     76.1097
     76.1097
     76.1105
     76.1105
     76.1097
     76.1097
     76.1096
     76.1100
     76.1097
     76.1096
     76.1096
     76.1111
     76.1096
     76.1094
     80.5303
     80.6473
     76.1094
     76.1094
     76.1101
     76.1101
     76.1094
     76.1094
     76.1092
     76.1097
     76.1094
     76.1092
     76.1092
     76.1107
     76.1092
     76.1090
     80.5268
     80.6497
     76.1090
     76.1090
     76.1098
     76.1098
     76.1090
     76.1090
     76.1089
     76.1093
     76.1090
     76.1088
     76.1089
     76.1103
     76.1088
     76.1087
     80.5244
     80.6510
     76.1087
     76.1087
     76.1094
     76.1094
     76.1087
     76.1087
     76.1085
     76.1089
     76.1087
     76.1085
     76.1086
     76.1100
     76.1085
     76.1084
     80.5232
     80.6512
     76.1084
     76.1084
     76.1091
     76.1091
     76.1084
     76.1084
     76.1082
     76.1086
     76.1084
     76.1082
     76.1084
     76.1096
     76.1082
     76.1081
     80.5208
     80.6527
     76.1081
     76.1081
     76.1089
     76.1089
     76.1081
     76.1081
     76.1080
     76.1084
     76.1081
     76.1080
     76.1081
     76.1094
     76.1080
     76.1078
     80.5185
     80.6541
     76.1078
     76.1078
     76.1086
     76.1086
     76.1078
     76.1078
     76.1077
     76.1081
     76.1078
     76.1077
     76.1079
     76.1091
     76.1077
     76.1076
     80.5162
     80.6556
     76.1076
     76.1076
     76.1083
     76.1083
     76.1076
     76.1076
     76.1075
     76.1078
     76.1076
     76.1075
     76.1077
     76.1088
     76.1075
     76.1074
     80.5138
     80.6572
     76.1074
     76.1434
     76.1555
     76.1327
     76.1434
     76.1000
     76.0998
     76.1003
     76.1000
     76.0997
     76.0995
     76.1014
     76.0997
     76.0994
     80.5346
     80.6265
     76.0994
     76.0994
     76.1001
     76.1001
     76.0994
     76.0994
     76.0992
     76.0997
     76.0994
     76.0991
     76.0990
     76.1007
     76.0991
     76.0989
     80.5309
     80.6286
     76.0989
     76.0989
     76.0996
     76.0996
     76.0989
     76.0989
     76.0987
     76.0992
     76.0989
     76.0986
     76.0984
     76.1003
     76.0986
     76.0983
     80.5272
     80.6307
     76.0983
     76.0983
     76.0991
     76.0991
     76.0983
     76.0983
     76.0981
     76.0986
     76.0983
     76.0981
     76.0980
     76.0996
     76.0981
     76.0979
     80.5248
     80.6318
     76.0979
     76.0979
     76.0986
     76.0986
     76.0979
     76.0979
     76.0977
     76.0982
     76.0979
     76.0976
     76.0976
     76.0992
     76.0976
     76.0974
     80.5223
     80.6330
     76.0974
     76.0974
     76.0982
     76.0982
     76.0974
     76.0974
     76.0973
     76.0977
     76.0974
     76.0972
     76.0972
     76.0988
     76.0972
     76.0970
     80.5187
     80.6353
     76.0970
     76.0970
     76.0978
     76.0978
     76.0970
     76.0970
     76.0969
     76.0973
     76.0970
     76.0968
     76.0968
     76.0984
     76.0968
     76.0966
     80.5163
     80.6365
     76.0966
     76.0966
     76.0974
     76.0974
     76.0966
     76.0966
     76.0965
     76.0969
     76.0966
     76.0965
     76.0965
     76.0979
     76.0965
     76.0963
     80.5138
     80.6378
     76.0963
     76.0963
     76.0971
     76.0971
     76.0963
     76.0963
     76.0962
     76.0966
     76.0963
     76.0961
     76.0962
     76.0976
     76.0961
     76.0960
     80.5114
     80.6392
     76.0960
     76.0960
     76.0967
     76.0967
     76.0960
     76.0960
     76.0958
     76.0962
     76.0960
     76.0958
     76.0959
     76.0973
     76.0958
     76.0957
     80.5091
     80.6405
     76.0957
     76.0957
     76.0964
     76.0964
     76.0957
     76.0957
     76.0955
     76.0959
     76.0957
     76.0955
     76.0956
     76.0969
     76.0955
     76.0954
     80.5078
     80.6408
     76.0954
     76.0954
     76.0961
     76.0961
     76.0954
     76.0954
     76.0953
     76.0956
     76.0954
     76.0953
     76.0954
     76.0966
     76.0953
     76.0951
     80.5055
     80.6423
     76.0951
     76.0951
     76.0959
     76.0959
     76.0951
     76.0951
     76.0950
     76.0954
     76.0951
     76.0950
     76.0952
     76.0963
     76.0950
     76.0949
     80.5043
     80.6428
     76.0949
     76.0949
     76.0957
     76.0957
     76.0949
     76.0949
     76.0948
     76.0952
     76.0949
     76.0948
     76.0950
     76.0961
     76.0948
     76.0947
     80.5020
     80.6443
     76.0947
     76.0947
     76.0955
     76.0955
     76.0947
     76.0947
     76.0946
     76.0949
     76.0947
     76.0946
     76.0948
     76.0959
     76.0946
     76.0945
     80.4997
     80.6459
     76.0945
     76.1304
     76.1425
     76.1197
     76.1304
     76.0869
     76.0867
     76.0873
     76.0869
     76.0866
     76.0865
     76.0883
     76.0866
     76.0864
     80.5191
     80.6163
     76.0864
     76.0864
     76.0871
     76.0871
     76.0864
     76.0864
     76.0862
     76.0867
     76.0864
     76.0861
     76.0860
     76.0877
     76.0861
     76.0859
     80.5154
     80.6184
     76.0859
     76.0859
     76.0866
     76.0866
     76.0859
     76.0859
     76.0857
     76.0862
     76.0859
     76.0856
     76.0855
     76.0872
     76.0856
     76.0854
     80.5129
     80.6195
     76.0854
     76.0854
     76.0861
     76.0861
     76.0854
     76.0854
     76.0852
     76.0857
     76.0854
     76.0851
     76.0851
     76.0867
     76.0851
     76.0849
     80.5104
     80.6207
     76.0849
     76.0849
     76.0857
     76.0857
     76.0849
     76.0849
     76.0848
     76.0852
     76.0849
     76.0847
     76.0847
     76.0863
     76.0847
     76.0845
     80.5079
     80.6219
     76.0845
     76.0845
     76.0853
     76.0853
     76.0845
     76.0845
     76.0844
     76.0848
     76.0845
     76.0843
     76.0843
     76.0859
     76.0843
     76.0841
     80.5054
     80.6231
     76.0841
     76.0841
     76.0849
     76.0849
     76.0841
     76.0841
     76.0840
     76.0844
     76.0841
     76.0840
     76.0840
     76.0854
     76.0840
     76.0838
     80.5030
     80.6245
     76.0838
     76.0838
     76.0845
     76.0845
     76.0838
     76.0838
     76.0836
     76.0841
     76.0838
     76.0836
     76.0837
     76.0851
     76.0836
     76.0835
     80.5006
     80.6258
     76.0835
     76.0835
     76.0842
     76.0842
     76.0835
     76.0835
     76.0833
     76.0837
     76.0835
     76.0833
     76.0834
     76.0847
     76.0833
     76.0832
     80.4982
     80.6273
     76.0832
     76.0832
     76.0839
     76.0839
     76.0832
     76.0832
     76.0830
     76.0834
     76.0832
     76.0830
     76.0831
     76.0844
     76.0830
     76.0829
     80.4958
     80.6287
     76.0829
     76.0829
     76.0836
     76.0836
     76.0829
     76.0829
     76.0828
     76.0831
     76.0829
     76.0828
     76.0829
     76.0841
     76.0828
     76.0826
     80.4946
     80.6291
     76.0826
     76.0826
     76.0834
     76.0834
     76.0826
     76.0826
     76.0825
     76.0829
     76.0826
     76.0825
     76.0827
     76.0839
     76.0825
     76.0824
     80.4922
     80.6306
     76.0824
     76.0824
     76.0831
     76.0831
     76.0824
     76.0824
     76.0823
     76.0826
     76.0824
     76.0823
     76.0825
     76.0836
     76.0823
     76.0822
     80.4899
     80.6322
     76.0822
     76.0822
     76.0829
     76.0829
     76.0822
     76.0822
     76.0821
     76.0824
     76.0822
     76.0821
     76.0823
     76.0834
     76.0821
     76.0820
     80.4887
     80.6326
     76.0820
     76.1179
     76.1301
     76.1073
     76.1179
     76.0744
     76.0742
     76.0748
     76.0744
     76.0741
     76.0740
     76.0758
     76.0741
     76.0739
     80.5070
     80.6041
     76.0739
     76.0739
     76.0746
     76.0746
     76.0739
     76.0739
     76.0737
     76.0742
     76.0739
     76.0736
     76.0735
     76.0752
     76.0736
     76.0733
     80.5045
     80.6052
     76.0733
     76.0733
     76.0741
     76.0741
     76.0733
     76.0733
     76.0732
     76.0737
     76.0733
     76.0731
     76.0730
     76.0747
     76.0731
     76.0729
     80.5019
     80.6063
     76.0729
     76.0729
     76.0736
     76.0736
     76.0729
     76.0729
     76.0727
     76.0732
     76.0729
     76.0726
     76.0726
     76.0742
     76.0726
     76.0724
     80.4994
     80.6075
     76.0724
     76.0724
     76.0732
     76.0732
     76.0724
     76.0724
     76.0723
     76.0727
     76.0724
     76.0722
     76.0722
     76.0738
     76.0722
     76.0720
     80.4957
     80.6099
     76.0720
     76.0720
     76.0728
     76.0728
     76.0720
     76.0720
     76.0718
     76.0723
     76.0720
     76.0718
     76.0718
     76.0733
     76.0718
     76.0716
     80.4932
     80.6111
     76.0716
     76.0716
     76.0724
     76.0724
     76.0716
     76.0716
     76.0715
     76.0719
     76.0716
     76.0714
     76.0714
     76.0729
     76.0714
     76.0713
     80.4908
     80.6124
     76.0713
     76.0713
     76.0720
     76.0720
     76.0713
     76.0713
     76.0711
     76.0715
     76.0713
     76.0711
     76.0711
     76.0725
     76.0711
     76.0709
     80.4883
     80.6138
     76.0709
     76.0709
     76.0717
     76.0717
     76.0709
     76.0709
     76.0708
     76.0712
     76.0709
     76.0708
     76.0709
     76.0722
     76.0708
     76.0706
     80.4859
     80.6152
     76.0706
     76.0706
     76.0714
     76.0714
     76.0706
     76.0706
     76.0705
     76.0709
     76.0706
     76.0705
     76.0706
     76.0719
     76.0705
     76.0703
     80.4847
     80.6156
     76.0703
     76.0703
     76.0711
     76.0711
     76.0703
     76.0703
     76.0702
     76.0706
     76.0703
     76.0702
     76.0704
     76.0716
     76.0702
     76.0701
     80.4823
     80.6171
     76.0701
     76.0701
     76.0708
     76.0708
     76.0701
     76.0701
     76.0700
     76.0703
     76.0701
     76.0700
     76.0701
     76.0713
     76.0700
     76.0698
     80.4799
     80.6186
     76.0698
     76.0698
     76.0706
     76.0706
     76.0698
     76.0698
     76.0697
     76.0701
     76.0698
     76.0697
     76.0699
     76.0710
     76.0697
     76.0696
     80.4787
     80.6191
     76.0696
     76.0696
     76.0704
     76.0704
     76.0696
     76.0696
     76.0695
     76.0699
     76.0696
     76.0695
     76.0697
     76.0708
     76.0695
     76.0694
     80.4763
     80.6207
     76.0694
     76.0694
     76.0702
     76.0702
     76.0694
     76.0694
     76.0693
     76.0696
     76.0694
     76.0693
     76.0695
     76.0706
     76.0693
     76.0692
     80.4751
     80.6212
     76.0692
     76.1051
     76.1173
     76.0944
     76.1051
     76.0616
     76.0614
     76.0619
     76.0616
     76.0613
     76.0611
     76.0630
     76.0613
     76.0610
     80.4934
     80.5926
     76.0610
     76.0610
     76.0618
     76.0618
     76.0610
     76.0610
     76.0608
     76.0613
     76.0610
     76.0608
     76.0607
     76.0624
     76.0608
     76.0605
     80.4908
     80.5937
     76.0605
     76.0605
     76.0613
     76.0613
     76.0605
     76.0605
     76.0603
     76.0608
     76.0605
     76.0603
     76.0602
     76.0619
     76.0603
     76.0601
     80.4882
     80.5949
     76.0601
     76.0601
     76.0608
     76.0608
     76.0601
     76.0601
     76.0599
     76.0604
     76.0601
     76.0598
     76.0598
     76.0614
     76.0598
     76.0596
     80.4845
     80.5973
     76.0596
     76.0596
     76.0604
     76.0604
     76.0596
     76.0596
     76.0595
     76.0599
     76.0596
     76.0594
     76.0594
     76.0610
     76.0594
     76.0592
     80.4820
     80.5985
     76.0592
     76.0592
     76.0600
     76.0600
     76.0592
     76.0592
     76.0591
     76.0595
     76.0592
     76.0590
     76.0591
     76.0605
     76.0590
     76.0589
     80.4807
     80.5987
     76.0589
     76.0589
     76.0596
     76.0596
     76.0589
     76.0589
     76.0587
     76.0591
     76.0589
     76.0587
     76.0587
     76.0602
     76.0587
     76.0585
     80.4782
     80.6001
     76.0585
     76.0585
     76.0593
     76.0592
     76.0585
     76.0585
     76.0584
     76.0588
     76.0585
     76.0583
     76.0584
     76.0598
     76.0583
     76.0582
     80.4746
     80.6027
     76.0582
     76.0582
     76.0589
     76.0590
     76.0582
     76.0582
     76.0581
     76.0585
     76.0582
     76.0581
     76.0581
     76.0595
     76.0581
     76.0579
     80.4733
     80.6029
     76.0579
     76.0579
     76.0587
     76.0586
     76.0579
     76.0579
     76.0578
     76.0581
     76.0579
     76.0578
     76.0579
     76.0591
     76.0578
     76.0576
     80.4709
     80.6045
     76.0576
     76.0576
     76.0584
     76.0584
     76.0576
     76.0576
     76.0575
     76.0579
     76.0576
     76.0575
     76.0577
     76.0589
     76.0575
     76.0574
     80.4685
     80.6060
     76.0574
     76.0574
     76.0581
     76.0581
     76.0574
     76.0574
     76.0573
     76.0576
     76.0574
     76.0573
     76.0574
     76.0586
     76.0573
     76.0571
     80.4661
     80.6076
     76.0571
     76.0571
     76.0579
     76.0579
     76.0571
     76.0571
     76.0570
     76.0574
     76.0571
     76.0570
     76.0572
     76.0583
     76.0570
     76.0569
     80.4649
     80.6081
     76.0569
     76.0569
     76.0577
     76.0577
     76.0569
     76.0569
     76.0568
     76.0572
     76.0569
     76.0568
     76.0570
     76.0581
     76.0568
     76.0567
     80.4637
     80.6085
     76.0567
     76.0927
     76.1048
     76.0820
     76.0927
     76.0491
     76.0489
     76.0495
     76.0491
     76.0489
     76.0487
     76.0505
     76.0489
     76.0486
     80.4820
     80.5800
     76.0486
     76.0486
     76.0493
     76.0493
     76.0486
     76.0486
     76.0484
     76.0489
     76.0486
     76.0483
     76.0482
     76.0499
     76.0483
     76.0481
     80.4793
     80.5811
     76.0481
     76.0481
     76.0488
     76.0488
     76.0481
     76.0481
     76.0479
     76.0484
     76.0481
     76.0478
     76.0478
     76.0494
     76.0478
     76.0476
     80.4768
     80.5823
     76.0476
     76.0476
     76.0484
     76.0483
     76.0476
     76.0476
     76.0474
     76.0479
     76.0476
     76.0474
     76.0473
     76.0489
     76.0474
     76.0471
     80.4730
     80.5846
     76.0471
     76.0471
     76.0479
     76.0479
     76.0471
     76.0471
     76.0470
     76.0474
     76.0471
     76.0469
     76.0469
     76.0485
     76.0469
     76.0467
     80.4705
     80.5859
     76.0467
     76.0467
     76.0475
     76.0475
     76.0467
     76.0467
     76.0466
     76.0470
     76.0467
     76.0466
     76.0466
     76.0480
     76.0466
     76.0464
     80.4691
     80.5861
     76.0464
     76.0464
     76.0471
     76.0471
     76.0464
     76.0464
     76.0462
     76.0466
     76.0464
     76.0462
     76.0462
     76.0476
     76.0462
     76.0460
     80.4655
     80.5887
     76.0460
     76.0460
     76.0468
     76.0468
     76.0460
     76.0460
     76.0459
     76.0463
     76.0460
     76.0459
     76.0459
     76.0473
     76.0459
     76.0457
     80.4630
     80.5901
     76.0457
     76.0457
     76.0464
     76.0465
     76.0457
     76.0457
     76.0456
     76.0460
     76.0457
     76.0455
     76.0456
     76.0470
     76.0455
     76.0454
     80.4606
     80.5915
     76.0454
     76.0454
     76.0461
     76.0462
     76.0454
     76.0454
     76.0453
     76.0456
     76.0454
     76.0452
     76.0454
     76.0466
     76.0452
     76.0451
     80.4593
     80.5919
     76.0451
     76.0451
     76.0459
     76.0459
     76.0451
     76.0451
     76.0450
     76.0454
     76.0451
     76.0450
     76.0451
     76.0463
     76.0450
     76.0449
     80.4568
     80.5935
     76.0449
     76.0449
     76.0456
     76.0456
     76.0449
     76.0449
     76.0447
     76.0451
     76.0449
     76.0447
     76.0449
     76.0461
     76.0447
     76.0446
     80.4556
     80.5939
     76.0446
     76.0446
     76.0454
     76.0454
     76.0446
     76.0446
     76.0445
     76.0449
     76.0446
     76.0445
     76.0447
     76.0458
     76.0445
     76.0444
     80.4532
     80.5955
     76.0444
     76.0444
     76.0451
     76.0451
     76.0444
     76.0444
     76.0443
     76.0446
     76.0444
     76.0443
     76.0445
     76.0456
     76.0443
     76.0442
     80.4508
     80.5972
     76.0442
     76.0442
     76.0449
     76.0449
     76.0442
     76.0442
     76.0441
     76.0444
     76.0442
     76.0441
     76.0443
     76.0454
     76.0441
     76.0440
     80.4496
     80.5977
     76.0440
     76.0798
     76.0920
     76.0691
     76.0798
     76.0363
     76.0361
     76.0366
     76.0363
     76.0360
     76.0359
     76.0377
     76.0360
     76.0358
     80.4690
     80.5680
     76.0358
     76.0358
     76.0365
     76.0365
     76.0358
     76.0358
     76.0356
     76.0361
     76.0358
     76.0355
     76.0354
     76.0372
     76.0355
     76.0353
     80.4663
     80.5691
     76.0353
     76.0353
     76.0360
     76.0360
     76.0353
     76.0353
     76.0351
     76.0356
     76.0353
     76.0351
     76.0350
     76.0366
     76.0351
     76.0348
     80.4637
     80.5703
     76.0348
     76.0348
     76.0356
     76.0356
     76.0348
     76.0348
     76.0347
     76.0351
     76.0348
     76.0346
     76.0346
     76.0362
     76.0346
     76.0344
     80.4600
     80.5728
     76.0344
     76.0344
     76.0352
     76.0352
     76.0344
     76.0344
     76.0342
     76.0347
     76.0344
     76.0342
     76.0342
     76.0357
     76.0342
     76.0340
     80.4574
     80.5741
     76.0340
     76.0340
     76.0348
     76.0348
     76.0340
     76.0340
     76.0339
     76.0343
     76.0340
     76.0338
     76.0338
     76.0353
     76.0338
     76.0336
     80.4549
     80.5754
     76.0336
     76.0336
     76.0344
     76.0344
     76.0336
     76.0336
     76.0335
     76.0339
     76.0336
     76.0335
     76.0335
     76.0349
     76.0335
     76.0333
     80.4535
     80.5757
     76.0333
     76.0333
     76.0341
     76.0340
     76.0333
     76.0333
     76.0332
     76.0336
     76.0333
     76.0331
     76.0332
     76.0346
     76.0331
     76.0330
     80.4499
     80.5783
     76.0330
     76.0330
     76.0337
     76.0337
     76.0330
     76.0330
     76.0329
     76.0332
     76.0330
     76.0328
     76.0329
     76.0342
     76.0328
     76.0327
     80.4486
     80.5787
     76.0327
     76.0327
     76.0335
     76.0334
     76.0327
     76.0327
     76.0326
     76.0329
     76.0327
     76.0326
     76.0327
     76.0339
     76.0326
     76.0324
     80.4461
     80.5803
     76.0324
     76.0324
     76.0332
     76.0332
     76.0324
     76.0324
     76.0323
     76.0327
     76.0324
     76.0323
     76.0325
     76.0337
     76.0323
     76.0322
     80.4448
     80.5807
     76.0322
     76.0322
     76.0329
     76.0329
     76.0322
     76.0322
     76.0321
     76.0324
     76.0322
     76.0321
     76.0322
     76.0334
     76.0321
     76.0319
     80.4424
     80.5823
     76.0319
     76.0319
     76.0327
     76.0327
     76.0319
     76.0319
     76.0318
     76.0322
     76.0319
     76.0318
     76.0320
     76.0331
     76.0318
     76.0317
     80.4400
     80.5840
     76.0317
     76.0317
     76.0325
     76.0325
     76.0317
     76.0317
     76.0316
     76.0320
     76.0317
     76.0316
     76.0319
     76.0329
     76.0316
     76.0315
     80.4388
     80.5845
     76.0315
     76.0674
     76.0796
     76.0568
     76.0674
     76.0239
     76.0237
     76.0243
     76.0239
     76.0237
     76.0235
     76.0253
     76.0237
     76.0234
     80.4582
     80.5548
     76.0234
     76.0234
     76.0241
     76.0241
     76.0234
     76.0234
     76.0232
     76.0237
     76.0234
     76.0231
     76.0230
     76.0248
     76.0231
     76.0229
     80.4556
     80.5560
     76.0229
     76.0229
     76.0236
     76.0236
     76.0229
     76.0229
     76.0227
     76.0232
     76.0229
     76.0226
     76.0226
     76.0242
     76.0226
     76.0224
     80.4518
     80.5583
     76.0224
     76.0224
     76.0232
     76.0232
     76.0224
     76.0224
     76.0222
     76.0227
     76.0224
     76.0222
     76.0222
     76.0237
     76.0222
     76.0220
     80.4492
     80.5596
     76.0220
     76.0220
     76.0227
     76.0227
     76.0220
     76.0220
     76.0218
     76.0223
     76.0220
     76.0218
     76.0218
     76.0233
     76.0218
     76.0216
     80.4466
     80.5610
     76.0216
     76.0216
     76.0223
     76.0223
     76.0216
     76.0216
     76.0214
     76.0219
     76.0216
     76.0214
     76.0214
     76.0229
     76.0214
     76.0212
     80.4440
     80.5623
     76.0212
     76.0212
     76.0219
     76.0219
     76.0212
     76.0212
     76.0210
     76.0215
     76.0212
     76.0210
     76.0211
     76.0225
     76.0210
     76.0208
     80.4415
     80.5638
     76.0208
     76.0208
     76.0216
     76.0216
     76.0208
     76.0208
     76.0207
     76.0211
     76.0208
     76.0207
     76.0207
     76.0221
     76.0207
     76.0205
     80.4390
     80.5652
     76.0205
     76.0205
     76.0213
     76.0213
     76.0205
     76.0205
     76.0204
     76.0208
     76.0205
     76.0204
     76.0205
     76.0218
     76.0204
     76.0202
     80.4376
     80.5656
     76.0202
     76.0202
     76.0210
     76.0210
     76.0202
     76.0202
     76.0201
     76.0205
     76.0202
     76.0201
     76.0202
     76.0215
     76.0201
     76.0199
     80.4352
     80.5671
     76.0199
     76.0199
     76.0207
     76.0207
     76.0199
     76.0199
     76.0198
     76.0202
     76.0199
     76.0198
     76.0200
     76.0212
     76.0198
     76.0197
     80.4327
     80.5687
     76.0197
     76.0197
     76.0204
     76.0204
     76.0197
     76.0197
     76.0196
     76.0199
     76.0197
     76.0196
     76.0198
     76.0209
     76.0196
     76.0195
     80.4314
     80.5693
     76.0195
     76.0195
     76.0202
     76.0202
     76.0195
     76.0195
     76.0194
     76.0197
     76.0195
     76.0194
     76.0195
     76.0207
     76.0194
     76.0192
     80.4290
     80.5709
     76.0192
     76.0192
     76.0200
     76.0200
     76.0192
     76.0192
     76.0191
     76.0195
     76.0192
     76.0191
     76.0193
     76.0205
     76.0191
     76.0190
     80.4277
     80.5714
     76.0190
     76.0550
     76.0672
     76.0444
     76.0550
     76.0115
     76.0113
     76.0118
     76.0115
     76.0112
     76.0111
     76.0129
     76.0112
     76.0109
     80.4473
     80.5418
     76.0109
     76.0109
     76.0117
     76.0117
     76.0109
     76.0109
     76.0107
     76.0113
     76.0109
     76.0107
     76.0106
     76.0123
     76.0107
     76.0104
     80.4434
     80.5441
     76.0104
     76.0104
     76.0112
     76.0112
     76.0104
     76.0104
     76.0102
     76.0107
     76.0104
     76.0102
     76.0101
     76.0118
     76.0102
     76.0100
     80.4396
     80.5465
     76.0100
     76.0100
     76.0107
     76.0107
     76.0100
     76.0100
     76.0098
     76.0103
     76.0100
     76.0097
     76.0097
     76.0113
     76.0097
     76.0095
     80.4369
     80.5477
     76.0095
     76.0095
     76.0102
     76.0103
     76.0095
     76.0095
     76.0093
     76.0098
     76.0095
     76.0093
     76.0093
     76.0108
     76.0093
     76.0091
     80.4343
     80.5491
     76.0091
     76.0091
     76.0098
     76.0098
     76.0091
     76.0091
     76.0089
     76.0094
     76.0091
     76.0089
     76.0089
     76.0104
     76.0089
     76.0087
     80.4317
     80.5504
     76.0087
     76.0087
     76.0094
     76.0094
     76.0087
     76.0087
     76.0085
     76.0090
     76.0087
     76.0085
     76.0085
     76.0100
     76.0085
     76.0083
     80.4292
     80.5518
     76.0083
     76.0083
     76.0091
     76.0091
     76.0083
     76.0083
     76.0082
     76.0086
     76.0083
     76.0082
     76.0082
     76.0096
     76.0082
     76.0080
     80.4266
     80.5533
     76.0080
     76.0080
     76.0087
     76.0088
     76.0080
     76.0080
     76.0079
     76.0083
     76.0080
     76.0078
     76.0079
     76.0093
     76.0078
     76.0077
     80.4241
     80.5548
     76.0077
     76.0077
     76.0084
     76.0084
     76.0077
     76.0077
     76.0076
     76.0079
     76.0077
     76.0075
     76.0076
     76.0089
     76.0075
     76.0074
     80.4228
     80.5552
     76.0074
     76.0074
     76.0082
     76.0082
     76.0074
     76.0074
     76.0073
     76.0077
     76.0074
     76.0073
     76.0074
     76.0086
     76.0073
     76.0071
     80.4214
     80.5557
     76.0071
     76.0071
     76.0079
     76.0079
     76.0071
     76.0071
     76.0070
     76.0074
     76.0071
     76.0070
     76.0072
     76.0083
     76.0070
     76.0069
     80.4190
     80.5574
     76.0069
     76.0069
     76.0077
     76.0077
     76.0069
     76.0069
     76.0068
     76.0072
     76.0069
     76.0068
     76.0070
     76.0082
     76.0068
     76.0067
     80.4165
     80.5590
     76.0067
     76.0067
     76.0074
     76.0074
     76.0067
     76.0067
     76.0066
     76.0069
     76.0067
     76.0066
     76.0068
     76.0079
     76.0066
     76.0065
     80.4152
     80.5596
     76.0065
     76.0065
     76.0072
     76.0072
     76.0065
     76.0065
     76.0064
     76.0067
     76.0065
     76.0064
     76.0066
     76.0077
     76.0064
     76.0063
     80.4140
     80.5602
     76.0063
     76.0422
     76.0544
     76.0315
     76.0422
     75.9986
     75.9984
     75.9990
     75.9986
     75.9984
     75.9982
     76.0000
     75.9984
     75.9981
     80.4334
     80.5304
     75.9981
     75.9981
     75.9989
     75.9988
     75.9981
     75.9981
     75.9979
     75.9984
     75.9981
     75.9978
     75.9977
     75.9995
     75.9978
     75.9976
     80.4295
     80.5328
     75.9976
     75.9976
     75.9983
     75.9983
     75.9976
     75.9976
     75.9974
     75.9979
     75.9976
     75.9974
     75.9973
     75.9989
     75.9974
     75.9971
     80.4269
     80.5340
     75.9971
     75.9971
     75.9979
     75.9979
     75.9971
     75.9971
     75.9970
     75.9974
     75.9971
     75.9969
     75.9969
     75.9984
     75.9969
     75.9967
     80.4231
     80.5365
     75.9967
     75.9967
     75.9974
     75.9975
     75.9967
     75.9967
     75.9965
     75.9970
     75.9967
     75.9965
     75.9965
     75.9980
     75.9965
     75.9963
     80.4216
     80.5368
     75.9963
     75.9963
     75.9971
     75.9971
     75.9963
     75.9963
     75.9961
     75.9966
     75.9963
     75.9961
     75.9961
     75.9976
     75.9961
     75.9959
     80.4179
     80.5393
     75.9959
     75.9959
     75.9967
     75.9967
     75.9959
     75.9959
     75.9958
     75.9962
     75.9959
     75.9958
     75.9958
     75.9972
     75.9958
     75.9956
     80.4164
     80.5397
     75.9956
     75.9956
     75.9964
     75.9964
     75.9956
     75.9956
     75.9955
     75.9959
     75.9956
     75.9954
     75.9955
     75.9969
     75.9954
     75.9953
     80.4139
     80.5412
     75.9953
     75.9953
     75.9960
     75.9960
     75.9953
     75.9953
     75.9951
     75.9955
     75.9953
     75.9951
     75.9952
     75.9966
     75.9951
     75.9950
     80.4113
     80.5427
     75.9950
     75.9950
     75.9957
     75.9957
     75.9950
     75.9950
     75.9948
     75.9952
     75.9950
     75.9948
     75.9950
     75.9962
     75.9948
     75.9947
     80.4100
     80.5432
     75.9947
     75.9947
     75.9955
     75.9955
     75.9947
     75.9947
     75.9946
     75.9950
     75.9947
     75.9946
     75.9947
     75.9959
     75.9946
     75.9945
     80.4075
     80.5448
     75.9945
     75.9945
     75.9952
     75.9952
     75.9945
     75.9945
     75.9944
     75.9947
     75.9945
     75.9943
     75.9945
     75.9957
     75.9943
     75.9942
     80.4062
     80.5454
     75.9942
     75.9942
     75.9950
     75.9950
     75.9942
     75.9942
     75.9941
     75.9945
     75.9942
     75.9941
     75.9943
     75.9955
     75.9941
     75.9940
     80.4037
     80.5471
     75.9940
     75.9940
     75.9948
     75.9948
     75.9940
     75.9940
     75.9939
     75.9943
     75.9940
     75.9939
     75.9941
     75.9952
     75.9939
     75.9938
     80.4013
     80.5488
     75.9938
     76.0296
     76.0418
     76.0190
     76.0296
     75.9862
     75.9860
     75.9866
     75.9862
     75.9859
     75.9858
     75.9876
     75.9859
     75.9857
     80.4208
     80.5190
     75.9857
     75.9857
     75.9864
     75.9864
     75.9857
     75.9857
     75.9855
     75.9860
     75.9857
     75.9854
     75.9853
     75.9870
     75.9854
     75.9852
     80.4180
     80.5203
     75.9852
     75.9852
     75.9859
     75.9859
     75.9852
     75.9852
     75.9850
     75.9855
     75.9852
     75.9849
     75.9848
     75.9865
     75.9849
     75.9847
     80.4153
     80.5216
     75.9847
     75.9847
     75.9854
     75.9854
     75.9847
     75.9847
     75.9845
     75.9850
     75.9847
     75.9845
     75.9844
     75.9860
     75.9845
     75.9842
     80.4126
     80.5229
     75.9842
     75.9842
     75.9850
     75.9850
     75.9842
     75.9842
     75.9841
     75.9845
     75.9842
     75.9840
     75.9840
     75.9856
     75.9840
     75.9838
     80.4100
     80.5243
     75.9838
     75.9838
     75.9846
     75.9846
     75.9838
     75.9838
     75.9837
     75.9841
     75.9838
     75.9836
     75.9837
     75.9851
     75.9836
     75.9835
     80.4062
     80.5269
     75.9835
     75.9835
     75.9842
     75.9842
     75.9835
     75.9835
     75.9833
     75.9837
     75.9835
     75.9833
     75.9833
     75.9848
     75.9833
     75.9831
     80.4048
     80.5272
     75.9831
     75.9831
     75.9839
     75.9839
     75.9831
     75.9831
     75.9830
     75.9834
     75.9831
     75.9829
     75.9830
     75.9843
     75.9829
     75.9828
     80.4034
     80.5276
     75.9828
     75.9828
     75.9836
     75.9835
     75.9828
     75.9828
     75.9827
     75.9831
     75.9828
     75.9826
     75.9827
     75.9841
     75.9826
     75.9825
     80.3996
     80.5303
     75.9825
     75.9825
     75.9832
     75.9832
     75.9825
     75.9825
     75.9824
     75.9827
     75.9825
     75.9823
     75.9824
     75.9837
     75.9823
     75.9822
     80.3983
     80.5308
     75.9822
     75.9822
     75.9830
     75.9829
     75.9822
     75.9822
     75.9821
     75.9825
     75.9822
     75.9821
     75.9822
     75.9834
     75.9821
     75.9819
     80.3958
     80.5324
     75.9819
     75.9819
     75.9827
     75.9827
     75.9819
     75.9819
     75.9818
     75.9822
     75.9819
     75.9818
     75.9820
     75.9831
     75.9818
     75.9817
     80.3944
     80.5330
     75.9817
     75.9817
     75.9825
     75.9825
     75.9817
     75.9817
     75.9816
     75.9820
     75.9817
     75.9816
     75.9818
     75.9829
     75.9816
     75.9815
     80.3931
     80.5335
     75.9815
     75.9815
     75.9823
     75.9822
     75.9815
     75.9815
     75.9814
     75.9817
     75.9815
     75.9814
     75.9816
     75.9827
     75.9814
     75.9813
     80.3906
     80.5353
     75.9813
     75.9813
     75.9820
     75.9820
     75.9813
     75.9813
     75.9812
     75.9815
     75.9813
     75.9812
     75.9814
     75.9825
     75.9812
     75.9811
     80.3882
     80.5370
     75.9811
     76.0169
     76.0290
     76.0062
     76.0169
     75.9734
     75.9732
     75.9738
     75.9734
     75.9731
     75.9730
     75.9748
     75.9731
     75.9729
     80.4076
     80.5072
     75.9729
     75.9729
     75.9736
     75.9736
     75.9729
     75.9729
     75.9727
     75.9732
     75.9729
     75.9726
     75.9726
     75.9742
     75.9726
     75.9724
     80.4049
     80.5085
     75.9724
     75.9724
     75.9731
     75.9732
     75.9724
     75.9724
     75.9722
     75.9727
     75.9724
     75.9722
     75.9721
     75.9737
     75.9722
     75.9719
     80.4021
     80.5098
     75.9719
     75.9719
     75.9727
     75.9727
     75.9719
     75.9719
     75.9718
     75.9722
     75.9719
     75.9717
     75.9717
     75.9733
     75.9717
     75.9715
     80.3994
     80.5112
     75.9715
     75.9715
     75.9723
     75.9723
     75.9715
     75.9715
     75.9714
     75.9718
     75.9715
     75.9713
     75.9713
     75.9728
     75.9713
     75.9711
     80.3968
     80.5126
     75.9711
     75.9711
     75.9719
     75.9719
     75.9711
     75.9711
     75.9710
     75.9714
     75.9711
     75.9709
     75.9709
     75.9724
     75.9709
     75.9707
     80.3941
     80.5141
     75.9707
     75.9707
     75.9715
     75.9715
     75.9707
     75.9707
     75.9706
     75.9710
     75.9707
     75.9706
     75.9706
     75.9720
     75.9706
     75.9704
     80.3927
     80.5145
     75.9704
     75.9704
     75.9712
     75.9712
     75.9704
     75.9704
     75.9703
     75.9707
     75.9704
     75.9703
     75.9703
     75.9717
     75.9703
     75.9701
     80.3889
     80.5172
     75.9701
     75.9701
     75.9708
     75.9709
     75.9701
     75.9701
     75.9700
     75.9704
     75.9701
     75.9699
     75.9701
     75.9713
     75.9699
     75.9698
     80.3864
     80.5188
     75.9698
     75.9698
     75.9705
     75.9706
     75.9698
     75.9698
     75.9697
     75.9701
     75.9698
     75.9697
     75.9698
     75.9710
     75.9697
     75.9695
     80.3850
     80.5193
     75.9695
     75.9695
     75.9703
     75.9703
     75.9695
     75.9695
     75.9694
     75.9698
     75.9695
     75.9694
     75.9695
     75.9708
     75.9694
     75.9693
     80.3825
     80.5210
     75.9693
     75.9693
     75.9700
     75.9700
     75.9693
     75.9693
     75.9692
     75.9695
     75.9693
     75.9692
     75.9693
     75.9705
     75.9692
     75.9691
     80.3823
     80.5204
     75.9691
     75.9691
     75.9698
     75.9698
     75.9691
     75.9691
     75.9690
     75.9693
     75.9691
     75.9689
     75.9691
     75.9703
     75.9689
     75.9688
     80.3786
     80.5233
     75.9688
     75.9688
     75.9696
     75.9696
     75.9688
     75.9688
     75.9687
     75.9691
     75.9688
     75.9687
     75.9690
     75.9700
     75.9687
     75.9686
     80.3773
     80.5239
     75.9686
     76.0045
     76.0167
     75.9939
     76.0045
     75.9611
     75.9609
     75.9614
     75.9611
     75.9608
     75.9606
     75.9624
     75.9608
     75.9605
     80.3968
     80.4941
     75.9605
     75.9605
     75.9613
     75.9612
     75.9605
     75.9605
     75.9603
     75.9608
     75.9605
     75.9602
     75.9601
     75.9619
     75.9602
     75.9600
     80.3940
     80.4954
     75.9600
     75.9600
     75.9607
     75.9607
     75.9600
     75.9600
     75.9598
     75.9603
     75.9600
     75.9597
     75.9597
     75.9613
     75.9597
     75.9595
     80.3901
     80.4979
     75.9595
     75.9595
     75.9603
     75.9603
     75.9595
     75.9595
     75.9593
     75.9598
     75.9595
     75.9593
     75.9592
     75.9609
     75.9593
     75.9591
     80.3874
     80.4993
     75.9591
     75.9591
     75.9598
     75.9598
     75.9591
     75.9591
     75.9589
     75.9594
     75.9591
     75.9589
     75.9588
     75.9604
     75.9589
     75.9587
     80.3847
     80.5007
     75.9587
     75.9587
     75.9594
     75.9594
     75.9587
     75.9587
     75.9585
     75.9590
     75.9587
     75.9585
     75.9585
     75.9600
     75.9585
     75.9583
     80.3820
     80.5022
     75.9583
     75.9583
     75.9590
     75.9591
     75.9583
     75.9583
     75.9581
     75.9586
     75.9583
     75.9581
     75.9581
     75.9596
     75.9581
     75.9579
     80.3805
     80.5025
     75.9579
     75.9579
     75.9587
     75.9587
     75.9579
     75.9579
     75.9578
     75.9582
     75.9579
     75.9578
     75.9578
     75.9592
     75.9578
     75.9576
     80.3779
     80.5041
     75.9576
     75.9576
     75.9584
     75.9584
     75.9576
     75.9576
     75.9575
     75.9579
     75.9576
     75.9575
     75.9576
     75.9589
     75.9575
     75.9573
     80.3753
     80.5057
     75.9573
     75.9573
     75.9581
     75.9581
     75.9573
     75.9573
     75.9572
     75.9576
     75.9573
     75.9572
     75.9573
     75.9586
     75.9572
     75.9570
     80.3739
     80.5062
     75.9570
     75.9570
     75.9578
     75.9578
     75.9570
     75.9570
     75.9569
     75.9573
     75.9570
     75.9569
     75.9570
     75.9583
     75.9569
     75.9568
     80.3725
     80.5068
     75.9568
     75.9568
     75.9575
     75.9575
     75.9568
     75.9568
     75.9567
     75.9570
     75.9568
     75.9567
     75.9568
     75.9580
     75.9567
     75.9566
     80.3689
     80.5096
     75.9566
     75.9566
     75.9573
     75.9573
     75.9566
     75.9566
     75.9564
     75.9568
     75.9566
     75.9564
     75.9566
     75.9578
     75.9564
     75.9563
     80.3675
     80.5102
     75.9563
     75.9563
     75.9571
     75.9571
     75.9563
     75.9563
     75.9562
     75.9566
     75.9563
     75.9562
     75.9564
     75.9576
     75.9562
     75.9561
     80.3661
     80.5109
     75.9561
     75.9561
     75.9569
     75.9569
     75.9561
     75.9561
     75.9560
     75.9564
     75.9561
     75.9560
     75.9563
     75.9573
     75.9560
     75.9559
     80.3637
     80.5127
     75.9559
     75.9917
     76.0039
     75.9810
     75.9917
     75.9483
     75.9481
     75.9486
     75.9483
     75.9480
     75.9478
     75.9496
     75.9480
     75.9477
     80.3831
     80.4828
     75.9477
     75.9477
     75.9485
     75.9485
     75.9477
     75.9477
     75.9475
     75.9480
     75.9477
     75.9475
     75.9474
     75.9490
     75.9475
     75.9472
     80.3803
     80.4842
     75.9472
     75.9472
     75.9480
     75.9480
     75.9472
     75.9472
     75.9470
     75.9475
     75.9472
     75.9470
     75.9469
     75.9486
     75.9470
     75.9468
     80.3776
     80.4855
     75.9468
     75.9468
     75.9475
     75.9475
     75.9468
     75.9468
     75.9466
     75.9471
     75.9468
     75.9466
     75.9465
     75.9481
     75.9466
     75.9463
     80.3748
     80.4870
     75.9463
     75.9463
     75.9471
     75.9471
     75.9463
     75.9463
     75.9462
     75.9466
     75.9463
     75.9461
     75.9461
     75.9477
     75.9461
     75.9459
     80.3721
     80.4884
     75.9459
     75.9459
     75.9467
     75.9467
     75.9459
     75.9459
     75.9458
     75.9462
     75.9459
     75.9458
     75.9458
     75.9472
     75.9458
     75.9456
     80.3694
     80.4899
     75.9456
     75.9456
     75.9463
     75.9463
     75.9456
     75.9456
     75.9454
     75.9459
     75.9456
     75.9454
     75.9455
     75.9468
     75.9454
     75.9452
     80.3668
     80.4915
     75.9452
     75.9452
     75.9460
     75.9460
     75.9452
     75.9452
     75.9451
     75.9455
     75.9452
     75.9451
     75.9451
     75.9465
     75.9451
     75.9449
     80.3653
     80.4920
     75.9449
     75.9449
     75.9457
     75.9457
     75.9449
     75.9449
     75.9448
     75.9452
     75.9449
     75.9448
     75.9449
     75.9462
     75.9448
     75.9446
     80.3627
     80.4936
     75.9446
     75.9446
     75.9454
     75.9454
     75.9446
     75.9446
     75.9445
     75.9449
     75.9446
     75.9445
     75.9446
     75.9459
     75.9445
     75.9444
     80.3601
     80.4953
     75.9444
     75.9444
     75.9451
     75.9451
     75.9444
     75.9444
     75.9443
     75.9446
     75.9444
     75.9443
     75.9444
     75.9456
     75.9443
     75.9441
     80.3587
     80.4959
     75.9441
     75.9441
     75.9449
     75.9449
     75.9441
     75.9441
     75.9440
     75.9444
     75.9441
     75.9440
     75.9442
     75.9454
     75.9440
     75.9439
     80.3573
     80.4964
     75.9439
     75.9439
     75.9446
     75.9446
     75.9439
     75.9439
     75.9438
     75.9441
     75.9439
     75.9438
     75.9440
     75.9451
     75.9438
     75.9437
     80.3548
     80.4982
     75.9437
     75.9437
     75.9444
     75.9444
     75.9437
     75.9437
     75.9436
     75.9439
     75.9437
     75.9436
     75.9438
     75.9449
     75.9436
     75.9435
     80.3535
     80.4989
     75.9435
     75.9794
     75.9916
     75.9687
     75.9794
     75.9359
     75.9357
     75.9362
     75.9359
     75.9356
     75.9355
     75.9372
     75.9356
     75.9354
     80.3730
     80.4691
     75.9354
     75.9354
     75.9361
     75.9361
     75.9354
     75.9354
     75.9352
     75.9357
     75.9354
     75.9351
     75.9350
     75.9367
     75.9351
     75.9348
     80.3702
     80.4705
     75.9348
     75.9348
     75.9356
     75.9356
     75.9348
     75.9348
     75.9347
     75.9352
     75.9348
     75.9346
     75.9345
     75.9362
     75.9346
     75.9344
     80.3662
     80.4730
     75.9344
     75.9344
     75.9351
     75.9351
     75.9344
     75.9344
     75.9342
     75.9347
     75.9344
     75.9342
     75.9341
     75.9357
     75.9342
     75.9339
     80.3635
     80.4744
     75.9339
     75.9339
     75.9347
     75.9347
     75.9339
     75.9339
     75.9338
     75.9342
     75.9339
     75.9337
     75.9337
     75.9352
     75.9337
     75.9335
     80.3619
     80.4748
     75.9335
     75.9335
     75.9343
     75.9343
     75.9335
     75.9335
     75.9334
     75.9338
     75.9335
     75.9333
     75.9334
     75.9348
     75.9333
     75.9332
     80.3580
     80.4774
     75.9332
     75.9332
     75.9339
     75.9339
     75.9332
     75.9332
     75.9330
     75.9334
     75.9332
     75.9330
     75.9330
     75.9345
     75.9330
     75.9328
     80.3553
     80.4790
     75.9328
     75.9328
     75.9335
     75.9336
     75.9328
     75.9328
     75.9327
     75.9331
     75.9328
     75.9326
     75.9327
     75.9341
     75.9326
     75.9325
     80.3538
     80.4795
     75.9325
     75.9325
     75.9332
     75.9332
     75.9325
     75.9325
     75.9323
     75.9327
     75.9325
     75.9323
     75.9324
     75.9337
     75.9323
     75.9322
     80.3512
     80.4811
     75.9322
     75.9322
     75.9329
     75.9329
     75.9322
     75.9322
     75.9321
     75.9324
     75.9322
     75.9320
     75.9321
     75.9335
     75.9320
     75.9319
     80.3498
     80.4816
     75.9319
     75.9319
     75.9327
     75.9326
     75.9319
     75.9319
     75.9318
     75.9322
     75.9319
     75.9318
     75.9319
     75.9331
     75.9318
     75.9317
     80.3472
     80.4834
     75.9317
     75.9317
     75.9324
     75.9324
     75.9317
     75.9317
     75.9315
     75.9319
     75.9317
     75.9315
     75.9317
     75.9328
     75.9315
     75.9314
     80.3458
     80.4840
     75.9314
     75.9314
     75.9322
     75.9322
     75.9314
     75.9314
     75.9313
     75.9317
     75.9314
     75.9313
     75.9315
     75.9327
     75.9313
     75.9312
     80.3432
     80.4857
     75.9312
     75.9312
     75.9319
     75.9319
     75.9312
     75.9312
     75.9311
     75.9314
     75.9312
     75.9311
     75.9313
     75.9324
     75.9311
     75.9310
     80.3418
     80.4864
     75.9310
     75.9670
     75.9792
     75.9563
     75.9670
     75.9235
     75.9233
     75.9238
     75.9235
     75.9232
     75.9230
     75.9249
     75.9232
     75.9229
     80.3615
     80.4566
     75.9229
     75.9229
     75.9237
     75.9236
     75.9229
     75.9229
     75.9227
     75.9232
     75.9229
     75.9226
     75.9225
     75.9243
     75.9226
     75.9224
     80.3574
     80.4591
     75.9224
     75.9224
     75.9231
     75.9231
     75.9224
     75.9224
     75.9222
     75.9227
     75.9224
     75.9221
     75.9221
     75.9237
     75.9221
     75.9219
     80.3546
     80.4605
     75.9219
     75.9219
     75.9227
     75.9227
     75.9219
     75.9219
     75.9217
     75.9222
     75.9219
     75.9217
     75.9216
     75.9233
     75.9217
     75.9215
     80.3529
     80.4608
     75.9215
     75.9215
     75.9222
     75.9222
     75.9215
     75.9215
     75.9213
     75.9218
     75.9215
     75.9212
     75.9212
     75.9228
     75.9212
     75.9210
     80.3490
     80.4635
     75.9210
     75.9210
     75.9218
     75.9218
     75.9210
     75.9210
     75.9209
     75.9213
     75.9210
     75.9208
     75.9209
     75.9223
     75.9208
     75.9207
     80.3474
     80.4639
     75.9207
     75.9207
     75.9214
     75.9214
     75.9207
     75.9207
     75.9205
     75.9209
     75.9207
     75.9205
     75.9205
     75.9219
     75.9205
     75.9203
     80.3448
     80.4655
     75.9203
     75.9203
     75.9211
     75.9211
     75.9203
     75.9203
     75.9202
     75.9206
     75.9203
     75.9202
     75.9202
     75.9216
     75.9202
     75.9200
     80.3421
     80.4670
     75.9200
     75.9200
     75.9207
     75.9207
     75.9200
     75.9200
     75.9198
     75.9202
     75.9200
     75.9198
     75.9199
     75.9212
     75.9198
     75.9197
     80.3394
     80.4687
     75.9197
     75.9197
     75.9204
     75.9204
     75.9197
     75.9197
     75.9196
     75.9199
     75.9197
     75.9195
     75.9196
     75.9209
     75.9195
     75.9194
     80.3379
     80.4693
     75.9194
     75.9194
     75.9202
     75.9201
     75.9194
     75.9194
     75.9193
     75.9196
     75.9194
     75.9193
     75.9194
     75.9206
     75.9193
     75.9191
     80.3365
     80.4699
     75.9191
     75.9191
     75.9199
     75.9199
     75.9191
     75.9191
     75.9190
     75.9194
     75.9191
     75.9190
     75.9192
     75.9203
     75.9190
     75.9189
     80.3339
     80.4716
     75.9189
     75.9189
     75.9197
     75.9197
     75.9189
     75.9189
     75.9188
     75.9191
     75.9189
     75.9188
     75.9190
     75.9201
     75.9188
     75.9187
     80.3325
     80.4723
     75.9187
     75.9187
     75.9195
     75.9194
     75.9187
     75.9187
     75.9186
     75.9189
     75.9187
     75.9186
     75.9188
     75.9199
     75.9186
     75.9185
     80.3299
     80.4741
     75.9185
     75.9185
     75.9192
     75.9192
     75.9185
     75.9185
     75.9184
     75.9187
     75.9185
     75.9184
     75.9186
     75.9197
     75.9184
     75.9183
     80.3286
     80.4748
     75.9183
     75.9542
     75.9664
     75.9435
     75.9542
     75.9106
     75.9104
     75.9110
     75.9106
     75.9104
     75.9102
     75.9121
     75.9104
     75.9101
     80.3481
     80.4449
     75.9101
     75.9101
     75.9109
     75.9108
     75.9101
     75.9101
     75.9099
     75.9104
     75.9101
     75.9098
     75.9098
     75.9114
     75.9098
     75.9096
     80.3441
     80.4475
     75.9096
     75.9096
     75.9104
     75.9104
     75.9096
     75.9096
     75.9094
     75.9099
     75.9096
     75.9094
     75.9093
     75.9110
     75.9094
     75.9091
     80.3412
     80.4489
     75.9091
     75.9091
     75.9099
     75.9099
     75.9091
     75.9091
     75.9090
     75.9094
     75.9091
     75.9089
     75.9089
     75.9104
     75.9089
     75.9087
     80.3384
     80.4504
     75.9087
     75.9087
     75.9095
     75.9095
     75.9087
     75.9087
     75.9085
     75.9090
     75.9087
     75.9085
     75.9085
     75.9100
     75.9085
     75.9083
     80.3368
     80.4508
     75.9083
     75.9083
     75.9091
     75.9091
     75.9083
     75.9083
     75.9082
     75.9086
     75.9083
     75.9081
     75.9081
     75.9096
     75.9081
     75.9079
     80.3341
     80.4524
     75.9079
     75.9079
     75.9087
     75.9087
     75.9079
     75.9079
     75.9078
     75.9082
     75.9079
     75.9078
     75.9078
     75.9093
     75.9078
     75.9076
     80.3302
     80.4551
     75.9076
     75.9076
     75.9083
     75.9084
     75.9076
     75.9076
     75.9075
     75.9079
     75.9076
     75.9074
     75.9075
     75.9088
     75.9074
     75.9073
     80.3287
     80.4557
     75.9073
     75.9073
     75.9080
     75.9080
     75.9073
     75.9073
     75.9072
     75.9076
     75.9073
     75.9071
     75.9072
     75.9086
     75.9071
     75.9070
