   1   -0.000000
   2   -0.000000
   1   -0.000000
   2    0.000000
   3   -0.000000
   4    0.000000
   1    0.000000
   2   -0.000000
   3    0.000000
   4   -0.000000
   1   -0.000000
   2   -0.000000
   3   -0.000000
   4   -0.000000
   1   -0.000000
   2   -0.000000
   3   -0.000000
   4   -0.000000
   1    0.000000
   2   -0.000000
   3    0.000000
   4   -0.000000
   1   -0.000000
   2   -0.000000
   3   -0.000000
   4   -0.000000
   1   -0.000000
   2   -0.000000
   3   -0.000000
   4   -0.000000
   1   -0.000000
   2    0.000000
   3   -0.000000
   4    0.000000
   1    0.000000
   2    0.000000
   3    0.000000
   4    0.000000
   1   -0.000000
   2    0.000000
   3   -0.000000
   4    0.000000
   1    0.000001
   2   -0.000001
   3    0.000001
   4   -0.000001
   1   -0.000000
   2   -0.000000
   3   -0.000000
   4   -0.000000
   1    0.000000
   2   -0.000000
   3    0.000000
   4    0.000000
   1   -0.000000
   2    0.000000
   3   -0.000000
   4    0.000000
   1    0.000000
   2   -0.000000
   3   -0.000000
   4    0.000000
