32   
4    

1    
  0.0036253257271149   0.0000000022915706   0.0093197110133477
   0.0423619900   -0.0012707500   -0.0988615300
   0.0124189600   -0.0000615300    0.0047316400
   0.0225933100    0.0057961400    0.0046886400
   0.0226722000   -0.0059911700    0.0047793000
   0.0000024000   -0.0000411600    0.0000146500
  -0.0000019000   -0.0000293700    0.0000541500
  -0.0000077400   -0.0000118300    0.0000560700
   0.0000126100   -0.0000156400    0.0000542800
   0.0003807900    0.0000234300    0.0010612800
   0.0000588400   -0.0000470200    0.0001092400
   0.0002252300    0.0001262900    0.0001319300
   0.0001206600   -0.0000061200    0.0000871500
   0.0004011100    0.0000262300    0.0010564300
   0.0000274600    0.0000815400    0.0001050900
   0.0001219700    0.0000712500    0.0000841600
   0.0002216100   -0.0000878500    0.0001322800
  -0.0166680100    0.0005778000    0.0245532600
  -0.0048731900    0.0000379500    0.0044271600
  -0.0398436300    0.0135352900    0.0247564400
  -0.0388177700   -0.0126409400    0.0243596000
  -0.0000109900    0.0000170100    0.0000201200
   0.0000157900    0.0000422500   -0.0000152800
  -0.0000169700    0.0000060100    0.0000224200
   0.0000271700    0.0000241300    0.0000213500
  -0.0003826400   -0.0002451300    0.0006276500
  -0.0000205300   -0.0000016300    0.0006529400
  -0.0003216600   -0.0000163000   -0.0001221700
   0.0000100800    0.0001827000    0.0006368100
  -0.0000235300   -0.0000517800    0.0006397900
  -0.0003709600    0.0002072400    0.0006188600
  -0.0003318800   -0.0000169200   -0.0001150700
   0.0000192300   -0.0002201400    0.0006313500

1    
 -0.0036253257271149  -0.0000000022915706  -0.0093197110133477
  -0.0424407900   -0.0012683100    0.0988305200
  -0.0123236700   -0.0000621600   -0.0047444400
  -0.0226019100   -0.0060071000   -0.0047891800
  -0.0225242300    0.0058134200   -0.0046985400
   0.0000494800   -0.0000410100   -0.0000085900
   0.0001153200   -0.0000301800   -0.0000489800
   0.0000625300   -0.0000377600   -0.0000471900
   0.0000829000    0.0000134200   -0.0000490500
  -0.0004852100    0.0000224000   -0.0010584700
  -0.0001165700    0.0000787400   -0.0001074700
  -0.0003073800   -0.0000835700   -0.0001267900
  -0.0001955800    0.0000741600   -0.0000863700
  -0.0004730900    0.0000259500   -0.0010635200
  -0.0001424700   -0.0000462100   -0.0001116300
  -0.0001914700   -0.0000122600   -0.0000898200
  -0.0003142400    0.0001227200   -0.0001270000
   0.0166253400    0.0005767500   -0.0245462500
   0.0048092100    0.0000391100   -0.0044250300
   0.0388222000   -0.0126673300   -0.0243533900
   0.0398467800    0.0135575600   -0.0247501900
  -0.0000765400    0.0000163900   -0.0000151400
  -0.0000500300    0.0000394000    0.0000162200
  -0.0000922100    0.0000150000   -0.0000130000
  -0.0000538000    0.0000173500   -0.0000133800
   0.0004430600    0.0002061000   -0.0006194700
   0.0000967200   -0.0000447800   -0.0006410200
   0.0003914200   -0.0000146700    0.0001184400
   0.0000509700   -0.0002226500   -0.0006335800
   0.0000978700   -0.0000036400   -0.0006547300
   0.0004532800   -0.0002450600   -0.0006287700
   0.0003836400   -0.0000176000    0.0001249100
   0.0000584900    0.0001858300   -0.0006391000

17   
  0.0036253257271149   0.0000000022915706   0.0093197110133477
  -0.0166207600   -0.0005872400    0.0245362600
  -0.0048059400   -0.0000560600    0.0044200000
  -0.0388288700    0.0126722500    0.0243495900
  -0.0398484600   -0.0135650200    0.0247368400
   0.0000565000   -0.0000422000    0.0000216500
   0.0000917600   -0.0000271300   -0.0000120100
   0.0000652200   -0.0000304800    0.0000227700
   0.0000892400    0.0000041400    0.0000211900
  -0.0000802400    0.0000557900    0.0006407100
  -0.0003888600    0.0000112500   -0.0001200000
  -0.0002504500    0.0001261600    0.0007122200
  -0.0003112500   -0.0001144400    0.0005681000
  -0.0000538900   -0.0000115900    0.0006291600
  -0.0004094100    0.0000173400   -0.0001168000
  -0.0002985400    0.0001624300    0.0005648800
  -0.0002454200   -0.0000903800    0.0007023500
   0.0422888600    0.0012569000   -0.0985285600
   0.0129540700    0.0000453700    0.0042875900
   0.0223879300    0.0055312800    0.0043346800
   0.0223136100   -0.0053153800    0.0042380600
  -0.0000986600    0.0000163400    0.0000829500
  -0.0000472400    0.0000399500   -0.0000354400
  -0.0000905200    0.0000081300   -0.0000308400
  -0.0000474000    0.0000236300   -0.0000321700
   0.0003426200   -0.0000809500    0.0005943500
   0.0001641600   -0.0000435600    0.0005314300
   0.0002127500    0.0000868400    0.0005640800
   0.0003834600   -0.0000254500    0.0003230700
   0.0001708000    0.0000061500    0.0005202600
   0.0003286700    0.0000652400    0.0005889100
   0.0001982800   -0.0001140900    0.0005581900
   0.0003779800   -0.0000251900    0.0003265500

17   
 -0.0036253257271149  -0.0000000022915706  -0.0093197110133477
   0.0166792200   -0.0005901600   -0.0245568600
   0.0048781500   -0.0000592200   -0.0044310700
   0.0398652000   -0.0135360900   -0.0247536600
   0.0388372300    0.0126468200   -0.0243661600
  -0.0000044200   -0.0000414500   -0.0000155200
   0.0000230100   -0.0000298200    0.0000172800
  -0.0000128200   -0.0000198200   -0.0000139800
   0.0000093000   -0.0000051600   -0.0000155000
  -0.0000362200   -0.0000114600   -0.0006313600
   0.0003234300    0.0000145300    0.0001145400
   0.0001607600   -0.0000881000   -0.0006969900
   0.0002217200    0.0001678300   -0.0005676300
  -0.0000053000    0.0000601000   -0.0006436500
   0.0002984100    0.0000160900    0.0001179200
   0.0002376200   -0.0001173500   -0.0005709900
   0.0001640600    0.0001180700   -0.0007061900
  -0.0421996700    0.0012640300    0.0985466800
  -0.0130345500    0.0000467800   -0.0042833800
  -0.0223663100   -0.0053028100   -0.0042380300
  -0.0224428600    0.0055127300   -0.0043340200
   0.0000098100    0.0000166200   -0.0000780200
   0.0000137800    0.0000413800    0.0000366300
  -0.0000202900    0.0000126500    0.0000408800
   0.0000209700    0.0000176500    0.0000397000
  -0.0002619600    0.0000623700   -0.0005899300
  -0.0000899300    0.0000079200   -0.0005220200
  -0.0001351500   -0.0001136100   -0.0005552500
  -0.0003092400   -0.0000233500   -0.0003285600
  -0.0000899000   -0.0000487300   -0.0005331500
  -0.0002685700   -0.0000796900   -0.0005956200
  -0.0001545500    0.0000831600   -0.0005603700
  -0.0003109200   -0.0000219200   -0.0003257000
