Automatically generated mesh
      72
Reciprocal lattice
    0.00000000000000    0.00000000000000    0.00000000000000             1
    0.16666666666667   -0.00000000000000   -0.00000000000000             2
    0.33333333333333   -0.00000000000000   -0.00000000000000             2
    0.50000000000000   -0.00000000000000   -0.00000000000000             1
    0.00000000000000    0.16666666666667   -0.00000000000000             2
    0.16666666666667    0.16666666666667   -0.00000000000000             2
    0.33333333333333    0.16666666666667   -0.00000000000000             2
    0.50000000000000    0.16666666666667   -0.00000000000000             2
   -0.33333333333333    0.16666666666667    0.00000000000000             2
   -0.16666666666667    0.16666666666667    0.00000000000000             2
    0.00000000000000    0.33333333333333    0.00000000000000             2
    0.16666666666667    0.33333333333333   -0.00000000000000             2
    0.33333333333333    0.33333333333333   -0.00000000000000             2
    0.50000000000000    0.33333333333333   -0.00000000000000             2
   -0.33333333333333    0.33333333333333    0.00000000000000             2
   -0.16666666666667    0.33333333333333    0.00000000000000             2
    0.00000000000000    0.50000000000000    0.00000000000000             2
    0.16666666666667    0.50000000000000   -0.00000000000000             4
    0.33333333333333    0.50000000000000   -0.00000000000000             4
    0.50000000000000    0.50000000000000   -0.00000000000000             2
    0.00000000000000    0.00000000000000    0.25000000000000             2
    0.16666666666667   -0.00000000000000    0.25000000000000             2
    0.33333333333333   -0.00000000000000    0.25000000000000             2
    0.50000000000000   -0.00000000000000    0.25000000000000             2
   -0.33333333333333    0.00000000000000    0.25000000000000             2
   -0.16666666666667    0.00000000000000    0.25000000000000             2
    0.00000000000000    0.16666666666667    0.25000000000000             2
    0.16666666666667    0.16666666666667    0.25000000000000             2
    0.33333333333333    0.16666666666667    0.25000000000000             2
    0.50000000000000    0.16666666666667    0.25000000000000             2
   -0.33333333333333    0.16666666666667    0.25000000000000             2
   -0.16666666666667    0.16666666666667    0.25000000000000             2
    0.00000000000000    0.33333333333333    0.25000000000000             2
    0.16666666666667    0.33333333333333    0.25000000000000             2
    0.33333333333333    0.33333333333333    0.25000000000000             2
    0.50000000000000    0.33333333333333    0.25000000000000             2
   -0.33333333333333    0.33333333333333    0.25000000000000             2
   -0.16666666666667    0.33333333333333    0.25000000000000             2
    0.00000000000000    0.50000000000000    0.25000000000000             2
    0.16666666666667    0.50000000000000    0.25000000000000             2
    0.33333333333333    0.50000000000000    0.25000000000000             2
    0.50000000000000    0.50000000000000    0.25000000000000             2
   -0.33333333333333    0.50000000000000    0.25000000000000             2
   -0.16666666666667    0.50000000000000    0.25000000000000             2
    0.00000000000000   -0.33333333333333    0.25000000000000             2
    0.16666666666667   -0.33333333333333    0.25000000000000             2
    0.33333333333333   -0.33333333333333    0.25000000000000             2
    0.50000000000000   -0.33333333333333    0.25000000000000             2
   -0.33333333333333   -0.33333333333333    0.25000000000000             2
   -0.16666666666667   -0.33333333333333    0.25000000000000             2
    0.00000000000000   -0.16666666666667    0.25000000000000             2
    0.16666666666667   -0.16666666666667    0.25000000000000             2
    0.33333333333333   -0.16666666666667    0.25000000000000             2
    0.50000000000000   -0.16666666666667    0.25000000000000             2
   -0.33333333333333   -0.16666666666667    0.25000000000000             2
   -0.16666666666667   -0.16666666666667    0.25000000000000             2
    0.00000000000000    0.16666666666667    0.50000000000000             2
    0.16666666666667    0.16666666666667    0.50000000000000             2
    0.33333333333333    0.16666666666667    0.50000000000000             2
    0.50000000000000    0.16666666666667    0.50000000000000             2
   -0.33333333333333    0.16666666666667    0.50000000000000             2
   -0.16666666666667    0.16666666666667    0.50000000000000             2
    0.00000000000000    0.33333333333333    0.50000000000000             2
    0.16666666666667    0.33333333333333    0.50000000000000             2
    0.33333333333333    0.33333333333333    0.50000000000000             2
    0.50000000000000    0.33333333333333    0.50000000000000             2
   -0.33333333333333    0.33333333333333    0.50000000000000             2
   -0.16666666666667    0.33333333333333    0.50000000000000             2
    0.00000000000000    0.50000000000000    0.50000000000000             1
    0.16666666666667    0.50000000000000    0.50000000000000             2
    0.33333333333333    0.50000000000000    0.50000000000000             2
    0.50000000000000    0.50000000000000    0.50000000000000             1
Tetrahedra
       432    0.00115740740741
         2         1         5         6        28
         2         1         2         6        28
         2         1         2        22        28
         2         1         5        27        28
         2         1        21        27        28
         2         1        21        22        28
         2         2         6         7        29
         2         2         3         7        29
         2         2         3        23        29
         2         2         6        28        29
         2         2        22        28        29
         2         2        22        23        29
         2         3         7         8        30
         2         3         4         8        30
         2         3         4        24        30
         2         3         7        29        30
         2         3        23        29        30
         2         3        23        24        30
         2         4         8         9        31
         2         3         4         9        31
         2         3         4        25        31
         2         4         8        30        31
         2         4        24        30        31
         2         4        24        25        31
         2         3         9        10        32
         2         2         3        10        32
         2         2         3        26        32
         2         3         9        31        32
         2         3        25        31        32
         2         3        25        26        32
         2         2         5        10        27
         2         1         2         5        27
         2         1         2        21        27
         2         2        10        27        32
         2         2        26        27        32
         2         2        21        26        27
         2         5        11        12        34
         2         5         6        12        34
         2         5         6        28        34
         2         5        11        33        34
         2         5        27        33        34
         2         5        27        28        34
         2         6        12        13        35
         2         6         7        13        35
         2         6         7        29        35
         2         6        12        34        35
         2         6        28        34        35
         2         6        28        29        35
         2         7        13        14        36
         2         7         8        14        36
         2         7         8        30        36
         2         7        13        35        36
         2         7        29        35        36
         2         7        29        30        36
         2         8        14        15        37
         2         8         9        15        37
         2         8         9        31        37
         2         8        14        36        37
         2         8        30        36        37
         2         8        30        31        37
         2         9        15        16        38
         2         9        10        16        38
         2         9        10        32        38
         2         9        15        37        38
         2         9        31        37        38
         2         9        31        32        38
         2        10        11        16        33
         2         5        10        11        33
         2         5        10        27        33
         2        10        16        33        38
         2        10        32        33        38
         2        10        27        32        33
         2        11        17        18        40
         2        11        12        18        40
         2        11        12        34        40
         2        11        17        39        40
         2        11        33        39        40
         2        11        33        34        40
         2        12        18        19        41
         2        12        13        19        41
         2        12        13        35        41
         2        12        18        40        41
         2        12        34        40        41
         2        12        34        35        41
         2        13        19        20        42
         2        13        14        20        42
         2        13        14        36        42
         2        13        19        41        42
         2        13        35        41        42
         2        13        35        36        42
         2        14        19        20        43
         2        14        15        19        43
         2        14        15        37        43
         2        14        20        42        43
         2        14        36        42        43
         2        14        36        37        43
         2        15        18        19        44
         2        15        16        18        44
         2        15        16        38        44
         2        15        19        43        44
         2        15        37        43        44
         2        15        37        38        44
         2        16        17        18        39
         2        11        16        17        39
         2        11        16        33        39
         2        16        18        39        44
         2        16        38        39        44
         2        16        33        38        39
         2        11        16        17        46
         2        16        17        18        46
         2        17        18        40        46
         2        11        17        45        46
         2        17        39        45        46
         2        17        39        40        46
         2        15        16        18        47
         2        15        18        19        47
         2        18        19        41        47
         2        16        18        46        47
         2        18        40        46        47
         2        18        40        41        47
         2        14        15        19        48
         2        14        19        20        48
         2        19        20        42        48
         2        15        19        47        48
         2        19        41        47        48
         2        19        41        42        48
         2        13        14        20        49
         2        13        19        20        49
         2        19        20        43        49
         2        14        20        48        49
         2        20        42        48        49
         2        20        42        43        49
         2        12        13        19        50
         2        12        18        19        50
         2        18        19        44        50
         2        13        19        49        50
         2        19        43        49        50
         2        19        43        44        50
         2        11        12        18        45
         2        11        17        18        45
         2        17        18        39        45
         2        12        18        45        50
         2        18        44        45        50
         2        18        39        44        45
         2         5        10        11        52
         2        10        11        16        52
         2        11        16        46        52
         2         5        11        51        52
         2        11        45        51        52
         2        11        45        46        52
         2         9        10        16        53
         2         9        15        16        53
         2        15        16        47        53
         2        10        16        52        53
         2        16        46        52        53
         2        16        46        47        53
         2         8         9        15        54
         2         8        14        15        54
         2        14        15        48        54
         2         9        15        53        54
         2        15        47        53        54
         2        15        47        48        54
         2         7         8        14        55
         2         7        13        14        55
         2        13        14        49        55
         2         8        14        54        55
         2        14        48        54        55
         2        14        48        49        55
         2         6         7        13        56
         2         6        12        13        56
         2        12        13        50        56
         2         7        13        55        56
         2        13        49        55        56
         2        13        49        50        56
         2         5         6        12        51
         2         5        11        12        51
         2        11        12        45        51
         2         6        12        51        56
         2        12        50        51        56
         2        12        45        50        51
         2         1         2         5        22
         2         2         5        10        22
         2         5        10        22        52
         2         1         5        21        22
         2         5        21        22        51
         2         5        22        51        52
         2         2         3        10        23
         2         3         9        10        23
         2         9        10        23        53
         2         2        10        22        23
         2        10        22        23        52
         2        10        23        52        53
         2         3         4         9        24
         2         4         8         9        24
         2         8         9        24        54
         2         3         9        23        24
         2         9        23        24        53
         2         9        24        53        54
         2         3         4         8        25
         2         3         7         8        25
         2         7         8        25        55
         2         4         8        24        25
         2         8        24        25        54
         2         8        25        54        55
         2         2         3         7        26
         2         2         6         7        26
         2         6         7        26        56
         2         3         7        25        26
         2         7        25        26        55
         2         7        26        55        56
         2         1         2         6        21
         2         1         5         6        21
         2         5         6        21        51
         2         2         6        21        26
         2         6        21        26        56
         2         6        21        51        56
         2        21        27        28        58
         2        21        22        28        58
         2        18        21        22        58
         2        21        27        57        58
         2        17        21        57        58
         2        17        18        21        58
         2        22        28        29        59
         2        22        23        29        59
         2        19        22        23        59
         2        22        28        58        59
         2        18        22        58        59
         2        18        19        22        59
         2        23        29        30        60
         2        23        24        30        60
         2        20        23        24        60
         2        23        29        59        60
         2        19        23        59        60
         2        19        20        23        60
         2        24        30        31        61
         2        24        25        31        61
         2        19        24        25        61
         2        24        30        60        61
         2        20        24        60        61
         2        19        20        24        61
         2        25        31        32        62
         2        25        26        32        62
         2        18        25        26        62
         2        25        31        61        62
         2        19        25        61        62
         2        18        19        25        62
         2        26        27        32        57
         2        21        26        27        57
         2        17        21        26        57
         2        26        32        57        62
         2        18        26        57        62
         2        17        18        26        57
         2        27        33        34        64
         2        27        28        34        64
         2        27        28        58        64
         2        27        33        63        64
         2        27        57        63        64
         2        27        57        58        64
         2        28        34        35        65
         2        28        29        35        65
         2        28        29        59        65
         2        28        34        64        65
         2        28        58        64        65
         2        28        58        59        65
         2        29        35        36        66
         2        29        30        36        66
         2        29        30        60        66
         2        29        35        65        66
         2        29        59        65        66
         2        29        59        60        66
         2        30        36        37        67
         2        30        31        37        67
         2        30        31        61        67
         2        30        36        66        67
         2        30        60        66        67
         2        30        60        61        67
         2        31        37        38        68
         2        31        32        38        68
         2        31        32        62        68
         2        31        37        67        68
         2        31        61        67        68
         2        31        61        62        68
         2        32        33        38        63
         2        27        32        33        63
         2        27        32        57        63
         2        32        38        63        68
         2        32        62        63        68
         2        32        57        62        63
         2        33        39        40        70
         2        33        34        40        70
         2        33        34        64        70
         2        33        39        69        70
         2        33        63        69        70
         2        33        63        64        70
         2        34        40        41        71
         2        34        35        41        71
         2        34        35        65        71
         2        34        40        70        71
         2        34        64        70        71
         2        34        64        65        71
         2        35        41        42        72
         2        35        36        42        72
         2        35        36        66        72
         2        35        41        71        72
         2        35        65        71        72
         2        35        65        66        72
         2        36        42        43        71
         2        36        37        43        71
         2        36        37        67        71
         2        36        42        71        72
         2        36        66        71        72
         2        36        66        67        71
         2        37        43        44        70
         2        37        38        44        70
         2        37        38        68        70
         2        37        43        70        71
         2        37        67        70        71
         2        37        67        68        70
         2        38        39        44        69
         2        33        38        39        69
         2        33        38        63        69
         2        38        44        69        70
         2        38        68        69        70
         2        38        63        68        69
         2        39        45        46        68
         2        39        40        46        68
         2        39        40        68        70
         2        39        45        63        68
         2        39        63        68        69
         2        39        68        69        70
         2        40        46        47        67
         2        40        41        47        67
         2        40        41        67        71
         2        40        46        67        68
         2        40        67        68        70
         2        40        67        70        71
         2        41        47        48        66
         2        41        42        48        66
         2        41        42        66        72
         2        41        47        66        67
         2        41        66        67        71
         2        41        66        71        72
         2        42        48        49        65
         2        42        43        49        65
         2        42        43        65        71
         2        42        48        65        66
         2        42        65        66        72
         2        42        65        71        72
         2        43        49        50        64
         2        43        44        50        64
         2        43        44        64        70
         2        43        49        64        65
         2        43        64        65        71
         2        43        64        70        71
         2        44        45        50        63
         2        39        44        45        63
         2        39        44        63        69
         2        44        50        63        64
         2        44        63        64        70
         2        44        63        69        70
         2        45        51        52        62
         2        45        46        52        62
         2        45        46        62        68
         2        45        51        57        62
         2        45        57        62        63
         2        45        62        63        68
         2        46        52        53        61
         2        46        47        53        61
         2        46        47        61        67
         2        46        52        61        62
         2        46        61        62        68
         2        46        61        67        68
         2        47        53        54        60
         2        47        48        54        60
         2        47        48        60        66
         2        47        53        60        61
         2        47        60        61        67
         2        47        60        66        67
         2        48        54        55        59
         2        48        49        55        59
         2        48        49        59        65
         2        48        54        59        60
         2        48        59        60        66
         2        48        59        65        66
         2        49        55        56        58
         2        49        50        56        58
         2        49        50        58        64
         2        49        55        58        59
         2        49        58        59        65
         2        49        58        64        65
         2        50        51        56        57
         2        45        50        51        57
         2        45        50        57        63
         2        50        56        57        58
         2        50        57        58        64
         2        50        57        63        64
         2        18        21        22        51
         2        18        22        51        52
         2        18        51        52        62
         2        17        18        21        51
         2        17        18        51        57
         2        18        51        57        62
         2        19        22        23        52
         2        19        23        52        53
         2        19        52        53        61
         2        18        19        22        52
         2        18        19        52        62
         2        19        52        61        62
         2        20        23        24        53
         2        20        24        53        54
         2        20        53        54        60
         2        19        20        23        53
         2        19        20        53        61
         2        20        53        60        61
         2        19        24        25        54
         2        19        25        54        55
         2        19        54        55        59
         2        19        20        24        54
         2        19        20        54        60
         2        19        54        59        60
         2        18        25        26        55
         2        18        26        55        56
         2        18        55        56        58
         2        18        19        25        55
         2        18        19        55        59
         2        18        55        58        59
         2        17        21        26        56
         2        17        21        51        56
         2        17        51        56        57
         2        17        18        26        56
         2        17        18        56        58
         2        17        56        57        58
