       0     2.466440     2.466440    20.000000  1179.447042   379.348573     0.000000     0.000000   105.318927
       0     2.466440     2.466440     7.095970  6648.719469  2138.301537    -0.377091     0.000000    37.366997
       0     2.466440     2.466440     7.029660  6711.435925  2158.470908    -0.380417     0.000000    37.017812
       0     2.466440     2.466440     6.963340  6775.356577  2179.027528    -0.382908     0.000000    36.668575
       0     2.466440     2.466440     6.897020  6840.506521  2199.979472    -0.384433     0.000000    36.319337
       0     2.466440     2.466440     6.830700  6906.921564  2221.338255    -0.384844     0.000000    35.970100
       0     2.466440     2.466440     6.764390  6974.628607  2243.112528    -0.383975     0.000000    35.620915
       0     2.466440     2.466440     6.698070  7043.686749  2265.321301    -0.381640     0.000000    35.271677
       0     2.466440     2.466440     6.631750  7114.126111  2287.974259    -0.377629     0.000000    34.922440
       0     2.466440     2.466440     6.565430  7185.988549  2311.084867    -0.371703     0.000000    34.573202
       0     2.466440     2.466440     6.499120  7259.306458  2334.663542    -0.363601     0.000000    34.224017
       0     2.466440     2.466440     6.432800  7334.147307  2358.731985    -0.353018     0.000000    33.874780
       0     2.466440     2.466440     6.366480  7410.547400  2383.301872    -0.339621     0.000000    33.525542
       0     2.466440     2.466440     6.300160  7488.555976  2408.389040    -0.323028     0.000000    33.176305
       0     2.466440     2.466440     6.233850  7568.212227  2434.006093    -0.302816     0.000000    32.827120
       0     2.466440     2.466440     6.167530  7649.593711  2460.177974    -0.278498     0.000000    32.477882
