       0     2.466440     2.466440    20.000000  1180.430987   379.406639     0.000000     0.000000   105.318927
       0     2.466440     2.466440     7.095970  6654.271333  2138.652667    -0.096934     0.000000    37.366997
       0     2.466440     2.466440     7.029660  6717.040289  2158.826085    -0.097789     0.000000    37.017812
       0     2.466440     2.466440     6.963340  6781.014446  2179.386841    -0.098429     0.000000    36.668575
       0     2.466440     2.466440     6.897020  6846.218922  2200.343008    -0.098821     0.000000    36.319337
       0     2.466440     2.466440     6.830700  6912.689553  2221.706103    -0.098926     0.000000    35.970100
       0     2.466440     2.466440     6.764390  6980.453262  2243.484781    -0.098703     0.000000    35.620915
       0     2.466440     2.466440     6.698070  7049.569198  2265.698050    -0.098103     0.000000    35.271677
       0     2.466440     2.466440     6.631750  7120.067506  2288.355599    -0.097071     0.000000    34.922440
       0     2.466440     2.466440     6.565430  7191.990078  2311.470894    -0.095547     0.000000    34.573202
       0     2.466440     2.466440     6.499120  7265.369336  2335.054353    -0.093464     0.000000    34.224017
       0     2.466440     2.466440     6.432800  7340.272805  2359.127680    -0.090743     0.000000    33.874780
       0     2.466440     2.466440     6.366480  7416.736823  2383.702554    -0.087298     0.000000    33.525542
       0     2.466440     2.466440     6.300160  7494.810670  2408.794814    -0.083031     0.000000    33.176305
       0     2.466440     2.466440     6.233850  7574.533575  2434.417066    -0.077834     0.000000    32.827120
       0     2.466440     2.466440     6.167530  7655.983164  2460.594260    -0.071580     0.000000    32.477882
       0     2.466440     2.466440    20.000000  1178.463097   379.290507     0.000000     0.000000   105.318927
       0     2.466440     2.466440     7.095970  6643.167604  2137.950407    -0.657248     0.000000    37.366997
       0     2.466440     2.466440     7.029660  6705.831562  2158.115730    -0.663045     0.000000    37.017812
       0     2.466440     2.466440     6.963340  6769.698707  2178.668216    -0.667387     0.000000    36.668575
       0     2.466440     2.466440     6.897020  6834.794120  2199.615936    -0.670044     0.000000    36.319337
       0     2.466440     2.466440     6.830700  6901.153575  2220.970406    -0.670761     0.000000    35.970100
       0     2.466440     2.466440     6.764390  6968.803951  2242.740276    -0.669248     0.000000    35.620915
       0     2.466440     2.466440     6.698070  7037.804300  2264.944552    -0.665178     0.000000    35.271677
       0     2.466440     2.466440     6.631750  7108.184716  2287.592919    -0.658187     0.000000    34.922440
       0     2.466440     2.466440     6.565430  7179.987020  2310.698839    -0.647859     0.000000    34.573202
       0     2.466440     2.466440     6.499120  7253.243581  2334.272731    -0.633738     0.000000    34.224017
       0     2.466440     2.466440     6.432800  7328.021809  2358.336289    -0.615294     0.000000    33.874780
       0     2.466440     2.466440     6.366480  7404.357977  2382.901190    -0.591944     0.000000    33.525542
       0     2.466440     2.466440     6.300160  7482.301282  2407.983266    -0.563025     0.000000    33.176305
       0     2.466440     2.466440     6.233850  7561.890879  2433.595119    -0.527799     0.000000    32.827120
       0     2.466440     2.466440     6.167530  7643.204258  2459.761688    -0.485417     0.000000    32.477882
       0     2.466440     2.466440    20.000000  1179.447042   379.348573     0.000000     0.000000   105.318927
       0     2.466440     2.466440     7.095970  6648.719469  2138.301537    -0.377091     0.000000    37.366997
       0     2.466440     2.466440     7.029660  6711.435925  2158.470908    -0.380417     0.000000    37.017812
       0     2.466440     2.466440     6.963340  6775.356577  2179.027528    -0.382908     0.000000    36.668575
       0     2.466440     2.466440     6.897020  6840.506521  2199.979472    -0.384433     0.000000    36.319337
       0     2.466440     2.466440     6.830700  6906.921564  2221.338255    -0.384844     0.000000    35.970100
       0     2.466440     2.466440     6.764390  6974.628607  2243.112528    -0.383975     0.000000    35.620915
       0     2.466440     2.466440     6.698070  7043.686749  2265.321301    -0.381640     0.000000    35.271677
       0     2.466440     2.466440     6.631750  7114.126111  2287.974259    -0.377629     0.000000    34.922440
       0     2.466440     2.466440     6.565430  7185.988549  2311.084867    -0.371703     0.000000    34.573202
       0     2.466440     2.466440     6.499120  7259.306458  2334.663542    -0.363601     0.000000    34.224017
       0     2.466440     2.466440     6.432800  7334.147307  2358.731985    -0.353018     0.000000    33.874780
       0     2.466440     2.466440     6.366480  7410.547400  2383.301872    -0.339621     0.000000    33.525542
       0     2.466440     2.466440     6.300160  7488.555976  2408.389040    -0.323028     0.000000    33.176305
       0     2.466440     2.466440     6.233850  7568.212227  2434.006093    -0.302816     0.000000    32.827120
       0     2.466440     2.466440     6.167530  7649.593711  2460.177974    -0.278498     0.000000    32.477882
       0     2.466440     2.466440    20.000000  1178.451290   379.289810     0.000000     0.000000   105.318927
       0     2.466440     2.466440     7.095970  6643.100982  2137.946194    -0.660610     0.000000    37.366997
       0     2.466440     2.466440     7.029660  6705.764309  2158.111468    -0.666436     0.000000    37.017812
       0     2.466440     2.466440     6.963340  6769.630813  2178.663904    -0.670800     0.000000    36.668575
       0     2.466440     2.466440     6.897020  6834.725571  2199.611574    -0.673472     0.000000    36.319337
       0     2.466440     2.466440     6.830700  6901.084359  2220.965992    -0.674192     0.000000    35.970100
       0     2.466440     2.466440     6.764390  6968.734055  2242.735809    -0.672671     0.000000    35.620915
       0     2.466440     2.466440     6.698070  7037.733711  2264.940031    -0.668581     0.000000    35.271677
       0     2.466440     2.466440     6.631750  7108.113419  2287.588343    -0.661553     0.000000    34.922440
       0     2.466440     2.466440     6.565430  7179.915002  2310.694207    -0.651173     0.000000    34.573202
       0     2.466440     2.466440     6.499120  7253.170826  2334.268041    -0.636979     0.000000    34.224017
       0     2.466440     2.466440     6.432800  7327.948303  2358.331541    -0.618441     0.000000    33.874780
       0     2.466440     2.466440     6.366480  7404.283704  2382.896382    -0.594971     0.000000    33.525542
       0     2.466440     2.466440     6.300160  7482.226226  2407.978396    -0.565905     0.000000    33.176305
       0     2.466440     2.466440     6.233850  7561.815023  2433.590188    -0.530499     0.000000    32.827120
       0     2.466440     2.466440     6.167530  7643.127585  2459.756693    -0.487900     0.000000    32.477882
       0     2.466440     2.466440    20.000000  1178.488136   379.290893     0.000000     0.000000   105.318927
       0     2.466440     2.466440     7.095970  6643.308736  2137.952595    -0.658080     0.000000    37.366997
       0     2.466440     2.466440     7.029660  6705.974022  2158.117931    -0.664096     0.000000    37.017812
       0     2.466440     2.466440     6.963340  6769.842521  2178.670430    -0.668683     0.000000    36.668575
       0     2.466440     2.466440     6.897020  6834.939311  2199.618163    -0.671614     0.000000    36.319337
       0     2.466440     2.466440     6.830700  6901.300172  2220.972645    -0.672637     0.000000    35.970100
       0     2.466440     2.466440     6.764390  6968.951980  2242.742526    -0.671466     0.000000    35.620915
       0     2.466440     2.466440     6.698070  7037.953789  2264.946812    -0.667779     0.000000    35.271677
       0     2.466440     2.466440     6.631750  7108.335694  2287.595189    -0.661214     0.000000    34.922440
       0     2.466440     2.466440     6.565430  7180.139516  2310.701117    -0.651362     0.000000    34.573202
       0     2.466440     2.466440     6.499120  7253.397626  2334.275015    -0.637771     0.000000    34.224017
       0     2.466440     2.466440     6.432800  7328.177434  2358.338578    -0.619920     0.000000    33.874780
       0     2.466440     2.466440     6.366480  7404.515215  2382.903482    -0.597229     0.000000    33.525542
       0     2.466440     2.466440     6.300160  7482.460165  2407.985560    -0.569046     0.000000    33.176305
       0     2.466440     2.466440     6.233850  7562.051443  2433.597413    -0.534641     0.000000    32.827120
       0     2.466440     2.466440     6.167530  7643.366538  2459.763980    -0.493173     0.000000    32.477882
       0     2.466440     2.466440    20.000000  1178.413902   379.288721     0.000000     0.000000   105.318927
       0     2.466440     2.466440     7.095970  6642.890175  2137.939753    -0.663113     0.000000    37.366997
       0     2.466440     2.466440     7.029660  6705.551516  2158.104964    -0.668745     0.000000    37.017812
       0     2.466440     2.466440     6.963340  6769.415995  2178.657337    -0.672881     0.000000    36.668575
       0     2.466440     2.466440     6.897020  6834.508690  2199.604943    -0.675286     0.000000    36.319337
       0     2.466440     2.466440     6.830700  6900.865376  2220.959297    -0.675697     0.000000    35.970100
       0     2.466440     2.466440     6.764390  6968.512929  2242.729051    -0.673818     0.000000    35.620915
       0     2.466440     2.466440     6.698070  7037.510399  2264.933208    -0.669316     0.000000    35.271677
       0     2.466440     2.466440     6.631750  7107.887879  2287.581456    -0.661817     0.000000    34.922440
       0     2.466440     2.466440     6.565430  7179.687189  2310.687256    -0.650898     0.000000    34.573202
       0     2.466440     2.466440     6.499120  7252.940695  2334.261026    -0.636089     0.000000    34.224017
       0     2.466440     2.466440     6.432800  7327.715806  2358.324462    -0.616851     0.000000    33.874780
       0     2.466440     2.466440     6.366480  7404.048793  2382.889240    -0.592587     0.000000    33.525542
       0     2.466440     2.466440     6.300160  7481.988850  2407.971192    -0.562621     0.000000    33.176305
       0     2.466440     2.466440     6.233850  7561.575131  2433.582921    -0.526196     0.000000    32.827120
       0     2.466440     2.466440     6.167530  7642.885122  2459.749365    -0.482445     0.000000    32.477882
       0     2.466440     2.466440    20.000000  1178.451290   379.289810     0.000000     0.000000   105.318927
       0     2.466440     2.466440     7.095970  6643.100982  2137.946194    -0.660610     0.000000    37.366997
       0     2.466440     2.466440     7.029660  6705.764309  2158.111468    -0.666436     0.000000    37.017812
       0     2.466440     2.466440     6.963340  6769.630813  2178.663904    -0.670800     0.000000    36.668575
       0     2.466440     2.466440     6.897020  6834.725571  2199.611574    -0.673472     0.000000    36.319337
       0     2.466440     2.466440     6.830700  6901.084359  2220.965992    -0.674192     0.000000    35.970100
       0     2.466440     2.466440     6.764390  6968.734055  2242.735809    -0.672671     0.000000    35.620915
       0     2.466440     2.466440     6.698070  7037.733711  2264.940031    -0.668581     0.000000    35.271677
       0     2.466440     2.466440     6.631750  7108.113419  2287.588343    -0.661553     0.000000    34.922440
       0     2.466440     2.466440     6.565430  7179.915002  2310.694207    -0.651173     0.000000    34.573202
       0     2.466440     2.466440     6.499120  7253.170826  2334.268041    -0.636979     0.000000    34.224017
       0     2.466440     2.466440     6.432800  7327.948303  2358.331541    -0.618441     0.000000    33.874780
       0     2.466440     2.466440     6.366480  7404.283704  2382.896382    -0.594971     0.000000    33.525542
       0     2.466440     2.466440     6.300160  7482.226226  2407.978396    -0.565905     0.000000    33.176305
       0     2.466440     2.466440     6.233850  7561.815023  2433.590188    -0.530499     0.000000    32.827120
       0     2.466440     2.466440     6.167530  7643.127585  2459.756693    -0.487900     0.000000    32.477882
       0     2.466440     2.466440    20.000000  1180.771448   379.426684     0.000000     0.000000   105.318927
       0     2.466440     2.466440     7.095970  6656.192367  2138.773874    -0.000337     0.000000    37.366997
       0     2.466440     2.466440     7.029660  6718.979488  2158.948689    -0.000349     0.000000    37.017812
       0     2.466440     2.466440     6.963340  6782.972158  2179.510871    -0.000362     0.000000    36.668575
       0     2.466440     2.466440     6.897020  6848.195503  2200.468496    -0.000374     0.000000    36.319337
       0     2.466440     2.466440     6.830700  6914.685368  2221.833079    -0.000388     0.000000    35.970100
       0     2.466440     2.466440     6.764390  6982.468684  2243.613276    -0.000401     0.000000    35.620915
       0     2.466440     2.466440     6.698070  7051.604617  2265.828096    -0.000416     0.000000    35.271677
       0     2.466440     2.466440     6.631750  7122.123321  2288.487230    -0.000430     0.000000    34.922440
       0     2.466440     2.466440     6.565430  7194.066700  2311.604141    -0.000445     0.000000    34.573202
       0     2.466440     2.466440     6.499120  7267.467185  2335.189251    -0.000461     0.000000    34.224017
       0     2.466440     2.466440     6.432800  7342.392321  2359.264263    -0.000477     0.000000    33.874780
       0     2.466440     2.466440     6.366480  7418.878457  2383.840857    -0.000493     0.000000    33.525542
       0     2.466440     2.466440     6.300160  7496.974889  2408.934873    -0.000509     0.000000    33.176305
       0     2.466440     2.466440     6.233850  7576.720857  2434.558919    -0.000526     0.000000    32.827120
       0     2.466440     2.466440     6.167530  7658.194011  2460.737946    -0.000543     0.000000    32.477882
       0     2.466440     2.466440    20.000000  1180.771441   379.426704     0.000000     0.000000   105.318927
       0     2.466440     2.466440     7.095970  6656.192330  2138.773995    -0.000194     0.000000    37.366997
       0     2.466440     2.466440     7.029660  6718.979451  2158.948811    -0.000201     0.000000    37.017812
       0     2.466440     2.466440     6.963340  6782.972120  2179.510995    -0.000208     0.000000    36.668575
       0     2.466440     2.466440     6.897020  6848.195464  2200.468621    -0.000215     0.000000    36.319337
       0     2.466440     2.466440     6.830700  6914.685329  2221.833206    -0.000223     0.000000    35.970100
       0     2.466440     2.466440     6.764390  6982.468645  2243.613405    -0.000231     0.000000    35.620915
       0     2.466440     2.466440     6.698070  7051.604578  2265.828227    -0.000239     0.000000    35.271677
       0     2.466440     2.466440     6.631750  7122.123282  2288.487363    -0.000247     0.000000    34.922440
       0     2.466440     2.466440     6.565430  7194.066660  2311.604276    -0.000255     0.000000    34.573202
       0     2.466440     2.466440     6.499120  7267.467145  2335.189388    -0.000264     0.000000    34.224017
       0     2.466440     2.466440     6.432800  7342.392282  2359.264402    -0.000273     0.000000    33.874780
       0     2.466440     2.466440     6.366480  7418.878417  2383.840999    -0.000281     0.000000    33.525542
       0     2.466440     2.466440     6.300160  7496.974849  2408.935016    -0.000290     0.000000    33.176305
       0     2.466440     2.466440     6.233850  7576.720816  2434.559065    -0.000298     0.000000    32.827120
       0     2.466440     2.466440     6.167530  7658.193970  2460.738094    -0.000307     0.000000    32.477882
       0     2.466440     2.466440    20.000000  1180.771455   379.426665     0.000000     0.000000   105.318927
       0     2.466440     2.466440     7.095970  6656.192405  2138.773754    -0.000480     0.000000    37.366997
       0     2.466440     2.466440     7.029660  6718.979526  2158.948567    -0.000497     0.000000    37.017812
       0     2.466440     2.466440     6.963340  6782.972196  2179.510748    -0.000515     0.000000    36.668575
       0     2.466440     2.466440     6.897020  6848.195541  2200.468370    -0.000534     0.000000    36.319337
       0     2.466440     2.466440     6.830700  6914.685406  2221.832952    -0.000553     0.000000    35.970100
       0     2.466440     2.466440     6.764390  6982.468723  2243.613147    -0.000572     0.000000    35.620915
       0     2.466440     2.466440     6.698070  7051.604656  2265.827965    -0.000593     0.000000    35.271677
       0     2.466440     2.466440     6.631750  7122.123360  2288.487097    -0.000614     0.000000    34.922440
       0     2.466440     2.466440     6.565430  7194.066739  2311.604006    -0.000635     0.000000    34.573202
       0     2.466440     2.466440     6.499120  7267.467224  2335.189114    -0.000658     0.000000    34.224017
       0     2.466440     2.466440     6.432800  7342.392361  2359.264124    -0.000681     0.000000    33.874780
       0     2.466440     2.466440     6.366480  7418.878497  2383.840716    -0.000704     0.000000    33.525542
       0     2.466440     2.466440     6.300160  7496.974929  2408.934729    -0.000729     0.000000    33.176305
       0     2.466440     2.466440     6.233850  7576.720897  2434.558773    -0.000753     0.000000    32.827120
       0     2.466440     2.466440     6.167530  7658.194051  2460.737797    -0.000778     0.000000    32.477882
       0     2.466440     2.466440    20.000000  1180.771448   379.426684     0.000000     0.000000   105.318927
       0     2.466440     2.466440     7.095970  6656.192367  2138.773874    -0.000337     0.000000    37.366997
       0     2.466440     2.466440     7.029660  6718.979488  2158.948689    -0.000349     0.000000    37.017812
       0     2.466440     2.466440     6.963340  6782.972158  2179.510871    -0.000362     0.000000    36.668575
       0     2.466440     2.466440     6.897020  6848.195503  2200.468496    -0.000374     0.000000    36.319337
       0     2.466440     2.466440     6.830700  6914.685368  2221.833079    -0.000388     0.000000    35.970100
       0     2.466440     2.466440     6.764390  6982.468684  2243.613276    -0.000401     0.000000    35.620915
       0     2.466440     2.466440     6.698070  7051.604617  2265.828096    -0.000416     0.000000    35.271677
       0     2.466440     2.466440     6.631750  7122.123321  2288.487230    -0.000430     0.000000    34.922440
       0     2.466440     2.466440     6.565430  7194.066700  2311.604141    -0.000445     0.000000    34.573202
       0     2.466440     2.466440     6.499120  7267.467185  2335.189251    -0.000461     0.000000    34.224017
       0     2.466440     2.466440     6.432800  7342.392321  2359.264263    -0.000477     0.000000    33.874780
       0     2.466440     2.466440     6.366480  7418.878457  2383.840857    -0.000493     0.000000    33.525542
       0     2.466440     2.466440     6.300160  7496.974889  2408.934873    -0.000509     0.000000    33.176305
       0     2.466440     2.466440     6.233850  7576.720857  2434.558919    -0.000526     0.000000    32.827120
       0     2.466440     2.466440     6.167530  7658.194011  2460.737946    -0.000543     0.000000    32.477882
       0     2.466440     2.466440    20.000000  1180.771456   379.426665     0.000000     0.000000   105.318927
       0     2.466440     2.466440     7.095970  6656.192405  2138.773752    -0.000483     0.000000    37.366997
       0     2.466440     2.466440     7.029660  6718.979527  2158.948565    -0.000500     0.000000    37.017812
       0     2.466440     2.466440     6.963340  6782.972197  2179.510746    -0.000518     0.000000    36.668575
       0     2.466440     2.466440     6.897020  6848.195541  2200.468368    -0.000536     0.000000    36.319337
       0     2.466440     2.466440     6.830700  6914.685407  2221.832950    -0.000555     0.000000    35.970100
       0     2.466440     2.466440     6.764390  6982.468723  2243.613145    -0.000575     0.000000    35.620915
       0     2.466440     2.466440     6.698070  7051.604657  2265.827963    -0.000595     0.000000    35.271677
       0     2.466440     2.466440     6.631750  7122.123361  2288.487095    -0.000617     0.000000    34.922440
       0     2.466440     2.466440     6.565430  7194.066740  2311.604004    -0.000638     0.000000    34.573202
       0     2.466440     2.466440     6.499120  7267.467225  2335.189112    -0.000661     0.000000    34.224017
       0     2.466440     2.466440     6.432800  7342.392362  2359.264122    -0.000684     0.000000    33.874780
       0     2.466440     2.466440     6.366480  7418.878498  2383.840714    -0.000708     0.000000    33.525542
       0     2.466440     2.466440     6.300160  7496.974930  2408.934727    -0.000732     0.000000    33.176305
       0     2.466440     2.466440     6.233850  7576.720898  2434.558771    -0.000757     0.000000    32.827120
       0     2.466440     2.466440     6.167530  7658.194052  2460.737795    -0.000782     0.000000    32.477882
       0     2.466440     2.466440    20.000000  1180.771448   379.426684     0.000000     0.000000   105.318927
       0     2.466440     2.466440     7.095970  6656.192368  2138.773872    -0.000340     0.000000    37.366997
       0     2.466440     2.466440     7.029660  6718.979489  2158.948687    -0.000352     0.000000    37.017812
       0     2.466440     2.466440     6.963340  6782.972159  2179.510869    -0.000364     0.000000    36.668575
       0     2.466440     2.466440     6.897020  6848.195503  2200.468494    -0.000377     0.000000    36.319337
       0     2.466440     2.466440     6.830700  6914.685369  2221.833077    -0.000390     0.000000    35.970100
       0     2.466440     2.466440     6.764390  6982.468684  2243.613274    -0.000404     0.000000    35.620915
       0     2.466440     2.466440     6.698070  7051.604618  2265.828094    -0.000418     0.000000    35.271677
       0     2.466440     2.466440     6.631750  7122.123322  2288.487228    -0.000433     0.000000    34.922440
       0     2.466440     2.466440     6.565430  7194.066700  2311.604139    -0.000448     0.000000    34.573202
       0     2.466440     2.466440     6.499120  7267.467185  2335.189249    -0.000464     0.000000    34.224017
       0     2.466440     2.466440     6.432800  7342.392322  2359.264261    -0.000480     0.000000    33.874780
       0     2.466440     2.466440     6.366480  7418.878458  2383.840855    -0.000496     0.000000    33.525542
       0     2.466440     2.466440     6.300160  7496.974890  2408.934871    -0.000513     0.000000    33.176305
       0     2.466440     2.466440     6.233850  7576.720857  2434.558916    -0.000530     0.000000    32.827120
       0     2.466440     2.466440     6.167530  7658.194012  2460.737943    -0.000546     0.000000    32.477882
       0     2.466440     2.466440    20.000000  1180.771463   379.426645     0.000000     0.000000   105.318927
       0     2.466440     2.466440     7.095970  6656.192443  2138.773631    -0.000626     0.000000    37.366997
       0     2.466440     2.466440     7.029660  6718.979564  2158.948443    -0.000648     0.000000    37.017812
       0     2.466440     2.466440     6.963340  6782.972235  2179.510622    -0.000671     0.000000    36.668575
       0     2.466440     2.466440     6.897020  6848.195580  2200.468243    -0.000695     0.000000    36.319337
       0     2.466440     2.466440     6.830700  6914.685446  2221.832823    -0.000720     0.000000    35.970100
       0     2.466440     2.466440     6.764390  6982.468762  2243.613016    -0.000746     0.000000    35.620915
       0     2.466440     2.466440     6.698070  7051.604696  2265.827832    -0.000772     0.000000    35.271677
       0     2.466440     2.466440     6.631750  7122.123400  2288.486962    -0.000800     0.000000    34.922440
       0     2.466440     2.466440     6.565430  7194.066779  2311.603869    -0.000828     0.000000    34.573202
       0     2.466440     2.466440     6.499120  7267.467264  2335.188975    -0.000858     0.000000    34.224017
       0     2.466440     2.466440     6.432800  7342.392402  2359.263983    -0.000888     0.000000    33.874780
       0     2.466440     2.466440     6.366480  7418.878538  2383.840573    -0.000920     0.000000    33.525542
       0     2.466440     2.466440     6.300160  7496.974970  2408.934584    -0.000952     0.000000    33.176305
       0     2.466440     2.466440     6.233850  7576.720938  2434.558625    -0.000985     0.000000    32.827120
       0     2.466440     2.466440     6.167530  7658.194093  2460.737646    -0.001018     0.000000    32.477882
       0     2.466440     2.466440    20.000000  1180.771456   379.426665     0.000000     0.000000   105.318927
       0     2.466440     2.466440     7.095970  6656.192405  2138.773752    -0.000483     0.000000    37.366997
       0     2.466440     2.466440     7.029660  6718.979527  2158.948565    -0.000500     0.000000    37.017812
       0     2.466440     2.466440     6.963340  6782.972197  2179.510746    -0.000518     0.000000    36.668575
       0     2.466440     2.466440     6.897020  6848.195541  2200.468368    -0.000536     0.000000    36.319337
       0     2.466440     2.466440     6.830700  6914.685407  2221.832950    -0.000555     0.000000    35.970100
       0     2.466440     2.466440     6.764390  6982.468723  2243.613145    -0.000575     0.000000    35.620915
       0     2.466440     2.466440     6.698070  7051.604657  2265.827963    -0.000595     0.000000    35.271677
       0     2.466440     2.466440     6.631750  7122.123361  2288.487095    -0.000617     0.000000    34.922440
       0     2.466440     2.466440     6.565430  7194.066740  2311.604004    -0.000638     0.000000    34.573202
       0     2.466440     2.466440     6.499120  7267.467225  2335.189112    -0.000661     0.000000    34.224017
       0     2.466440     2.466440     6.432800  7342.392362  2359.264122    -0.000684     0.000000    33.874780
       0     2.466440     2.466440     6.366480  7418.878498  2383.840714    -0.000708     0.000000    33.525542
       0     2.466440     2.466440     6.300160  7496.974930  2408.934727    -0.000732     0.000000    33.176305
       0     2.466440     2.466440     6.233850  7576.720898  2434.558771    -0.000757     0.000000    32.827120
       0     2.466440     2.466440     6.167530  7658.194052  2460.737795    -0.000782     0.000000    32.477882
       0     2.466440     2.466440    20.000000  1180.771463   379.426645     0.000000     0.000000   105.318927
       0     2.466440     2.466440     7.095970  6656.192444  2138.773628    -0.000629     0.000000    37.366997
       0     2.466440     2.466440     7.029660  6718.979565  2158.948440    -0.000651     0.000000    37.017812
       0     2.466440     2.466440     6.963340  6782.972236  2179.510619    -0.000675     0.000000    36.668575
       0     2.466440     2.466440     6.897020  6848.195581  2200.468240    -0.000699     0.000000    36.319337
       0     2.466440     2.466440     6.830700  6914.685446  2221.832820    -0.000724     0.000000    35.970100
       0     2.466440     2.466440     6.764390  6982.468763  2243.613013    -0.000749     0.000000    35.620915
       0     2.466440     2.466440     6.698070  7051.604696  2265.827829    -0.000776     0.000000    35.271677
       0     2.466440     2.466440     6.631750  7122.123401  2288.486959    -0.000804     0.000000    34.922440
       0     2.466440     2.466440     6.565430  7194.066780  2311.603866    -0.000833     0.000000    34.573202
       0     2.466440     2.466440     6.499120  7267.467265  2335.188972    -0.000862     0.000000    34.224017
       0     2.466440     2.466440     6.432800  7342.392403  2359.263980    -0.000893     0.000000    33.874780
       0     2.466440     2.466440     6.366480  7418.878539  2383.840570    -0.000924     0.000000    33.525542
       0     2.466440     2.466440     6.300160  7496.974971  2408.934580    -0.000956     0.000000    33.176305
       0     2.466440     2.466440     6.233850  7576.720939  2434.558621    -0.000990     0.000000    32.827120
       0     2.466440     2.466440     6.167530  7658.194094  2460.737643    -0.001023     0.000000    32.477882
       0     2.466440     2.466440    20.000000  1180.707283   379.446260     0.000000     0.000000   105.318927
       0     2.466440     2.466440     7.095970  6656.192406  2138.773749    -0.000486     0.000000    37.366997
       0     2.466440     2.466440     7.029660  6718.979527  2158.948562    -0.000503     0.000000    37.017812
       0     2.466440     2.466440     6.963340  6782.972198  2179.510743    -0.000521     0.000000    36.668575
       0     2.466440     2.466440     6.897020  6848.195542  2200.468365    -0.000540     0.000000    36.319337
       0     2.466440     2.466440     6.830700  6914.685408  2221.832947    -0.000559     0.000000    35.970100
       0     2.466440     2.466440     6.764390  6982.468724  2243.613142    -0.000579     0.000000    35.620915
       0     2.466440     2.466440     6.698070  7051.604658  2265.827960    -0.000599     0.000000    35.271677
       0     2.466440     2.466440     6.631750  7122.123362  2288.487092    -0.000621     0.000000    34.922440
       0     2.466440     2.466440     6.565430  7194.066741  2311.604001    -0.000643     0.000000    34.573202
       0     2.466440     2.466440     6.499120  7267.467226  2335.189109    -0.000665     0.000000    34.224017
       0     2.466440     2.466440     6.432800  7342.392363  2359.264119    -0.000689     0.000000    33.874780
       0     2.466440     2.466440     6.366480  7418.878499  2383.840711    -0.000713     0.000000    33.525542
       0     2.466440     2.466440     6.300160  7496.974931  2408.934724    -0.000737     0.000000    33.176305
       0     2.466440     2.466440     6.233850  7576.720899  2434.558767    -0.000762     0.000000    32.827120
       0     2.466440     2.466440     6.167530  7658.194053  2460.737792    -0.000787     0.000000    32.477882
       0     2.466440     2.466440    20.000000  1180.707298   379.446221     0.000000     0.000000   105.318927
       0     2.466440     2.466440     7.095970  6656.192481  2138.773508    -0.000772     0.000000    37.366997
       0     2.466440     2.466440     7.029660  6718.979603  2158.948318    -0.000800     0.000000    37.017812
       0     2.466440     2.466440     6.963340  6782.972274  2179.510496    -0.000828     0.000000    36.668575
       0     2.466440     2.466440     6.897020  6848.195619  2200.468114    -0.000858     0.000000    36.319337
       0     2.466440     2.466440     6.830700  6914.685485  2221.832693    -0.000888     0.000000    35.970100
       0     2.466440     2.466440     6.764390  6982.468801  2243.612884    -0.000920     0.000000    35.620915
       0     2.466440     2.466440     6.698070  7051.604735  2265.827699    -0.000953     0.000000    35.271677
       0     2.466440     2.466440     6.631750  7122.123440  2288.486826    -0.000987     0.000000    34.922440
       0     2.466440     2.466440     6.565430  7194.066819  2311.603732    -0.001023     0.000000    34.573202
       0     2.466440     2.466440     6.499120  7267.467305  2335.188835    -0.001059     0.000000    34.224017
       0     2.466440     2.466440     6.432800  7342.392442  2359.263841    -0.001097     0.000000    33.874780
       0     2.466440     2.466440     6.366480  7418.878579  2383.840428    -0.001136     0.000000    33.525542
       0     2.466440     2.466440     6.300160  7496.975011  2408.934437    -0.001176     0.000000    33.176305
       0     2.466440     2.466440     6.233850  7576.720979  2434.558476    -0.001217     0.000000    32.827120
       0     2.466440     2.466440     6.167530  7658.194134  2460.737495    -0.001259     0.000000    32.477882
       0     2.466440     2.466440    20.000000  1180.707291   379.446240     0.000000     0.000000   105.318927
       0     2.466440     2.466440     7.095970  6656.192444  2138.773628    -0.000629     0.000000    37.366997
       0     2.466440     2.466440     7.029660  6718.979565  2158.948440    -0.000651     0.000000    37.017812
       0     2.466440     2.466440     6.963340  6782.972236  2179.510619    -0.000675     0.000000    36.668575
       0     2.466440     2.466440     6.897020  6848.195581  2200.468240    -0.000699     0.000000    36.319337
       0     2.466440     2.466440     6.830700  6914.685446  2221.832820    -0.000724     0.000000    35.970100
       0     2.466440     2.466440     6.764390  6982.468763  2243.613013    -0.000749     0.000000    35.620915
       0     2.466440     2.466440     6.698070  7051.604696  2265.827829    -0.000776     0.000000    35.271677
       0     2.466440     2.466440     6.631750  7122.123401  2288.486959    -0.000804     0.000000    34.922440
       0     2.466440     2.466440     6.565430  7194.066780  2311.603866    -0.000833     0.000000    34.573202
       0     2.466440     2.466440     6.499120  7267.467265  2335.188972    -0.000862     0.000000    34.224017
       0     2.466440     2.466440     6.432800  7342.392403  2359.263980    -0.000893     0.000000    33.874780
       0     2.466440     2.466440     6.366480  7418.878539  2383.840570    -0.000924     0.000000    33.525542
       0     2.466440     2.466440     6.300160  7496.974971  2408.934580    -0.000956     0.000000    33.176305
       0     2.466440     2.466440     6.233850  7576.720939  2434.558621    -0.000990     0.000000    32.827120
       0     2.466440     2.466440     6.167530  7658.194094  2460.737643    -0.001023     0.000000    32.477882
       0     2.466440     2.466440    20.000000  1180.707298   379.446220     0.000000     0.000000   105.318927
       0     2.466440     2.466440     7.095970  6656.192482  2138.773505    -0.000776     0.000000    37.366997
       0     2.466440     2.466440     7.029660  6718.979604  2158.948314    -0.000804     0.000000    37.017812
       0     2.466440     2.466440     6.963340  6782.972275  2179.510492    -0.000832     0.000000    36.668575
       0     2.466440     2.466440     6.897020  6848.195620  2200.468111    -0.000862     0.000000    36.319337
       0     2.466440     2.466440     6.830700  6914.685486  2221.832689    -0.000893     0.000000    35.970100
       0     2.466440     2.466440     6.764390  6982.468803  2243.612880    -0.000925     0.000000    35.620915
       0     2.466440     2.466440     6.698070  7051.604736  2265.827695    -0.000958     0.000000    35.271677
       0     2.466440     2.466440     6.631750  7122.123441  2288.486823    -0.000992     0.000000    34.922440
       0     2.466440     2.466440     6.565430  7194.066820  2311.603728    -0.001028     0.000000    34.573202
       0     2.466440     2.466440     6.499120  7267.467306  2335.188831    -0.001065     0.000000    34.224017
       0     2.466440     2.466440     6.432800  7342.392443  2359.263837    -0.001103     0.000000    33.874780
       0     2.466440     2.466440     6.366480  7418.878580  2383.840424    -0.001142     0.000000    33.525542
       0     2.466440     2.466440     6.300160  7496.975012  2408.934433    -0.001182     0.000000    33.176305
       0     2.466440     2.466440     6.233850  7576.720981  2434.558471    -0.001223     0.000000    32.827120
       0     2.466440     2.466440     6.167530  7658.194135  2460.737491    -0.001266     0.000000    32.477882
       0     2.466440     2.466440    20.000000  1180.707291   379.446240     0.000000     0.000000   105.318927
       0     2.466440     2.466440     7.095970  6656.192445  2138.773625    -0.000633     0.000000    37.366997
       0     2.466440     2.466440     7.029660  6718.979566  2158.948437    -0.000656     0.000000    37.017812
       0     2.466440     2.466440     6.963340  6782.972237  2179.510616    -0.000679     0.000000    36.668575
       0     2.466440     2.466440     6.897020  6848.195582  2200.468236    -0.000703     0.000000    36.319337
       0     2.466440     2.466440     6.830700  6914.685447  2221.832816    -0.000728     0.000000    35.970100
       0     2.466440     2.466440     6.764390  6982.468764  2243.613009    -0.000754     0.000000    35.620915
       0     2.466440     2.466440     6.698070  7051.604698  2265.827826    -0.000781     0.000000    35.271677
       0     2.466440     2.466440     6.631750  7122.123402  2288.486955    -0.000809     0.000000    34.922440
       0     2.466440     2.466440     6.565430  7194.066781  2311.603863    -0.000838     0.000000    34.573202
       0     2.466440     2.466440     6.499120  7267.467266  2335.188968    -0.000868     0.000000    34.224017
       0     2.466440     2.466440     6.432800  7342.392404  2359.263976    -0.000898     0.000000    33.874780
       0     2.466440     2.466440     6.366480  7418.878540  2383.840566    -0.000930     0.000000    33.525542
       0     2.466440     2.466440     6.300160  7496.974972  2408.934576    -0.000963     0.000000    33.176305
       0     2.466440     2.466440     6.233850  7576.720940  2434.558617    -0.000996     0.000000    32.827120
       0     2.466440     2.466440     6.167530  7658.194095  2460.737639    -0.001030     0.000000    32.477882
       0     2.466440     2.466440    20.000000  1180.707305   379.446201     0.000000     0.000000   105.318927
       0     2.466440     2.466440     7.095970  6656.192520  2138.773384    -0.000919     0.000000    37.366997
       0     2.466440     2.466440     7.029660  6718.979642  2158.948192    -0.000952     0.000000    37.017812
       0     2.466440     2.466440     6.963340  6782.972313  2179.510368    -0.000986     0.000000    36.668575
       0     2.466440     2.466440     6.897020  6848.195658  2200.467986    -0.001021     0.000000    36.319337
       0     2.466440     2.466440     6.830700  6914.685524  2221.832562    -0.001058     0.000000    35.970100
       0     2.466440     2.466440     6.764390  6982.468841  2243.612751    -0.001096     0.000000    35.620915
       0     2.466440     2.466440     6.698070  7051.604775  2265.827564    -0.001135     0.000000    35.271677
       0     2.466440     2.466440     6.631750  7122.123480  2288.486690    -0.001176     0.000000    34.922440
       0     2.466440     2.466440     6.565430  7194.066860  2311.603593    -0.001218     0.000000    34.573202
       0     2.466440     2.466440     6.499120  7267.467346  2335.188694    -0.001262     0.000000    34.224017
       0     2.466440     2.466440     6.432800  7342.392483  2359.263698    -0.001307     0.000000    33.874780
       0     2.466440     2.466440     6.366480  7418.878620  2383.840283    -0.001353     0.000000    33.525542
       0     2.466440     2.466440     6.300160  7496.975053  2408.934289    -0.001401     0.000000    33.176305
       0     2.466440     2.466440     6.233850  7576.721021  2434.558326    -0.001451     0.000000    32.827120
       0     2.466440     2.466440     6.167530  7658.194176  2460.737342    -0.001502     0.000000    32.477882
       0     2.466440     2.466440    20.000000  1180.707298   379.446220     0.000000     0.000000   105.318927
       0     2.466440     2.466440     7.095970  6656.192482  2138.773505    -0.000776     0.000000    37.366997
       0     2.466440     2.466440     7.029660  6718.979604  2158.948314    -0.000804     0.000000    37.017812
       0     2.466440     2.466440     6.963340  6782.972275  2179.510492    -0.000832     0.000000    36.668575
       0     2.466440     2.466440     6.897020  6848.195620  2200.468111    -0.000862     0.000000    36.319337
       0     2.466440     2.466440     6.830700  6914.685486  2221.832689    -0.000893     0.000000    35.970100
       0     2.466440     2.466440     6.764390  6982.468803  2243.612880    -0.000925     0.000000    35.620915
       0     2.466440     2.466440     6.698070  7051.604736  2265.827695    -0.000958     0.000000    35.271677
       0     2.466440     2.466440     6.631750  7122.123441  2288.486823    -0.000992     0.000000    34.922440
       0     2.466440     2.466440     6.565430  7194.066820  2311.603728    -0.001028     0.000000    34.573202
       0     2.466440     2.466440     6.499120  7267.467306  2335.188831    -0.001065     0.000000    34.224017
       0     2.466440     2.466440     6.432800  7342.392443  2359.263837    -0.001103     0.000000    33.874780
       0     2.466440     2.466440     6.366480  7418.878580  2383.840424    -0.001142     0.000000    33.525542
       0     2.466440     2.466440     6.300160  7496.975012  2408.934433    -0.001182     0.000000    33.176305
       0     2.466440     2.466440     6.233850  7576.720981  2434.558471    -0.001223     0.000000    32.827120
       0     2.466440     2.466440     6.167530  7658.194135  2460.737491    -0.001266     0.000000    32.477882
       0     2.466440     2.466440    20.000000  1180.707305   379.446200     0.000000     0.000000   105.318927
       0     2.466440     2.466440     7.095970  6656.192521  2138.773380    -0.000924     0.000000    37.366997
       0     2.466440     2.466440     7.029660  6718.979643  2158.948188    -0.000957     0.000000    37.017812
       0     2.466440     2.466440     6.963340  6782.972314  2179.510364    -0.000991     0.000000    36.668575
       0     2.466440     2.466440     6.897020  6848.195659  2200.467981    -0.001026     0.000000    36.319337
       0     2.466440     2.466440     6.830700  6914.685526  2221.832558    -0.001063     0.000000    35.970100
       0     2.466440     2.466440     6.764390  6982.468842  2243.612747    -0.001101     0.000000    35.620915
       0     2.466440     2.466440     6.698070  7051.604777  2265.827560    -0.001141     0.000000    35.271677
       0     2.466440     2.466440     6.631750  7122.123482  2288.486686    -0.001182     0.000000    34.922440
       0     2.466440     2.466440     6.565430  7194.066861  2311.603589    -0.001224     0.000000    34.573202
       0     2.466440     2.466440     6.499120  7267.467347  2335.188690    -0.001268     0.000000    34.224017
       0     2.466440     2.466440     6.432800  7342.392485  2359.263694    -0.001313     0.000000    33.874780
       0     2.466440     2.466440     6.366480  7418.878621  2383.840279    -0.001360     0.000000    33.525542
       0     2.466440     2.466440     6.300160  7496.975054  2408.934285    -0.001408     0.000000    33.176305
       0     2.466440     2.466440     6.233850  7576.721022  2434.558321    -0.001458     0.000000    32.827120
       0     2.466440     2.466440     6.167530  7658.194177  2460.737338    -0.001509     0.000000    32.477882
       0     2.466440     2.466440    20.000000  1180.707298   379.446220     0.000000     0.000000   105.318927
       0     2.466440     2.466440     7.095970  6656.192483  2138.773501    -0.000781     0.000000    37.366997
       0     2.466440     2.466440     7.029660  6718.979605  2158.948310    -0.000809     0.000000    37.017812
       0     2.466440     2.466440     6.963340  6782.972276  2179.510488    -0.000837     0.000000    36.668575
       0     2.466440     2.466440     6.897020  6848.195621  2200.468107    -0.000867     0.000000    36.319337
       0     2.466440     2.466440     6.830700  6914.685487  2221.832685    -0.000898     0.000000    35.970100
       0     2.466440     2.466440     6.764390  6982.468804  2243.612876    -0.000930     0.000000    35.620915
       0     2.466440     2.466440     6.698070  7051.604738  2265.827691    -0.000964     0.000000    35.271677
       0     2.466440     2.466440     6.631750  7122.123442  2288.486818    -0.000998     0.000000    34.922440
       0     2.466440     2.466440     6.565430  7194.066822  2311.603723    -0.001034     0.000000    34.573202
       0     2.466440     2.466440     6.499120  7267.467307  2335.188827    -0.001071     0.000000    34.224017
       0     2.466440     2.466440     6.432800  7342.392445  2359.263833    -0.001109     0.000000    33.874780
       0     2.466440     2.466440     6.366480  7418.878581  2383.840420    -0.001148     0.000000    33.525542
       0     2.466440     2.466440     6.300160  7496.975014  2408.934428    -0.001189     0.000000    33.176305
       0     2.466440     2.466440     6.233850  7576.720982  2434.558467    -0.001231     0.000000    32.827120
       0     2.466440     2.466440     6.167530  7658.194137  2460.737486    -0.001273     0.000000    32.477882
       0     2.466440     2.466440    20.000000  1180.707312   379.446181     0.000000     0.000000   105.318927
       0     2.466440     2.466440     7.095970  6656.192559  2138.773260    -0.001067     0.000000    37.366997
       0     2.466440     2.466440     7.029660  6718.979681  2158.948066    -0.001105     0.000000    37.017812
       0     2.466440     2.466440     6.963340  6782.972352  2179.510241    -0.001144     0.000000    36.668575
       0     2.466440     2.466440     6.897020  6848.195698  2200.467856    -0.001185     0.000000    36.319337
       0     2.466440     2.466440     6.830700  6914.685564  2221.832431    -0.001228     0.000000    35.970100
       0     2.466440     2.466440     6.764390  6982.468881  2243.612618    -0.001272     0.000000    35.620915
       0     2.466440     2.466440     6.698070  7051.604816  2265.827429    -0.001318     0.000000    35.271677
       0     2.466440     2.466440     6.631750  7122.123521  2288.486553    -0.001365     0.000000    34.922440
       0     2.466440     2.466440     6.565430  7194.066900  2311.603454    -0.001414     0.000000    34.573202
       0     2.466440     2.466440     6.499120  7267.467386  2335.188553    -0.001465     0.000000    34.224017
       0     2.466440     2.466440     6.432800  7342.392524  2359.263555    -0.001517     0.000000    33.874780
       0     2.466440     2.466440     6.366480  7418.878661  2383.840137    -0.001572     0.000000    33.525542
       0     2.466440     2.466440     6.300160  7496.975094  2408.934141    -0.001628     0.000000    33.176305
       0     2.466440     2.466440     6.233850  7576.721063  2434.558175    -0.001686     0.000000    32.827120
       0     2.466440     2.466440     6.167530  7658.194218  2460.737189    -0.001745     0.000000    32.477882
       0     2.466440     2.466440    20.000000  1180.707305   379.446200     0.000000     0.000000   105.318927
       0     2.466440     2.466440     7.095970  6656.192521  2138.773380    -0.000924     0.000000    37.366997
       0     2.466440     2.466440     7.029660  6718.979643  2158.948188    -0.000957     0.000000    37.017812
       0     2.466440     2.466440     6.963340  6782.972314  2179.510364    -0.000991     0.000000    36.668575
       0     2.466440     2.466440     6.897020  6848.195659  2200.467981    -0.001026     0.000000    36.319337
       0     2.466440     2.466440     6.830700  6914.685526  2221.832558    -0.001063     0.000000    35.970100
       0     2.466440     2.466440     6.764390  6982.468842  2243.612747    -0.001101     0.000000    35.620915
       0     2.466440     2.466440     6.698070  7051.604777  2265.827560    -0.001141     0.000000    35.271677
       0     2.466440     2.466440     6.631750  7122.123482  2288.486686    -0.001182     0.000000    34.922440
       0     2.466440     2.466440     6.565430  7194.066861  2311.603589    -0.001224     0.000000    34.573202
       0     2.466440     2.466440     6.499120  7267.467347  2335.188690    -0.001268     0.000000    34.224017
       0     2.466440     2.466440     6.432800  7342.392485  2359.263694    -0.001313     0.000000    33.874780
       0     2.466440     2.466440     6.366480  7418.878621  2383.840279    -0.001360     0.000000    33.525542
       0     2.466440     2.466440     6.300160  7496.975054  2408.934285    -0.001408     0.000000    33.176305
       0     2.466440     2.466440     6.233850  7576.721022  2434.558321    -0.001458     0.000000    32.827120
       0     2.466440     2.466440     6.167530  7658.194177  2460.737338    -0.001509     0.000000    32.477882
       0     2.466440     2.466440    20.000000  1180.707313   379.446180     0.000000     0.000000   105.318927
       0     2.466440     2.466440     7.095970  6656.192560  2138.773255    -0.001072     0.000000    37.366997
       0     2.466440     2.466440     7.029660  6718.979682  2158.948062    -0.001110     0.000000    37.017812
       0     2.466440     2.466440     6.963340  6782.972353  2179.510236    -0.001150     0.000000    36.668575
       0     2.466440     2.466440     6.897020  6848.195699  2200.467852    -0.001191     0.000000    36.319337
       0     2.466440     2.466440     6.830700  6914.685565  2221.832426    -0.001234     0.000000    35.970100
       0     2.466440     2.466440     6.764390  6982.468883  2243.612613    -0.001278     0.000000    35.620915
       0     2.466440     2.466440     6.698070  7051.604817  2265.827424    -0.001324     0.000000    35.271677
       0     2.466440     2.466440     6.631750  7122.123522  2288.486548    -0.001372     0.000000    34.922440
       0     2.466440     2.466440     6.565430  7194.066902  2311.603449    -0.001421     0.000000    34.573202
       0     2.466440     2.466440     6.499120  7267.467388  2335.188548    -0.001472     0.000000    34.224017
       0     2.466440     2.466440     6.432800  7342.392526  2359.263550    -0.001525     0.000000    33.874780
       0     2.466440     2.466440     6.366480  7418.878663  2383.840132    -0.001579     0.000000    33.525542
       0     2.466440     2.466440     6.300160  7496.975095  2408.934136    -0.001636     0.000000    33.176305
       0     2.466440     2.466440     6.233850  7576.721064  2434.558170    -0.001694     0.000000    32.827120
       0     2.466440     2.466440     6.167530  7658.194219  2460.737184    -0.001754     0.000000    32.477882
       0     2.466440     2.466440    20.000000  1180.707311   379.446184     0.000000     0.000000   105.318927
       0     2.466440     2.466440     7.095970  6656.192552  2138.773282    -0.001040     0.000000    37.366997
       0     2.466440     2.466440     7.029660  6718.979674  2158.948089    -0.001077     0.000000    37.017812
       0     2.466440     2.466440     6.963340  6782.972345  2179.510264    -0.001116     0.000000    36.668575
       0     2.466440     2.466440     6.897020  6848.195691  2200.467879    -0.001156     0.000000    36.319337
       0     2.466440     2.466440     6.830700  6914.685557  2221.832454    -0.001197     0.000000    35.970100
       0     2.466440     2.466440     6.764390  6982.468874  2243.612642    -0.001240     0.000000    35.620915
       0     2.466440     2.466440     6.698070  7051.604808  2265.827453    -0.001285     0.000000    35.271677
       0     2.466440     2.466440     6.631750  7122.123514  2288.486577    -0.001331     0.000000    34.922440
       0     2.466440     2.466440     6.565430  7194.066893  2311.603479    -0.001379     0.000000    34.573202
       0     2.466440     2.466440     6.499120  7267.467379  2335.188579    -0.001428     0.000000    34.224017
       0     2.466440     2.466440     6.432800  7342.392517  2359.263581    -0.001479     0.000000    33.874780
       0     2.466440     2.466440     6.366480  7418.878654  2383.840164    -0.001532     0.000000    33.525542
       0     2.466440     2.466440     6.300160  7496.975087  2408.934168    -0.001587     0.000000    33.176305
       0     2.466440     2.466440     6.233850  7576.721055  2434.558202    -0.001643     0.000000    32.827120
       0     2.466440     2.466440     6.167530  7658.194210  2460.737217    -0.001701     0.000000    32.477882
       0     2.466440     2.466440    20.000000  1180.707314   379.446176     0.000000     0.000000   105.318927
       0     2.466440     2.466440     7.095970  6656.192568  2138.773228    -0.001105     0.000000    37.366997
       0     2.466440     2.466440     7.029660  6718.979691  2158.948034    -0.001144     0.000000    37.017812
       0     2.466440     2.466440     6.963340  6782.972362  2179.510208    -0.001185     0.000000    36.668575
       0     2.466440     2.466440     6.897020  6848.195707  2200.467823    -0.001227     0.000000    36.319337
       0     2.466440     2.466440     6.830700  6914.685574  2221.832397    -0.001271     0.000000    35.970100
       0     2.466440     2.466440     6.764390  6982.468891  2243.612584    -0.001317     0.000000    35.620915
       0     2.466440     2.466440     6.698070  7051.604826  2265.827394    -0.001364     0.000000    35.271677
       0     2.466440     2.466440     6.631750  7122.123531  2288.486518    -0.001413     0.000000    34.922440
       0     2.466440     2.466440     6.565430  7194.066911  2311.603418    -0.001464     0.000000    34.573202
       0     2.466440     2.466440     6.499120  7267.467397  2335.188517    -0.001517     0.000000    34.224017
       0     2.466440     2.466440     6.432800  7342.392535  2359.263518    -0.001571     0.000000    33.874780
       0     2.466440     2.466440     6.366480  7418.878672  2383.840100    -0.001628     0.000000    33.525542
       0     2.466440     2.466440     6.300160  7496.975104  2408.934103    -0.001686     0.000000    33.176305
       0     2.466440     2.466440     6.233850  7576.721073  2434.558137    -0.001746     0.000000    32.827120
       0     2.466440     2.466440     6.167530  7658.194228  2460.737150    -0.001808     0.000000    32.477882
       0     2.466440     2.466440    20.000000  1180.707313   379.446180     0.000000     0.000000   105.318927
       0     2.466440     2.466440     7.095970  6656.192560  2138.773255    -0.001072     0.000000    37.366997
       0     2.466440     2.466440     7.029660  6718.979682  2158.948062    -0.001110     0.000000    37.017812
       0     2.466440     2.466440     6.963340  6782.972353  2179.510236    -0.001150     0.000000    36.668575
       0     2.466440     2.466440     6.897020  6848.195699  2200.467852    -0.001191     0.000000    36.319337
       0     2.466440     2.466440     6.830700  6914.685565  2221.832426    -0.001234     0.000000    35.970100
       0     2.466440     2.466440     6.764390  6982.468883  2243.612613    -0.001278     0.000000    35.620915
       0     2.466440     2.466440     6.698070  7051.604817  2265.827424    -0.001324     0.000000    35.271677
       0     2.466440     2.466440     6.631750  7122.123522  2288.486548    -0.001372     0.000000    34.922440
       0     2.466440     2.466440     6.565430  7194.066902  2311.603449    -0.001421     0.000000    34.573202
       0     2.466440     2.466440     6.499120  7267.467388  2335.188548    -0.001472     0.000000    34.224017
       0     2.466440     2.466440     6.432800  7342.392526  2359.263550    -0.001525     0.000000    33.874780
       0     2.466440     2.466440     6.366480  7418.878663  2383.840132    -0.001579     0.000000    33.525542
       0     2.466440     2.466440     6.300160  7496.975095  2408.934136    -0.001636     0.000000    33.176305
       0     2.466440     2.466440     6.233850  7576.721064  2434.558170    -0.001694     0.000000    32.827120
       0     2.466440     2.466440     6.167530  7658.194219  2460.737184    -0.001754     0.000000    32.477882
       0     2.466440     2.466440    20.000000  1180.707313   379.446180     0.000000     0.000000   105.318927
       0     2.466440     2.466440     7.095970  6656.192560  2138.773255    -0.001072     0.000000    37.366997
       0     2.466440     2.466440     7.029660  6718.979682  2158.948062    -0.001110     0.000000    37.017812
       0     2.466440     2.466440     6.963340  6782.972353  2179.510236    -0.001150     0.000000    36.668575
       0     2.466440     2.466440     6.897020  6848.195699  2200.467852    -0.001191     0.000000    36.319337
       0     2.466440     2.466440     6.830700  6914.685565  2221.832426    -0.001234     0.000000    35.970100
       0     2.466440     2.466440     6.764390  6982.468883  2243.612613    -0.001278     0.000000    35.620915
       0     2.466440     2.466440     6.698070  7051.604817  2265.827424    -0.001324     0.000000    35.271677
       0     2.466440     2.466440     6.631750  7122.123522  2288.486548    -0.001372     0.000000    34.922440
       0     2.466440     2.466440     6.565430  7194.066902  2311.603449    -0.001421     0.000000    34.573202
       0     2.466440     2.466440     6.499120  7267.467388  2335.188548    -0.001472     0.000000    34.224017
       0     2.466440     2.466440     6.432800  7342.392526  2359.263550    -0.001525     0.000000    33.874780
       0     2.466440     2.466440     6.366480  7418.878663  2383.840132    -0.001579     0.000000    33.525542
       0     2.466440     2.466440     6.300160  7496.975095  2408.934136    -0.001636     0.000000    33.176305
       0     2.466440     2.466440     6.233850  7576.721064  2434.558170    -0.001694     0.000000    32.827120
       0     2.466440     2.466440     6.167530  7658.194219  2460.737184    -0.001754     0.000000    32.477882
       0     2.466440     2.466440    20.000000  1180.707311   379.446184     0.000000     0.000000   105.318927
       0     2.466440     2.466440     7.095970  6656.192552  2138.773282    -0.001040     0.000000    37.366997
       0     2.466440     2.466440     7.029660  6718.979674  2158.948089    -0.001077     0.000000    37.017812
       0     2.466440     2.466440     6.963340  6782.972345  2179.510264    -0.001116     0.000000    36.668575
       0     2.466440     2.466440     6.897020  6848.195691  2200.467879    -0.001156     0.000000    36.319337
       0     2.466440     2.466440     6.830700  6914.685557  2221.832454    -0.001197     0.000000    35.970100
       0     2.466440     2.466440     6.764390  6982.468874  2243.612642    -0.001240     0.000000    35.620915
       0     2.466440     2.466440     6.698070  7051.604808  2265.827453    -0.001285     0.000000    35.271677
       0     2.466440     2.466440     6.631750  7122.123514  2288.486577    -0.001331     0.000000    34.922440
       0     2.466440     2.466440     6.565430  7194.066893  2311.603479    -0.001379     0.000000    34.573202
       0     2.466440     2.466440     6.499120  7267.467379  2335.188579    -0.001428     0.000000    34.224017
       0     2.466440     2.466440     6.432800  7342.392517  2359.263581    -0.001479     0.000000    33.874780
       0     2.466440     2.466440     6.366480  7418.878654  2383.840164    -0.001532     0.000000    33.525542
       0     2.466440     2.466440     6.300160  7496.975087  2408.934168    -0.001587     0.000000    33.176305
       0     2.466440     2.466440     6.233850  7576.721055  2434.558202    -0.001643     0.000000    32.827120
       0     2.466440     2.466440     6.167530  7658.194210  2460.737217    -0.001701     0.000000    32.477882
       0     2.466440     2.466440    20.000000  1180.707314   379.446176     0.000000     0.000000   105.318927
       0     2.466440     2.466440     7.095970  6656.192568  2138.773228    -0.001105     0.000000    37.366997
       0     2.466440     2.466440     7.029660  6718.979691  2158.948034    -0.001144     0.000000    37.017812
       0     2.466440     2.466440     6.963340  6782.972362  2179.510208    -0.001185     0.000000    36.668575
       0     2.466440     2.466440     6.897020  6848.195707  2200.467823    -0.001227     0.000000    36.319337
       0     2.466440     2.466440     6.830700  6914.685574  2221.832397    -0.001271     0.000000    35.970100
       0     2.466440     2.466440     6.764390  6982.468891  2243.612584    -0.001317     0.000000    35.620915
       0     2.466440     2.466440     6.698070  7051.604826  2265.827394    -0.001364     0.000000    35.271677
       0     2.466440     2.466440     6.631750  7122.123531  2288.486518    -0.001413     0.000000    34.922440
       0     2.466440     2.466440     6.565430  7194.066911  2311.603418    -0.001464     0.000000    34.573202
       0     2.466440     2.466440     6.499120  7267.467397  2335.188517    -0.001517     0.000000    34.224017
       0     2.466440     2.466440     6.432800  7342.392535  2359.263518    -0.001571     0.000000    33.874780
       0     2.466440     2.466440     6.366480  7418.878672  2383.840100    -0.001628     0.000000    33.525542
       0     2.466440     2.466440     6.300160  7496.975104  2408.934103    -0.001686     0.000000    33.176305
       0     2.466440     2.466440     6.233850  7576.721073  2434.558137    -0.001746     0.000000    32.827120
       0     2.466440     2.466440     6.167530  7658.194228  2460.737150    -0.001808     0.000000    32.477882
       0     2.466440     2.466440    20.000000  1180.707313   379.446180     0.000000     0.000000   105.318927
       0     2.466440     2.466440     7.095970  6656.192560  2138.773255    -0.001072     0.000000    37.366997
       0     2.466440     2.466440     7.029660  6718.979682  2158.948062    -0.001110     0.000000    37.017812
       0     2.466440     2.466440     6.963340  6782.972353  2179.510236    -0.001150     0.000000    36.668575
       0     2.466440     2.466440     6.897020  6848.195699  2200.467852    -0.001191     0.000000    36.319337
       0     2.466440     2.466440     6.830700  6914.685565  2221.832426    -0.001234     0.000000    35.970100
       0     2.466440     2.466440     6.764390  6982.468883  2243.612613    -0.001278     0.000000    35.620915
       0     2.466440     2.466440     6.698070  7051.604817  2265.827424    -0.001324     0.000000    35.271677
       0     2.466440     2.466440     6.631750  7122.123522  2288.486548    -0.001372     0.000000    34.922440
       0     2.466440     2.466440     6.565430  7194.066902  2311.603449    -0.001421     0.000000    34.573202
       0     2.466440     2.466440     6.499120  7267.467388  2335.188548    -0.001472     0.000000    34.224017
       0     2.466440     2.466440     6.432800  7342.392526  2359.263550    -0.001525     0.000000    33.874780
       0     2.466440     2.466440     6.366480  7418.878663  2383.840132    -0.001579     0.000000    33.525542
       0     2.466440     2.466440     6.300160  7496.975095  2408.934136    -0.001636     0.000000    33.176305
       0     2.466440     2.466440     6.233850  7576.721064  2434.558170    -0.001694     0.000000    32.827120
       0     2.466440     2.466440     6.167530  7658.194219  2460.737184    -0.001754     0.000000    32.477882
       0     2.466440     2.466440    20.000000  1180.707313   379.446180     0.000000     0.000000   105.318927
       0     2.466440     2.466440     7.095970  6656.192560  2138.773255    -0.001072     0.000000    37.366997
       0     2.466440     2.466440     7.029660  6718.979682  2158.948062    -0.001110     0.000000    37.017812
       0     2.466440     2.466440     6.963340  6782.972353  2179.510236    -0.001150     0.000000    36.668575
       0     2.466440     2.466440     6.897020  6848.195699  2200.467852    -0.001191     0.000000    36.319337
       0     2.466440     2.466440     6.830700  6914.685565  2221.832426    -0.001234     0.000000    35.970100
       0     2.466440     2.466440     6.764390  6982.468883  2243.612613    -0.001278     0.000000    35.620915
       0     2.466440     2.466440     6.698070  7051.604817  2265.827424    -0.001324     0.000000    35.271677
       0     2.466440     2.466440     6.631750  7122.123522  2288.486548    -0.001372     0.000000    34.922440
       0     2.466440     2.466440     6.565430  7194.066902  2311.603449    -0.001421     0.000000    34.573202
       0     2.466440     2.466440     6.499120  7267.467388  2335.188548    -0.001472     0.000000    34.224017
       0     2.466440     2.466440     6.432800  7342.392526  2359.263550    -0.001525     0.000000    33.874780
       0     2.466440     2.466440     6.366480  7418.878663  2383.840132    -0.001579     0.000000    33.525542
       0     2.466440     2.466440     6.300160  7496.975095  2408.934136    -0.001636     0.000000    33.176305
       0     2.466440     2.466440     6.233850  7576.721064  2434.558170    -0.001694     0.000000    32.827120
       0     2.466440     2.466440     6.167530  7658.194219  2460.737184    -0.001754     0.000000    32.477882
       0     2.466440     2.466440    20.000000  1180.707311   379.446184     0.000000     0.000000   105.318927
       0     2.466440     2.466440     7.095970  6656.192552  2138.773282    -0.001040     0.000000    37.366997
       0     2.466440     2.466440     7.029660  6718.979674  2158.948089    -0.001077     0.000000    37.017812
       0     2.466440     2.466440     6.963340  6782.972345  2179.510264    -0.001116     0.000000    36.668575
       0     2.466440     2.466440     6.897020  6848.195691  2200.467879    -0.001156     0.000000    36.319337
       0     2.466440     2.466440     6.830700  6914.685557  2221.832454    -0.001197     0.000000    35.970100
       0     2.466440     2.466440     6.764390  6982.468874  2243.612642    -0.001240     0.000000    35.620915
       0     2.466440     2.466440     6.698070  7051.604808  2265.827453    -0.001285     0.000000    35.271677
       0     2.466440     2.466440     6.631750  7122.123514  2288.486577    -0.001331     0.000000    34.922440
       0     2.466440     2.466440     6.565430  7194.066893  2311.603479    -0.001379     0.000000    34.573202
       0     2.466440     2.466440     6.499120  7267.467379  2335.188579    -0.001428     0.000000    34.224017
       0     2.466440     2.466440     6.432800  7342.392517  2359.263581    -0.001479     0.000000    33.874780
       0     2.466440     2.466440     6.366480  7418.878654  2383.840164    -0.001532     0.000000    33.525542
       0     2.466440     2.466440     6.300160  7496.975087  2408.934168    -0.001587     0.000000    33.176305
       0     2.466440     2.466440     6.233850  7576.721055  2434.558202    -0.001643     0.000000    32.827120
       0     2.466440     2.466440     6.167530  7658.194210  2460.737217    -0.001701     0.000000    32.477882
       0     2.466440     2.466440    20.000000  1180.707314   379.446176     0.000000     0.000000   105.318927
       0     2.466440     2.466440     7.095970  6656.192568  2138.773228    -0.001105     0.000000    37.366997
       0     2.466440     2.466440     7.029660  6718.979691  2158.948034    -0.001144     0.000000    37.017812
       0     2.466440     2.466440     6.963340  6782.972362  2179.510208    -0.001185     0.000000    36.668575
       0     2.466440     2.466440     6.897020  6848.195707  2200.467823    -0.001227     0.000000    36.319337
       0     2.466440     2.466440     6.830700  6914.685574  2221.832397    -0.001271     0.000000    35.970100
       0     2.466440     2.466440     6.764390  6982.468891  2243.612584    -0.001317     0.000000    35.620915
       0     2.466440     2.466440     6.698070  7051.604826  2265.827394    -0.001364     0.000000    35.271677
       0     2.466440     2.466440     6.631750  7122.123531  2288.486518    -0.001413     0.000000    34.922440
       0     2.466440     2.466440     6.565430  7194.066911  2311.603418    -0.001464     0.000000    34.573202
       0     2.466440     2.466440     6.499120  7267.467397  2335.188517    -0.001517     0.000000    34.224017
       0     2.466440     2.466440     6.432800  7342.392535  2359.263518    -0.001571     0.000000    33.874780
       0     2.466440     2.466440     6.366480  7418.878672  2383.840100    -0.001628     0.000000    33.525542
       0     2.466440     2.466440     6.300160  7496.975104  2408.934103    -0.001686     0.000000    33.176305
       0     2.466440     2.466440     6.233850  7576.721073  2434.558137    -0.001746     0.000000    32.827120
       0     2.466440     2.466440     6.167530  7658.194228  2460.737150    -0.001808     0.000000    32.477882
       0     2.466440     2.466440    20.000000  1180.707313   379.446180     0.000000     0.000000   105.318927
       0     2.466440     2.466440     7.095970  6656.192560  2138.773255    -0.001072     0.000000    37.366997
       0     2.466440     2.466440     7.029660  6718.979682  2158.948062    -0.001110     0.000000    37.017812
       0     2.466440     2.466440     6.963340  6782.972353  2179.510236    -0.001150     0.000000    36.668575
       0     2.466440     2.466440     6.897020  6848.195699  2200.467852    -0.001191     0.000000    36.319337
       0     2.466440     2.466440     6.830700  6914.685565  2221.832426    -0.001234     0.000000    35.970100
       0     2.466440     2.466440     6.764390  6982.468883  2243.612613    -0.001278     0.000000    35.620915
       0     2.466440     2.466440     6.698070  7051.604817  2265.827424    -0.001324     0.000000    35.271677
       0     2.466440     2.466440     6.631750  7122.123522  2288.486548    -0.001372     0.000000    34.922440
       0     2.466440     2.466440     6.565430  7194.066902  2311.603449    -0.001421     0.000000    34.573202
       0     2.466440     2.466440     6.499120  7267.467388  2335.188548    -0.001472     0.000000    34.224017
       0     2.466440     2.466440     6.432800  7342.392526  2359.263550    -0.001525     0.000000    33.874780
       0     2.466440     2.466440     6.366480  7418.878663  2383.840132    -0.001579     0.000000    33.525542
       0     2.466440     2.466440     6.300160  7496.975095  2408.934136    -0.001636     0.000000    33.176305
       0     2.466440     2.466440     6.233850  7576.721064  2434.558170    -0.001694     0.000000    32.827120
       0     2.466440     2.466440     6.167530  7658.194219  2460.737184    -0.001754     0.000000    32.477882
       0     2.466440     2.466440    20.000000  1180.707313   379.446180     0.000000     0.000000   105.318927
       0     2.466440     2.466440     7.095970  6656.192560  2138.773255    -0.001072     0.000000    37.366997
       0     2.466440     2.466440     7.029660  6718.979682  2158.948062    -0.001110     0.000000    37.017812
       0     2.466440     2.466440     6.963340  6782.972353  2179.510236    -0.001150     0.000000    36.668575
       0     2.466440     2.466440     6.897020  6848.195699  2200.467852    -0.001191     0.000000    36.319337
       0     2.466440     2.466440     6.830700  6914.685565  2221.832426    -0.001234     0.000000    35.970100
       0     2.466440     2.466440     6.764390  6982.468883  2243.612613    -0.001278     0.000000    35.620915
       0     2.466440     2.466440     6.698070  7051.604817  2265.827424    -0.001324     0.000000    35.271677
       0     2.466440     2.466440     6.631750  7122.123522  2288.486548    -0.001372     0.000000    34.922440
       0     2.466440     2.466440     6.565430  7194.066902  2311.603449    -0.001421     0.000000    34.573202
       0     2.466440     2.466440     6.499120  7267.467388  2335.188548    -0.001472     0.000000    34.224017
       0     2.466440     2.466440     6.432800  7342.392526  2359.263550    -0.001525     0.000000    33.874780
       0     2.466440     2.466440     6.366480  7418.878663  2383.840132    -0.001579     0.000000    33.525542
       0     2.466440     2.466440     6.300160  7496.975095  2408.934136    -0.001636     0.000000    33.176305
       0     2.466440     2.466440     6.233850  7576.721064  2434.558170    -0.001694     0.000000    32.827120
       0     2.466440     2.466440     6.167530  7658.194219  2460.737184    -0.001754     0.000000    32.477882
