  F CC-ref                                                      
    2.4664    2.4664   20.0000
   90.0000   90.0000  120.0446
   1 C     0.24671700000000D+01  0.52143000000000D+00  0.10000000000000D+02
   2 C    -0.73000000000000D-03  0.19450100000000D+01  0.10000000000000D+02

  F CC-70959                                                    
    2.4664    2.4664    7.0960
   90.0000   90.0000  120.0446
   1 C     0.30814600000000D+01  0.16709250000000D+00  0.17739900000000D+01
   2 C    -0.61502000000000D+00  0.22993425000000D+01  0.53219800000000D+01
   3 C     0.61356000000000D+00  0.15906625000000D+01  0.17739900000000D+01
   4 C     0.18528800000000D+01  0.87578250000000D+00  0.53219800000000D+01

  F CC-70296                                                    
    2.4664    2.4664    7.0297
   90.0000   90.0000  120.0446
   1 C     0.30814600000000D+01  0.16709250000000D+00  0.17574150000000D+01
   2 C    -0.61502000000000D+00  0.22993425000000D+01  0.52722450000000D+01
   3 C     0.61356000000000D+00  0.15906625000000D+01  0.17574150000000D+01
   4 C     0.18528800000000D+01  0.87578250000000D+00  0.52722450000000D+01

  F CC-69633                                                    
    2.4664    2.4664    6.9633
   90.0000   90.0000  120.0446
   1 C     0.30814600000000D+01  0.16709250000000D+00  0.17408350000000D+01
   2 C    -0.61502000000000D+00  0.22993425000000D+01  0.52225050000000D+01
   3 C     0.61356000000000D+00  0.15906625000000D+01  0.17408350000000D+01
   4 C     0.18528800000000D+01  0.87578250000000D+00  0.52225050000000D+01

  F CC-68970                                                    
    2.4664    2.4664    6.8970
   90.0000   90.0000  120.0446
   1 C     0.30814600000000D+01  0.16709250000000D+00  0.17242550000000D+01
   2 C    -0.61502000000000D+00  0.22993425000000D+01  0.51727650000000D+01
   3 C     0.61356000000000D+00  0.15906625000000D+01  0.17242550000000D+01
   4 C     0.18528800000000D+01  0.87578250000000D+00  0.51727650000000D+01

  F CC-68307                                                    
    2.4664    2.4664    6.8307
   90.0000   90.0000  120.0446
   1 C     0.30814600000000D+01  0.16709250000000D+00  0.17076750000000D+01
   2 C    -0.61502000000000D+00  0.22993425000000D+01  0.51230250000000D+01
   3 C     0.61356000000000D+00  0.15906625000000D+01  0.17076750000000D+01
   4 C     0.18528800000000D+01  0.87578250000000D+00  0.51230250000000D+01

  F CC-67643                                                    
    2.4664    2.4664    6.7644
   90.0000   90.0000  120.0446
   1 C     0.30814600000000D+01  0.16709250000000D+00  0.16911000000000D+01
   2 C    -0.61502000000000D+00  0.22993425000000D+01  0.50732900000000D+01
   3 C     0.61356000000000D+00  0.15906625000000D+01  0.16911000000000D+01
   4 C     0.18528800000000D+01  0.87578250000000D+00  0.50732900000000D+01

  F CC-66980                                                    
    2.4664    2.4664    6.6981
   90.0000   90.0000  120.0446
   1 C     0.30814600000000D+01  0.16709250000000D+00  0.16745200000000D+01
   2 C    -0.61502000000000D+00  0.22993425000000D+01  0.50235500000000D+01
   3 C     0.61356000000000D+00  0.15906625000000D+01  0.16745200000000D+01
   4 C     0.18528800000000D+01  0.87578250000000D+00  0.50235500000000D+01

  F CC-66317                                                    
    2.4664    2.4664    6.6318
   90.0000   90.0000  120.0446
   1 C     0.30814600000000D+01  0.16709250000000D+00  0.16579400000000D+01
   2 C    -0.61502000000000D+00  0.22993425000000D+01  0.49738100000000D+01
   3 C     0.61356000000000D+00  0.15906625000000D+01  0.16579400000000D+01
   4 C     0.18528800000000D+01  0.87578250000000D+00  0.49738100000000D+01

  F CC-65654                                                    
    2.4664    2.4664    6.5654
   90.0000   90.0000  120.0446
   1 C     0.30814600000000D+01  0.16709250000000D+00  0.16413550000000D+01
   2 C    -0.61502000000000D+00  0.22993425000000D+01  0.49240750000000D+01
   3 C     0.61356000000000D+00  0.15906625000000D+01  0.16413550000000D+01
   4 C     0.18528800000000D+01  0.87578250000000D+00  0.49240750000000D+01

  F CC-64991                                                    
    2.4664    2.4664    6.4991
   90.0000   90.0000  120.0446
   1 C     0.30814600000000D+01  0.16709250000000D+00  0.16247800000000D+01
   2 C    -0.61502000000000D+00  0.22993425000000D+01  0.48743400000000D+01
   3 C     0.61356000000000D+00  0.15906625000000D+01  0.16247800000000D+01
   4 C     0.18528800000000D+01  0.87578250000000D+00  0.48743400000000D+01

  F CC-64327                                                    
    2.4664    2.4664    6.4328
   90.0000   90.0000  120.0446
   1 C     0.30814600000000D+01  0.16709250000000D+00  0.16082000000000D+01
   2 C    -0.61502000000000D+00  0.22993425000000D+01  0.48246000000000D+01
   3 C     0.61356000000000D+00  0.15906625000000D+01  0.16082000000000D+01
   4 C     0.18528800000000D+01  0.87578250000000D+00  0.48246000000000D+01

  F CC-63664                                                    
    2.4664    2.4664    6.3665
   90.0000   90.0000  120.0446
   1 C     0.30814600000000D+01  0.16709250000000D+00  0.15916200000000D+01
   2 C    -0.61502000000000D+00  0.22993425000000D+01  0.47748600000000D+01
   3 C     0.61356000000000D+00  0.15906625000000D+01  0.15916200000000D+01
   4 C     0.18528800000000D+01  0.87578250000000D+00  0.47748600000000D+01

  F CC-63001                                                    
    2.4664    2.4664    6.3002
   90.0000   90.0000  120.0446
   1 C     0.30814600000000D+01  0.16709250000000D+00  0.15750400000000D+01
   2 C    -0.61502000000000D+00  0.22993425000000D+01  0.47251200000000D+01
   3 C     0.61356000000000D+00  0.15906625000000D+01  0.15750400000000D+01
   4 C     0.18528800000000D+01  0.87578250000000D+00  0.47251200000000D+01

  F CC-62338                                                    
    2.4664    2.4664    6.2339
   90.0000   90.0000  120.0446
   1 C     0.30814600000000D+01  0.16709250000000D+00  0.15584600000000D+01
   2 C    -0.61502000000000D+00  0.22993425000000D+01  0.46753900000000D+01
   3 C     0.61356000000000D+00  0.15906625000000D+01  0.15584600000000D+01
   4 C     0.18528800000000D+01  0.87578250000000D+00  0.46753900000000D+01

  F CC-61675                                                    
    2.4664    2.4664    6.1675
   90.0000   90.0000  120.0446
   1 C     0.30814600000000D+01  0.16709250000000D+00  0.15418800000000D+01
   2 C    -0.61502000000000D+00  0.22993425000000D+01  0.46256500000000D+01
   3 C     0.61356000000000D+00  0.15906625000000D+01  0.15418800000000D+01
   4 C     0.18528800000000D+01  0.87578250000000D+00  0.46256500000000D+01

