8284391.2705
6535359.5334
7383748.6067
6469745.7629
6280746.8993
6919974.9162
6469745.7626
6267221.0099
7114466.1460
5473838.3937
6267221.0099
5427948.2641
9475864.1455
7562130.8909
8491960.5874
7472121.9835
8396544.2942
6601773.5333
7472121.9835
6534481.6481
7400504.1894
5722532.9669
6534481.6481
5644312.1616
6450853.4559
4891844.7274
5644312.1616
4819572.0463
4881026.6360
4995869.0141
4819572.0463
4815214.2400
4924763.5567
4927323.5304
4815214.2400
4815252.6275
4845990.4324
4839423.0084
4815214.2400
4815038.4900
4918791.7914
4934847.2070
4815038.4900
4815273.1360
4842727.9884
4842804.1421
4815038.4900
4815038.4900
4918791.7914
4934847.2070
4815038.4900
4815273.1360
4842727.9884
4842804.1421
4815038.4900
4815038.4900
5561694.5413
4122522.7795
4815038.4900
4056248.9273
4743350.6035
3423287.5925
4056248.9273
3350970.4632
3977434.9571
2778646.3107
3350970.4632
2724391.6139
2828748.7367
2831679.3403
2724391.6139
2724454.3447
2754086.8005
2747055.7591
2724391.6139
2724178.4871
3291173.1849
2211317.3654
2724178.4871
2153411.8065
2659776.8997
1701180.2904
2153411.8065
1642187.7370
2086840.5534
1251668.4971
1642187.7370
1208443.9646
1592467.1756
 878554.3297
1208443.9646
 836689.6402
1159000.5745
 568512.2820
 836689.6402
 535287.3112
 625384.4932
 606751.2609
 535287.3112
 534310.9222
 616838.8263
 617697.1362
 534310.9222
 534360.9741
 559179.8893
 550105.0290
 534310.9222
 533883.8242
 608936.2849
 629116.1486
 533883.8242
 534360.9741
 554643.3672
 554857.5772
 533883.8242
 533890.2033
 539628.6470
 538520.2459
 533883.8242
 533859.5004
 607288.0104
 631674.2327
 533859.5004
 534335.6252
 553725.3105
 555961.7307
 533859.5004
 533883.8242
 539132.9809
 539025.6473
 533859.5004
 533857.7775
 795048.1318
 326762.2057
 533857.7775
 298646.9100
 497087.3165
 154301.2858
 298646.9100
 136225.9817
 271916.4407
  54630.3053
 136225.9817
  46594.9929
 115219.1318
  96965.0216
  46594.9929
  45214.4115
 118717.6865
  25772.8270
  45214.4115
  25240.1351
  52250.3562
  52291.6044
  25240.1351
  25240.1351
  52250.3562
  52291.6044
  25240.1351
  25240.1351
  52250.3562
  52291.6044
  25240.1351
  25240.1351
  52250.3562
  52291.6044
  25240.1351
  25240.1351
  86951.7465
  73569.3458
  25240.1351
  24141.5114
  81255.5646
  82603.0542
  24141.5114
  24229.7641
  43356.0001
  32682.9448
  24141.5114
  23278.9188
  72830.6147
  98432.4340
  23278.9188
  24260.0545
  37992.7618
  38548.6996
  23278.9188
  23301.7368
  27602.5580
  26377.0541
  23278.9188
  23233.7473
  71138.1439
 102024.6762
  23233.7473
  24229.7641
  36965.5885
  39971.4198
  23233.7473
  23293.6586
  27017.2169
  26992.7999
  23233.7473
  23233.7473
  52036.4715
  48385.4536
  23233.7473
  23208.0281
  50931.6635
  49438.8230
  23208.0281
  23203.8905
  49848.4374
  50513.7740
  23203.8905
  23203.8905
  71217.7345
 101152.1536
  23203.8905
  24192.2952
  37083.1336
  39608.3969
  23203.8905
  23258.5505
  27084.4554
  26819.2539
  23203.8905
  23198.6715
  49890.1677
  50458.7118
  23198.6715
  23198.6715
  49890.1677
  50458.7118
  23198.6715
  23203.7763
  29800.4775
  30084.7496
  23198.6715
  23203.7763
  24948.3227
  24820.7010
  23198.6715
  23198.6715
  49890.1677
  50458.7118
  23198.6715
  23198.6715
  49890.1677
  50458.7118
  23198.6715
  23203.7763
  29800.4775
  30084.7496
  23198.6715
  23203.7763
  24948.3227
  24820.7010
  23198.6715
  23198.6715
  49890.1677
  50458.7118
  23198.6715
  23198.6715
  70882.9271
 101878.4158
  23198.6715
  24192.2952
  36881.1101
  39898.1121
  23198.6715
  23258.5505
  26970.8998
  26946.7579
  23198.6715
  23196.7811
  70715.8541
 102243.1221
  23196.7811
  24222.4988
  36780.5783
  40044.0437
  23196.7811
  23266.6165
  26914.7088
  27011.3903
  23196.7811
  23198.6715
  24222.4988
  24049.7466
  23196.7811
  23193.9960
  70215.9614
 103343.5606
  23193.9960
  24222.4988
  36480.9087
  40486.1481
  23193.9960
  23266.6165
  26748.4905
  27208.8200
  23193.9960
  23198.6715
  24133.1918
  24141.2135
  23193.9960
  23194.4426
  23443.5409
  23423.5762
  23193.9960
  23193.9960
  70215.9614
 103343.5606
  23193.9960
  24192.2952
  36480.9087
  40486.1481
  23193.9960
  23258.5505
  26748.4905
  27208.8200
  23193.9960
  23198.6715
  24104.2933
  24172.7692
  23193.9960
  23194.4426
  23428.5096
  23423.5762
  23193.9960
  23193.9960
  49980.2555
  50353.4212
  23193.9960
  23201.0534
  29843.9151
  30030.4980
  23193.9960
  23201.0534
  24968.8486
  24792.4116
  23193.9960
  23193.9960
  49980.2555
  50353.4212
  23193.9960
  23193.9960
