Energy +CC-70959/  4 -CC-ref/  2                                 -0.4890     -1.1932      1.0000      0.4959      0.4959
Energy +CC-70296/  4 -CC-ref/  2                                 -0.5007     -1.2076      1.0000      0.4998      0.9958
Energy +CC-69633/  4 -CC-ref/  2                                 -0.5109     -1.2199      1.0000      0.5027      1.4985
Energy +CC-68970/  4 -CC-ref/  2                                 -0.5194     -1.2294      1.0000      0.5042      2.0027
Energy +CC-68307/  4 -CC-ref/  2                                 -0.5257     -1.2361      1.0000      0.5047      2.5073
Energy +CC-67643/  4 -CC-ref/  2                                 -0.5295     -1.2393      1.0000      0.5039      3.0112
Energy +CC-66980/  4 -CC-ref/  2                                 -0.5301     -1.2385      1.0000      0.5019      3.5131
Energy +CC-66317/  4 -CC-ref/  2                                 -0.5269     -1.2334      1.0000      0.4990      4.0121
Energy +CC-65654/  4 -CC-ref/  2                                 -0.5194     -1.2231      1.0000      0.4952      4.5072
Energy +CC-64991/  4 -CC-ref/  2                                 -0.5065     -1.2070      1.0000      0.4907      4.9979
Energy +CC-64327/  4 -CC-ref/  2                                 -0.4874     -1.1842      1.0000      0.4854      5.4833
Energy +CC-63664/  4 -CC-ref/  2                                 -0.4610     -1.1541      1.0000      0.4805      5.9638
Energy +CC-63001/  4 -CC-ref/  2                                 -0.4259     -1.1158      1.0000      0.4760      6.4397
Energy +CC-62338/  4 -CC-ref/  2                                 -0.3807     -1.0682      1.0000      0.4727      6.9124
Energy +CC-61675/  4 -CC-ref/  2                                 -0.3236     -1.0101      1.0000      0.4713      7.3837
