./a/POSCAR:     0.0000000000000000    0.0000000000000000    7.7346036590000002
./b/POSCAR:     0.0000000000000000    0.0000000000000000    7.3983165440000001
./c/POSCAR:     0.0000000000000000    0.0000000000000000    7.0620294279999998
./z01/POSCAR:     0.0000000000000000    0.0000000000000000    6.7257423124402660
./z02/POSCAR:     0.0000000000000000    0.0000000000000000    6.3894551970000002
./z03/POSCAR:     0.0000000000000000    0.0000000000000000    6.0531680809999999
./z04/POSCAR:     0.0000000000000000    0.0000000000000000    5.7168809659999997
./z05/POSCAR:     0.0000000000000000    0.0000000000000000    5.3805938500000003
./z06/POSCAR:     0.0000000000000000    0.0000000000000000    5.0443067340000001
./z07/POSCAR:     0.0000000000000000    0.0000000000000000    4.7080196189999999
./z08/POSCAR:     0.0000000000000000    0.0000000000000000    4.3717325029999996
./z09/POSCAR:     0.0000000000000000    0.0000000000000000    4.0354453870000002
