./a/thermal.txt:     300.000      70.8059695     16.3873811     25.7459932     75.7221838
./b/thermal.txt:     300.000      14.2303573     23.7106923     34.1044670     21.3435650
./c/thermal.txt:     300.000      63.3062278     20.3910211     34.9772856     69.4235341
./z01/thermal.txt:     300.000      70.8059695     16.3873811     25.7459932     75.7221838
./z02/thermal.txt:     300.000      14.6702976     26.5437191     36.6148656     22.6334134
./z03/thermal.txt:     300.000      15.1592871     26.1481443     36.9328947     23.0037304
./z04/thermal.txt:     300.000      15.2978634     27.6074402     37.8116729     23.5800955
./z05/thermal.txt:     300.000      15.6384927     28.6285961     38.6954146     24.2270715
./z06/thermal.txt:     300.000      15.7223034     32.6773791     41.3633515     25.5255171
./z07/thermal.txt:     300.000      16.9003861     31.4988974     42.1434303     26.3500554
./z08/thermal.txt:     300.000      19.0561218     30.1530042     44.5331275     28.1020230
./z09/thermal.txt:     300.000      18.8811320     32.5145871     46.3315088     28.6355081
