./a/thermal.txt:       0.000      64.7392709      0.0000000      0.0000000     64.7392709
./b/thermal.txt:       0.000      65.1230977      0.0000000      0.0000000     65.1230977
./c/thermal.txt:       0.000      65.7098612      0.0000000      0.0000000     65.7098612
./z01/thermal.txt:       0.000      65.9432028      0.0000000      0.0000000     65.9432028
./z02/thermal.txt:       0.000      66.2587349      0.0000000      0.0000000     66.2587349
./z03/thermal.txt:       0.000      66.3663481      0.0000000      0.0000000     66.3663481
./z04/thermal.txt:       0.000      66.5061517      0.0000000      0.0000000     66.5061517
./z05/thermal.txt:       0.000      66.6643361      0.0000000      0.0000000     66.6643361
./z06/thermal.txt:       0.000      66.8469612      0.0000000      0.0000000     66.8469612
./z07/thermal.txt:       0.000      66.8870315      0.0000000      0.0000000     66.8870315
./z08/thermal.txt:       0.000      65.7001752      0.0000000      0.0000000     65.7001752
./z09/thermal.txt:       0.000      62.9240536      0.0000000      0.0000000     62.9240536
./z10/thermal.txt:       0.000      57.9594963      0.0000000      0.0000000     57.9594963
./z11/thermal.txt:       0.000      60.3399956      0.0000000      0.0000000     60.3399956
./z12/thermal.txt:       0.000      59.1332350      0.0000000      0.0000000     59.1332350
./z13/thermal.txt:       0.000      48.0262328      0.0000000      0.0000000     48.0262328
./z14/thermal.txt:       0.000      43.2008106      0.0000000      0.0000000     43.2008106
