16   
1    

1    
  0.0100000000000000   0.0000000000000000   0.0000000000000000
  -0.3895254700   -0.0032689600   -0.0023115100
   0.0594995700    0.0000237200    0.0000167700
   0.0012714500    0.0335623000   -0.0106948200
   0.0013194900   -0.0336401000    0.0106103400
   0.0012714500    0.0011042600    0.0352077800
   0.0013194900   -0.0012098400   -0.0352529700
  -0.0007111100   -0.0000396300   -0.0000280200
   0.0039490900    0.0000188500    0.0000133300
   0.1029984400    0.0201088400    0.0142191000
   0.0981689300   -0.0170582600   -0.0120620100
   0.0684473000    0.0002635200    0.0001489400
  -0.0060602600   -0.0000622800    0.0000193700
   0.0684473000    0.0002282600    0.0001988000
  -0.0060602600   -0.0000025000   -0.0000651800
  -0.0021793400   -0.0022632000   -0.0016003200
  -0.0021560700    0.0022350100    0.0015803900
