   1845.6542
   4021.2940
   2802.0625
   1332.5481
   4 1   1   0.01     1.0   40.0                                                                                                                                                                         
   1110.5331
   1573.0936
   1332.5424
    738.2692
   4 1   3   0.01     8.0   40.0                                                                                                                                                                         
    760.1258
    717.0364
    738.2692
    593.0980
   4 1   2   0.001  -16.0   16.0                                                                                                                                                                         
    260.0895
   1186.3958
    593.0980
    181.8557
   4 1   3   0.01     8.0   40.0                                                                                                                                                                         
    179.2061
    185.0804
    181.8557
    174.3896
   4 1   2   0.001  -16.0   16.0                                                                                                                                                                         
    225.2248
    384.7238
    174.3896
    162.2174
   4 1   3   0.01     8.0   40.0                                                                                                                                                                         
    159.0507
    165.9609
    162.2174
    151.9232
   4 1   2   0.001  -16.0   16.0                                                                                                                                                                         
    211.9697
    354.0861
    151.9232
    142.9557
   4 1   1   0.01     1.0   40.0                                                                                                                                                                         
     97.2440
    237.1907
    142.9557
     93.6946
   4 1   3   0.01     8.0   40.0                                                                                                                                                                         
     90.0271
     97.8874
     93.6946
     79.1029
   4 1   2   0.001  -16.0   16.0                                                                                                                                                                         
    194.6841
    225.6917
     79.1029
     78.8633
   4 1   1   0.01     1.0   40.0                                                                                                                                                                         
    105.3180
    105.3055
     78.8633
     78.8633
   4 1   2   0.001  -16.0   16.0                                                                                                                                                                         
    220.6616
    199.2351
     78.8633
     78.8633
   4 1   1   0.01     1.0   40.0                                                                                                                                                                         
    105.3180
    105.3055
     78.8633
     78.8633
   4 1   3   0.01     8.0   40.0                                                                                                                                                                         
     78.0456
     80.2164
     78.8633
     77.7647
   4 1   1   0.01     1.0   40.0                                                                                                                                                                         
     99.8970
    107.3695
     77.7647
     77.5466
   4 1   3   0.01     8.0   40.0                                                                                                                                                                         
     77.6855
     77.9438
     77.5466
     77.5310
   4 1   1   0.01     1.0   40.0                                                                                                                                                                         
    103.0344
    104.1333
     77.5310
     77.5160
   4 1   2   0.001  -16.0   16.0                                                                                                                                                                         
    199.6214
    217.8773
     77.5160
     77.5160
   4 1   1   0.01     1.0   40.0                                                                                                                                                                         
    103.5786
    103.6319
     77.5160
     77.5160
   4 1   2   0.001  -16.0   16.0                                                                                                                                                                         
    199.6214
    217.8773
     77.5160
     77.5160
   4 1   1   0.01     1.0   40.0                                                                                                                                                                         
    103.5786
    103.6319
     77.5160
     77.5160
   4 1   3   0.01     8.0   40.0                                                                                                                                                                         
     77.7642
     77.8039
     77.5160
     77.5156
   4 1   2   0.001  -16.0   16.0                                                                                                                                                                         
    199.1720
    218.3327
     77.5156
     77.8699
    105.5346
    115.1149
     77.5156
     77.8699
     86.4528
     84.6811
     77.5156
     77.5156
   4 1   2   0.001  -16.0   16.0                                                                                                                                                                         
    199.1720
    218.3327
     77.5156
     77.5156
   4 1   1   0.01     1.0   40.0                                                                                                                                                                         
    103.4895
    103.6977
     77.5156
     77.5156
   4 1   3   0.01     8.0   40.0                                                                                                                                                                         
     77.7853
     77.7821
     77.5156
     77.5156
   4 1   2   0.001  -16.0   16.0                                                                                                                                                                         
    199.2843
    218.2188
     77.5156
     77.8812
    105.5909
    115.0582
     77.5156
     77.8812
     86.4867
     84.6585
     77.5156
     77.5156
   4 1   3   0.01     8.0   40.0                                                                                                                                                                         
     77.7799
     77.7875
     77.5156
     77.5156
   4 1   2   0.001  -16.0   16.0                                                                                                                                                                         
    199.1720
    218.3327
     71.2662
     72.7825
     98.2642
     92.8093
     71.2662
     71.2662
   4 1   3   0.01     8.0   40.0                                                                                                                                                                         
     70.7975
     72.1508
     71.2662
     70.7164
   4 1   2   0.001  -16.0   16.0                                                                                                                                                                         
    159.5582
    176.2453
     70.7164
     70.7164
   4 1   1   0.01     1.0   40.0                                                                                                                                                                         
     93.5315
     93.4482
     70.7164
     70.7164
   4 1   3   0.01     8.0   40.0                                                                                                                                                                         
     70.9283
     70.9224
     70.7164
     70.7164
   4 1   2   0.001  -16.0   16.0                                                                                                                                                                         
    159.6424
    176.1599
     70.7164
     70.8623
     90.8832
     99.1419
     70.7164
     70.8623
     76.9854
     76.2555
     70.7164
     70.7164
   4 1   1   0.01     1.0   40.0                                                                                                                                                                         
     93.5451
     93.4393
     70.7164
     70.7164
   4 1   2   0.001  -16.0   16.0                                                                                                                                                                         
    159.6424
    176.1599
     70.7164
     70.8623
     90.8832
     99.1419
     70.7164
     70.8623
     76.9854
     76.2555
     70.7164
     70.7164
   4 1   1   0.01     1.0   40.0                                                                                                                                                                         
     93.5451
     93.4393
     70.7164
     70.7164
   4 1   3   0.01     8.0   40.0                                                                                                                                                                         
     70.9241
     70.9265
     70.7164
     70.7164
   4 1   1   0.01     1.0   40.0                                                                                                                                                                         
     93.5451
     93.4393
     70.7164
     70.7164
   4 1   3   0.01     8.0   40.0                                                                                                                                                                         
     70.9241
     70.9265
     70.7164
     70.7164
   4 1   1   0.01     1.0   40.0                                                                                                                                                                         
     93.5315
     93.4482
     70.7164
     70.7164
   4 1   2   0.001  -16.0   16.0                                                                                                                                                                         
    159.5582
    176.2453
     70.7164
