       0     2.466440     2.466440    20.000000     4.408546     4.410081     0.000000     0.000000   105.318927
       0     2.466440     2.466440     7.095970    24.850985    24.859639     0.000000     0.000000    37.366997
       0     2.466440     2.466440     7.029660    25.085401    25.094137     0.000000     0.000000    37.017812
       0     2.466440     2.466440     6.963340    25.324319    25.333138     0.000001     0.000000    36.668575
       0     2.466440     2.466440     6.897020    25.567831    25.576735     0.000001     0.000000    36.319337
       0     2.466440     2.466440     6.830700    25.816072    25.825062     0.000001     0.000000    35.970100
       0     2.466440     2.466440     6.764390    26.069142    26.078220     0.000001     0.000000    35.620915
       0     2.466440     2.466440     6.698070    26.327262    26.336430     0.000002     0.000000    35.271677
       0     2.466440     2.466440     6.631750    26.590544    26.599804     0.000002     0.000000    34.922440
       0     2.466440     2.466440     6.565430  7192.293048  2311.034575     0.000003     0.000000    34.573202
       0     2.466440     2.466440     6.499120  7265.675437  2334.613875     0.000004     0.000000    34.224017
       0     2.466440     2.466440     6.432800  7340.582102  2358.682957     0.000005     0.000000    33.874780
       0     2.466440     2.466440     6.366480  7417.049381  2383.253498     0.000006     0.000000    33.525542
       0     2.466440     2.466440     6.300160  7495.126559  2408.341332     0.000008     0.000000    33.176305
       0     2.466440     2.466440     6.233850  7574.852866  2433.959066     0.000011     0.000000    32.827120
       0     2.466440     2.466440     6.167530  7656.305934  2460.131645     0.000014     0.000000    32.477882
