  F CC-ref                                                      
    2.4664    2.4664   20.0000
   90.0000   90.0000  120.0446
   1 C     0.19450050000000D+01 -0.73000000000012D-03  0.10000000000000D+02
   2 C     0.52143500000000D+00  0.24671700000000D+01  0.10000000000000D+02

  F CC-70959                                                    
    2.4664    2.4664    7.0227
   90.0000   90.0000  120.0446
   1 C     0.22991900000000D+01 -0.61475750000000D+00  0.17556700000000D+01
   2 C     0.16725000000000D+00  0.30812025000000D+01  0.52670000000000D+01
   3 C     0.87589000000000D+00  0.18526825000000D+01  0.17556700000000D+01
   4 C     0.15905500000000D+01  0.61375250000000D+00  0.52670000000000D+01

  F CC-70296                                                    
    2.4664    2.4664    6.9564
   90.0000   90.0000  120.0446
   1 C     0.22993500000000D+01 -0.61502000000000D+00  0.17390900000000D+01
   2 C     0.16709000000000D+00  0.30814600000000D+01  0.52172700000000D+01
   3 C     0.87578000000000D+00  0.18528800000000D+01  0.17390900000000D+01
   4 C     0.15906600000000D+01  0.61356000000000D+00  0.52172700000000D+01

  F CC-69633                                                    
    2.4664    2.4664    6.8900
   90.0000   90.0000  120.0446
   1 C     0.22993500000000D+01 -0.61502000000000D+00  0.17225100000000D+01
   2 C     0.16709000000000D+00  0.30814600000000D+01  0.51675300000000D+01
   3 C     0.87578000000000D+00  0.18528800000000D+01  0.17225100000000D+01
   4 C     0.15906600000000D+01  0.61356000000000D+00  0.51675300000000D+01

  F CC-68970                                                    
    2.4664    2.4664    6.8237
   90.0000   90.0000  120.0446
   1 C     0.22993500000000D+01 -0.61502000000000D+00  0.17059300000000D+01
   2 C     0.16709000000000D+00  0.30814600000000D+01  0.51177900000000D+01
   3 C     0.87578000000000D+00  0.18528800000000D+01  0.17059300000000D+01
   4 C     0.15906600000000D+01  0.61356000000000D+00  0.51177900000000D+01

  F CC-68307                                                    
    2.4664    2.4664    6.7574
   90.0000   90.0000  120.0446
   1 C     0.22993500000000D+01 -0.61502000000000D+00  0.16893500000000D+01
   2 C     0.16709000000000D+00  0.30814600000000D+01  0.50680500000000D+01
   3 C     0.87578000000000D+00  0.18528800000000D+01  0.16893500000000D+01
   4 C     0.15906600000000D+01  0.61356000000000D+00  0.50680500000000D+01

  F CC-67643                                                    
    2.4664    2.4664    6.6911
   90.0000   90.0000  120.0446
   1 C     0.22993500000000D+01 -0.61502000000000D+00  0.16727700000000D+01
   2 C     0.16709000000000D+00  0.30814600000000D+01  0.50183200000000D+01
   3 C     0.87578000000000D+00  0.18528800000000D+01  0.16727700000000D+01
   4 C     0.15906600000000D+01  0.61356000000000D+00  0.50183200000000D+01

  F CC-67454                                                    
    2.4664    2.4664    6.6721
   90.0000   90.0000  120.0446
   1 C     0.22993500000000D+01 -0.61502000000000D+00  0.16680250000000D+01
   2 C     0.16709000000000D+00  0.30814600000000D+01  0.50040750000000D+01
   3 C     0.87578000000000D+00  0.18528800000000D+01  0.16680250000000D+01
   4 C     0.15906600000000D+01  0.61356000000000D+00  0.50040750000000D+01

  F CC-66980                                                    
    2.4664    2.4664    6.6248
   90.0000   90.0000  120.0446
   1 C     0.22993500000000D+01 -0.61502000000000D+00  0.16561900000000D+01
   2 C     0.16709000000000D+00  0.30814600000000D+01  0.49685800000000D+01
   3 C     0.87578000000000D+00  0.18528800000000D+01  0.16561900000000D+01
   4 C     0.15906600000000D+01  0.61356000000000D+00  0.49685800000000D+01

  F CC-66317                                                    
    2.4664    2.4664    6.5584
   90.0000   90.0000  120.0446
   1 C     0.22993500000000D+01 -0.61502000000000D+00  0.16396100000000D+01
   2 C     0.16709000000000D+00  0.30814600000000D+01  0.49188400000000D+01
   3 C     0.87578000000000D+00  0.18528800000000D+01  0.16396100000000D+01
   4 C     0.15906600000000D+01  0.61356000000000D+00  0.49188400000000D+01

  F CC-65654                                                    
    2.4664    2.4664    6.4921
   90.0000   90.0000  120.0446
   1 C     0.22993500000000D+01 -0.61502000000000D+00  0.16230300000000D+01
   2 C     0.16709000000000D+00  0.30814600000000D+01  0.48691000000000D+01
   3 C     0.87578000000000D+00  0.18528800000000D+01  0.16230300000000D+01
   4 C     0.15906600000000D+01  0.61356000000000D+00  0.48691000000000D+01

  F CC-64991                                                    
    2.4664    2.4664    6.4258
   90.0000   90.0000  120.0446
   1 C     0.22993500000000D+01 -0.61502000000000D+00  0.16064600000000D+01
   2 C     0.16709000000000D+00  0.30814600000000D+01  0.48193600000000D+01
   3 C     0.87578000000000D+00  0.18528800000000D+01  0.16064600000000D+01
   4 C     0.15906600000000D+01  0.61356000000000D+00  0.48193600000000D+01

  F CC-64327                                                    
    2.4664    2.4664    6.3595
   90.0000   90.0000  120.0446
   1 C     0.22993500000000D+01 -0.61502000000000D+00  0.15898800000000D+01
   2 C     0.16709000000000D+00  0.30814600000000D+01  0.47696200000000D+01
   3 C     0.87578000000000D+00  0.18528800000000D+01  0.15898800000000D+01
   4 C     0.15906600000000D+01  0.61356000000000D+00  0.47696200000000D+01

  F CC-63664                                                    
    2.4664    2.4664    6.2932
   90.0000   90.0000  120.0446
   1 C     0.22993500000000D+01 -0.61502000000000D+00  0.15732950000000D+01
   2 C     0.16709000000000D+00  0.30814600000000D+01  0.47198850000000D+01
   3 C     0.87578000000000D+00  0.18528800000000D+01  0.15732950000000D+01
   4 C     0.15906600000000D+01  0.61356000000000D+00  0.47198850000000D+01

  F CC-63001                                                    
    2.4664    2.4664    6.2269
   90.0000   90.0000  120.0446
   1 C     0.22993500000000D+01 -0.61502000000000D+00  0.15567200000000D+01
   2 C     0.16709000000000D+00  0.30814600000000D+01  0.46701400000000D+01
   3 C     0.87578000000000D+00  0.18528800000000D+01  0.15567200000000D+01
   4 C     0.15906600000000D+01  0.61356000000000D+00  0.46701400000000D+01

  F CC-62338                                                    
    2.4664    2.4664    6.1605
   90.0000   90.0000  120.0446
   1 C     0.22993500000000D+01 -0.61502000000000D+00  0.15401400000000D+01
   2 C     0.16709000000000D+00  0.30814600000000D+01  0.46204100000000D+01
   3 C     0.87578000000000D+00  0.18528800000000D+01  0.15401400000000D+01
   4 C     0.15906600000000D+01  0.61356000000000D+00  0.46204100000000D+01

  F CC-61675                                                    
    2.4664    2.4664    6.0942
   90.0000   90.0000  120.0446
   1 C     0.22993500000000D+01 -0.61502000000000D+00  0.15235600000000D+01
   2 C     0.16709000000000D+00  0.30814600000000D+01  0.45706700000000D+01
   3 C     0.87578000000000D+00  0.18528800000000D+01  0.15235600000000D+01
   4 C     0.15906600000000D+01  0.61356000000000D+00  0.45706700000000D+01

