9706131.2492
7991474.2439
8827478.5008
7926436.3181
7607486.0836
8583650.2994
7926436.3179
7556724.7891
7537697.9352
7575756.4862
7556724.7891
7507186.7214
************
************
************
************
************
************
************
************
9991353.4629
************
************
9991353.4629
************
9061571.4368
9991353.4629
8989157.6183
9915293.8232
8108594.1866
8989157.6183
8023044.3462
7998987.0153
8047104.8024
8023044.3462
7960932.1820
8837367.3018
7130446.1598
7960932.1820
7065992.2787
7892802.3732
6285131.2827
7065992.2787
6209572.3831
6257726.8692
6443300.1837
6209572.3831
6198223.8345
6323099.3206
6329543.8940
6198223.8345
6198347.9394
6232932.0293
6227101.7694
6198223.8345
6198085.3597
6317607.9129
6336511.3908
6198085.3597
6198372.1676
6229940.3655
6230249.9774
6198085.3597
6198091.2930
6206562.5807
6205583.9587
6198085.3597
6198071.8514
6315802.5044
6338877.9731
6198071.8514
6198372.1676
6228971.6164
6231337.1591
6198071.8514
6198091.2930
6206055.0870
6206100.6978
6198071.8514
6198073.6931
6200164.2104
6199981.1427
6198071.8514
6198071.0326
6175898.4143
6220242.9248
6198071.0326
6175898.4143
6153724.1379
6198071.0326
6175898.4143
6153724.1379
6131547.2633
6175898.4143
6153724.1379
6131547.2633
6109366.8420
6153724.1379
6131547.2633
6109366.8420
6087181.9137
6131547.2633
6109366.8420
6087181.9137
6064991.5100
6109366.8420
6087181.9137
6064991.5100
6839765.0973
5337109.7747
6064991.5100
5252915.0989
5975169.8119
4577552.2391
5252915.0989
4512595.0055
5183268.6796
3888813.1834
4512595.0055
3817110.4978
3961053.7167
3911465.9606
3817110.4978
3814581.3433
3793623.9221
3835564.8587
3814581.3433
3761440.3568
4377962.8016
3192176.6282
3761440.3568
3127040.7664
3107136.4226
3146980.2081
3127040.7664
3076828.2564
3057009.0646
3096680.5579
3076828.2564
3027064.0628
3586049.9724
2516091.0935
3027064.0628
2458000.8066
2963212.2234
2000802.3298
2458000.8066
1940625.9756
1923582.6500
1957726.9216
1940625.9756
1898124.4910
2345356.1983
1499287.2035
1898124.4910
1454678.8340
1847708.7911
1110043.2971
1454678.8340
1059392.6134
1203037.4427
1092618.4270
1059392.6134
1047639.2570
1142665.7081
1151642.3163
1047639.2570
1047871.7560
1074758.3363
1069524.0888
1047639.2570
1047486.2400
1138231.2064
1157821.5259
1047486.2400
1047871.7560
1072282.8029
1072197.2597
1047486.2400
1047479.9687
1137894.0077
1158305.3011
1047479.9687
1047897.5448
1072096.9513
1072409.6517
1047479.9687
1047486.2400
1054181.5392
1053117.5895
1047479.9687
1047460.4552
1032658.2356
1062379.8495
1047460.4552
1010848.5796
 996336.2064
1025477.1746
1010848.5796
 975127.5877
 960901.5373
 989469.0431
 975127.5877
 940282.1507
 926339.2670
 954339.7653
 940282.1507
 906325.4076
 892662.6823
 920102.3376
 906325.4076
 873215.5377
 859830.5792
 886714.3297
 873215.5377
 840913.9939
1151057.5763
 581643.6223
 840913.9939
 549405.4525
 801553.5746
 348130.5416
 549405.4525
 320647.5898
 513782.7871
 178385.6036
 320647.5898
 160344.7197
 268844.0486
 160548.7098
 160344.7197
 143317.8959
 136911.6310
 149964.8196
 143317.8959
 128264.8918
 257249.7830
  50546.6861
 128264.8918
  42869.3216
  40600.1812
  45410.5181
  42869.3216
  37878.8569
  36267.4247
  39764.8755
  37878.8569
  34485.8820
  89003.4909
  32178.0248
  34485.8820
  26755.1879
  53079.5310
  52640.5966
  26755.1879
  26755.1879
  27620.6979
  26182.5976
  26755.1879
  25870.5152
  60001.1053
  43476.4325
  25870.5152
  25210.7686
  51063.5175
  51094.5272
  25210.7686
  25210.7686
  92105.8161
  49434.2825
  25210.7686
  20231.5552
  71164.3209
  77134.2432
  20231.5552
  20548.9019
  36607.9313
  29886.4452
  20231.5552
  19811.8412
  65922.0746
  86664.6193
  19811.8412
  20523.5943
  33364.3988
  33546.3567
  19811.8412
  19811.8412
  65922.0746
  86664.6193
  19811.8412
  20548.9019
  33364.3988
  33546.3567
  19811.8412
  19818.3762
  23774.7479
  22611.3340
  19811.8412
  19770.3312
  19428.3875
  20452.9749
  19770.3312
  19385.5290
  19558.1535
  19555.3383
  19385.5290
  19385.5269
  19556.7792
  19556.7036
  19385.5269
  19385.5269
  19556.7792
  19556.7036
  19385.5269
  19385.5269
  19556.7792
  19556.7036
  19385.5269
  19385.5269
  19556.7792
  19556.7036
  19385.5269
  19385.5269
  42778.0177
  47888.8286
  19385.5269
  19324.8273
  44793.1498
  45752.2973
  19324.8273
  19324.8273
  44793.1498
  45752.2973
  19324.8273
  19325.6150
  25572.0145
  26051.5883
  19324.8273
  19325.6150
  20954.2159
  20934.5238
  19324.8273
  19324.8273
  66936.4091
  80144.9002
  19324.8273
  19895.2016
  34027.1883
  30802.9432
  19324.8273
  19171.9269
  19078.4002
  19611.7550
  19171.9269
  19069.1838
  42212.4595
  47963.0681
  19069.1838
  18990.3324
  18948.7694
  19377.2772
  18990.3324
  18923.7978
  19097.0106
  19096.7519
  18923.7978
  18923.7978
  43035.3074
  46980.3503
  18923.7978
  18886.6314
  45084.8635
  44856.4614
  18886.6314
  18886.6314
  18915.8140
  19202.3717
  18886.6314
  18856.7992
  43613.7008
  46355.6320
  18856.7992
  18839.8310
  44641.8473
  45293.5491
  18839.8310
  18843.7651
  25208.8724
  25534.7233
  18839.8310
  18843.7651
  20521.3536
  20423.0004
  18839.8310
  18839.8310
  67478.2868
  75114.5930
  18839.8310
  19218.7201
  34324.5886
  28687.1438
  18839.8310
  18509.7065
  63058.1468
  83230.4458
  18509.7065
  19243.5060
  31597.8154
  31820.9614
  18509.7065
  18515.9401
  22332.5541
  21229.5492
  18509.7065
  18470.4361
  61519.0725
  86291.3292
  18470.4361
  19218.7201
  30678.6179
  33053.8712
  18470.4361
  18515.9401
  21813.2332
  21767.9038
  18470.4361
  18468.8294
  61366.3271
  86602.2029
  18468.8294
  19218.7201
  30588.3092
  33180.5159
  18468.8294
  18522.5906
  21763.2305
  21824.5314
  18468.8294
  18470.4361
  19373.2659
  19223.5885
  18468.8294
  18466.8896
  18252.5115
  19039.3314
  18466.8896
  18250.8156
  18431.7942
  18429.3186
  18250.8156
  18250.8145
  18430.3524
  18430.7527
  18250.8145
  18250.8145
  18430.3524
  18430.7527
  18250.8145
  18250.8145
  18430.3524
  18430.7527
  18250.8145
  18250.8143
  18431.0726
  18430.0349
  18250.8143
  18250.8145
  41066.7731
  47873.2814
  18250.8145
  18141.0084
  44103.2726
  44617.1698
  18141.0084
  18146.3571
  24567.3372
  24824.2859
  18141.0084
  18146.3571
  19846.6205
  19712.9027
  18141.0084
  18141.0084
