       0     2.466440     2.466440    20.000000     1.739119     1.741389     0.000000     0.000000   105.318927
       0     2.466440     2.466440     7.095970     9.782704     9.790287    -0.302843     0.000000    37.366997
       0     2.466440     2.466440     7.029660     9.874538     9.882019    -0.305263     0.000000    37.017812
       0     2.466440     2.466440     6.963340     9.968179     9.975555    -0.306743     0.000000    36.668575
       0     2.466440     2.466440     6.897020    10.063678    10.070944    -0.307126     0.000000    36.319337
       0     2.466440     2.466440     6.830700    10.161099    10.168254    -0.306236     0.000000    35.970100
       0     2.466440     2.466440     6.764390    10.260498    10.267541    -0.303876     0.000000    35.620915
       0     2.466440     2.466440     6.698070    10.361981    10.368909    -0.299823     0.000000    35.271677
       0     2.466440     2.466440     6.631750    10.465613    10.472427    -0.293828     0.000000    34.922440
       0     2.466440     2.466440     6.565430  7189.863483  2312.688978    -0.329764     0.000000    34.573202
       0     2.466440     2.466440     6.499120  7263.220900  2336.283854    -0.319881     0.000000    34.224017
       0     2.466440     2.466440     6.432800  7338.102082  2360.368826    -0.307108     0.000000    33.874780
       0     2.466440     2.466440     6.366480  7414.543356  2384.955579    -0.291058     0.000000    33.525542
       0     2.466440     2.466440     6.300160  7492.593991  2410.059962    -0.271300     0.000000    33.176305
       0     2.466440     2.466440     6.233850  7572.293204  2435.694593    -0.247357     0.000000    32.827120
       0     2.466440     2.466440     6.167530  7653.718599  2461.884434    -0.218689     0.000000    32.477882
