  F CC-ref                                                      
    2.4664    2.4664   20.0000
   90.0000   90.0000  120.0446
   1 C     0.194500500000000D+01-0.730000000000119D-03 0.100000000000000D+02
   2 C     0.521435000000000D+00 0.246717000000000D+01 0.100000000000000D+02

  F CC-70959                                                    
    2.4664    2.4664    7.0960
   90.0000   90.0000  120.0446
   1 C     0.229935000000000D+01-0.615020000000000D+00 0.177399000000000D+01
   2 C     0.167090000000000D+00 0.308146000000000D+01 0.532198000000000D+01
   3 C     0.875780000000000D+00 0.185288000000000D+01 0.177399000000000D+01
   4 C     0.159066000000000D+01 0.613560000000000D+00 0.532198000000000D+01

  F CC-70296                                                    
    2.4664    2.4664    7.0297
   90.0000   90.0000  120.0446
   1 C     0.229935000000000D+01-0.615020000000000D+00 0.175742000000000D+01
   2 C     0.167090000000000D+00 0.308146000000000D+01 0.527224000000000D+01
   3 C     0.875780000000000D+00 0.185288000000000D+01 0.175742000000000D+01
   4 C     0.159066000000000D+01 0.613560000000000D+00 0.527224000000000D+01

  F CC-69633                                                    
    2.4664    2.4664    6.9633
   90.0000   90.0000  120.0446
   1 C     0.229935000000000D+01-0.615020000000000D+00 0.174084000000000D+01
   2 C     0.167090000000000D+00 0.308146000000000D+01 0.522250000000000D+01
   3 C     0.875780000000000D+00 0.185288000000000D+01 0.174084000000000D+01
   4 C     0.159066000000000D+01 0.613560000000000D+00 0.522250000000000D+01

  F CC-68970                                                    
    2.4664    2.4664    6.8970
   90.0000   90.0000  120.0446
   1 C     0.229935000000000D+01-0.615020000000000D+00 0.172425500000000D+01
   2 C     0.167090000000000D+00 0.308146000000000D+01 0.517276500000000D+01
   3 C     0.875780000000000D+00 0.185288000000000D+01 0.172425500000000D+01
   4 C     0.159066000000000D+01 0.613560000000000D+00 0.517276500000000D+01

  F CC-68307                                                    
    2.4664    2.4664    6.8307
   90.0000   90.0000  120.0446
   1 C     0.229935000000000D+01-0.615020000000000D+00 0.170767500000000D+01
   2 C     0.167090000000000D+00 0.308146000000000D+01 0.512302500000000D+01
   3 C     0.875780000000000D+00 0.185288000000000D+01 0.170767500000000D+01
   4 C     0.159066000000000D+01 0.613560000000000D+00 0.512302500000000D+01

  F CC-67643                                                    
    2.4664    2.4664    6.7644
   90.0000   90.0000  120.0446
   1 C     0.229935000000000D+01-0.615020000000000D+00 0.169110000000000D+01
   2 C     0.167090000000000D+00 0.308146000000000D+01 0.507329000000000D+01
   3 C     0.875780000000000D+00 0.185288000000000D+01 0.169110000000000D+01
   4 C     0.159066000000000D+01 0.613560000000000D+00 0.507329000000000D+01

  F CC-66980                                                    
    2.4664    2.4664    6.6981
   90.0000   90.0000  120.0446
   1 C     0.229935000000000D+01-0.615020000000000D+00 0.167452000000000D+01
   2 C     0.167090000000000D+00 0.308146000000000D+01 0.502355000000000D+01
   3 C     0.875780000000000D+00 0.185288000000000D+01 0.167452000000000D+01
   4 C     0.159066000000000D+01 0.613560000000000D+00 0.502355000000000D+01

  F CC-66317                                                    
    2.4664    2.4664    6.6318
   90.0000   90.0000  120.0446
   1 C     0.229935000000000D+01-0.615020000000000D+00 0.165794000000000D+01
   2 C     0.167090000000000D+00 0.308146000000000D+01 0.497381000000000D+01
   3 C     0.875780000000000D+00 0.185288000000000D+01 0.165794000000000D+01
   4 C     0.159066000000000D+01 0.613560000000000D+00 0.497381000000000D+01

  F CC-65654                                                    
    2.4664    2.4664    6.5654
   90.0000   90.0000  120.0446
   1 C     0.308146000000000D+01 0.167092500000000D+00 0.164135500000000D+01
   2 C    -0.615020000000000D+00 0.229934250000000D+01 0.492407500000000D+01
   3 C     0.613560000000000D+00 0.159066250000000D+01 0.164135500000000D+01
   4 C     0.185288000000000D+01 0.875782500000000D+00 0.492407500000000D+01

  F CC-64991                                                    
    2.4664    2.4664    6.4991
   90.0000   90.0000  120.0446
   1 C     0.308146000000000D+01 0.167092500000000D+00 0.162478000000000D+01
   2 C    -0.615020000000000D+00 0.229934250000000D+01 0.487434000000000D+01
   3 C     0.613560000000000D+00 0.159066250000000D+01 0.162478000000000D+01
   4 C     0.185288000000000D+01 0.875782500000000D+00 0.487434000000000D+01

  F CC-64327                                                    
    2.4664    2.4664    6.4328
   90.0000   90.0000  120.0446
   1 C     0.308146000000000D+01 0.167092500000000D+00 0.160820000000000D+01
   2 C    -0.615020000000000D+00 0.229934250000000D+01 0.482460000000000D+01
   3 C     0.613560000000000D+00 0.159066250000000D+01 0.160820000000000D+01
   4 C     0.185288000000000D+01 0.875782500000000D+00 0.482460000000000D+01

  F CC-63664                                                    
    2.4664    2.4664    6.3665
   90.0000   90.0000  120.0446
   1 C     0.308146000000000D+01 0.167092500000000D+00 0.159162000000000D+01
   2 C    -0.615020000000000D+00 0.229934250000000D+01 0.477486000000000D+01
   3 C     0.613560000000000D+00 0.159066250000000D+01 0.159162000000000D+01
   4 C     0.185288000000000D+01 0.875782500000000D+00 0.477486000000000D+01

  F CC-63001                                                    
    2.4664    2.4664    6.3002
   90.0000   90.0000  120.0446
   1 C     0.308146000000000D+01 0.167092500000000D+00 0.157504000000000D+01
   2 C    -0.615020000000000D+00 0.229934250000000D+01 0.472512000000000D+01
   3 C     0.613560000000000D+00 0.159066250000000D+01 0.157504000000000D+01
   4 C     0.185288000000000D+01 0.875782500000000D+00 0.472512000000000D+01

  F CC-62338                                                    
    2.4664    2.4664    6.2339
   90.0000   90.0000  120.0446
   1 C     0.308146000000000D+01 0.167092500000000D+00 0.155846000000000D+01
   2 C    -0.615020000000000D+00 0.229934250000000D+01 0.467539000000000D+01
   3 C     0.613560000000000D+00 0.159066250000000D+01 0.155846000000000D+01
   4 C     0.185288000000000D+01 0.875782500000000D+00 0.467539000000000D+01

  F CC-61675                                                    
    2.4664    2.4664    6.1675
   90.0000   90.0000  120.0446
   1 C     0.308146000000000D+01 0.167092500000000D+00 0.154188000000000D+01
   2 C    -0.615020000000000D+00 0.229934250000000D+01 0.462565000000000D+01
   3 C     0.613560000000000D+00 0.159066250000000D+01 0.154188000000000D+01
   4 C     0.185288000000000D+01 0.875782500000000D+00 0.462565000000000D+01

