Energy +CC-70959/  4 -CC-ref/  2                                 -0.4371     -1.1932      1.0000      0.5717      0.5717
Energy +CC-70296/  4 -CC-ref/  2                                 -0.4484     -1.2076      1.0000      0.5764      1.1482
Energy +CC-69633/  4 -CC-ref/  2                                 -0.4582     -1.2199      1.0000      0.5802      1.7284
Energy +CC-68970/  4 -CC-ref/  2                                 -0.4660     -1.2294      1.0000      0.5828      2.3112
Energy +CC-68307/  4 -CC-ref/  2                                 -0.4714     -1.2361      1.0000      0.5847      2.8959
Energy +CC-67643/  4 -CC-ref/  2                                 -0.4739     -1.2393      1.0000      0.5858      3.4817
Energy +CC-66980/  4 -CC-ref/  2                                 -0.4729     -1.2385      1.0000      0.5861      4.0678
Energy +CC-66317/  4 -CC-ref/  2                                 -0.4676     -1.2334      1.0000      0.5864      4.6542
Energy +CC-65654/  4 -CC-ref/  2                                 -0.4572     -1.2231      1.0000      0.5865      5.2406
Energy +CC-64991/  4 -CC-ref/  2                                 -0.4408     -1.2070      1.0000      0.5870      5.8276
Energy +CC-64327/  4 -CC-ref/  2                                 -0.4173     -1.1842      1.0000      0.5881      6.4157
Energy +CC-63664/  4 -CC-ref/  2                                 -0.3854     -1.1541      1.0000      0.5910      7.0068
Energy +CC-63001/  4 -CC-ref/  2                                 -0.3435     -1.1158      1.0000      0.5964      7.6032
Energy +CC-62338/  4 -CC-ref/  2                                 -0.2902     -1.0682      1.0000      0.6053      8.2085
Energy +CC-61675/  4 -CC-ref/  2                                 -0.2233     -1.0101      1.0000      0.6190      8.8275
