Automatically generated mesh
     125
Reciprocal lattice
    0.00000000000000    0.00000000000000    0.00000000000000             1
    0.12500000000000    0.00000000000000    0.00000000000000             2
    0.25000000000000    0.00000000000000    0.00000000000000             2
    0.37500000000000    0.00000000000000    0.00000000000000             2
    0.50000000000000    0.00000000000000    0.00000000000000             1
    0.00000000000000    0.12500000000000    0.00000000000000             2
    0.12500000000000    0.12500000000000    0.00000000000000             4
    0.25000000000000    0.12500000000000    0.00000000000000             4
    0.37500000000000    0.12500000000000    0.00000000000000             4
    0.50000000000000    0.12500000000000    0.00000000000000             2
    0.00000000000000    0.25000000000000    0.00000000000000             2
    0.12500000000000    0.25000000000000    0.00000000000000             4
    0.25000000000000    0.25000000000000    0.00000000000000             4
    0.37500000000000    0.25000000000000    0.00000000000000             4
    0.50000000000000    0.25000000000000    0.00000000000000             2
    0.00000000000000    0.37500000000000    0.00000000000000             2
    0.12500000000000    0.37500000000000    0.00000000000000             4
    0.25000000000000    0.37500000000000    0.00000000000000             4
    0.37500000000000    0.37500000000000    0.00000000000000             4
    0.50000000000000    0.37500000000000    0.00000000000000             2
    0.00000000000000    0.50000000000000    0.00000000000000             1
    0.12500000000000    0.50000000000000    0.00000000000000             2
    0.25000000000000    0.50000000000000    0.00000000000000             2
    0.37500000000000    0.50000000000000    0.00000000000000             2
    0.50000000000000    0.50000000000000    0.00000000000000             1
    0.00000000000000    0.00000000000000    0.12500000000000             2
    0.12500000000000    0.00000000000000    0.12500000000000             4
    0.25000000000000    0.00000000000000    0.12500000000000             4
    0.37500000000000    0.00000000000000    0.12500000000000             4
    0.50000000000000    0.00000000000000    0.12500000000000             2
    0.00000000000000    0.12500000000000    0.12500000000000             4
    0.12500000000000    0.12500000000000    0.12500000000000             8
    0.25000000000000    0.12500000000000    0.12500000000000             8
    0.37500000000000    0.12500000000000    0.12500000000000             8
    0.50000000000000    0.12500000000000    0.12500000000000             4
    0.00000000000000    0.25000000000000    0.12500000000000             4
    0.12500000000000    0.25000000000000    0.12500000000000             8
    0.25000000000000    0.25000000000000    0.12500000000000             8
    0.37500000000000    0.25000000000000    0.12500000000000             8
    0.50000000000000    0.25000000000000    0.12500000000000             4
    0.00000000000000    0.37500000000000    0.12500000000000             4
    0.12500000000000    0.37500000000000    0.12500000000000             8
    0.25000000000000    0.37500000000000    0.12500000000000             8
    0.37500000000000    0.37500000000000    0.12500000000000             8
    0.50000000000000    0.37500000000000    0.12500000000000             4
    0.00000000000000    0.50000000000000    0.12500000000000             2
    0.12500000000000    0.50000000000000    0.12500000000000             4
    0.25000000000000    0.50000000000000    0.12500000000000             4
    0.37500000000000    0.50000000000000    0.12500000000000             4
    0.50000000000000    0.50000000000000    0.12500000000000             2
    0.00000000000000    0.00000000000000    0.25000000000000             2
    0.12500000000000    0.00000000000000    0.25000000000000             4
    0.25000000000000    0.00000000000000    0.25000000000000             4
    0.37500000000000    0.00000000000000    0.25000000000000             4
    0.50000000000000    0.00000000000000    0.25000000000000             2
    0.00000000000000    0.12500000000000    0.25000000000000             4
    0.12500000000000    0.12500000000000    0.25000000000000             8
    0.25000000000000    0.12500000000000    0.25000000000000             8
    0.37500000000000    0.12500000000000    0.25000000000000             8
    0.50000000000000    0.12500000000000    0.25000000000000             4
    0.00000000000000    0.25000000000000    0.25000000000000             4
    0.12500000000000    0.25000000000000    0.25000000000000             8
    0.25000000000000    0.25000000000000    0.25000000000000             8
    0.37500000000000    0.25000000000000    0.25000000000000             8
    0.50000000000000    0.25000000000000    0.25000000000000             4
    0.00000000000000    0.37500000000000    0.25000000000000             4
    0.12500000000000    0.37500000000000    0.25000000000000             8
    0.25000000000000    0.37500000000000    0.25000000000000             8
    0.37500000000000    0.37500000000000    0.25000000000000             8
    0.50000000000000    0.37500000000000    0.25000000000000             4
    0.00000000000000    0.50000000000000    0.25000000000000             2
    0.12500000000000    0.50000000000000    0.25000000000000             4
    0.25000000000000    0.50000000000000    0.25000000000000             4
    0.37500000000000    0.50000000000000    0.25000000000000             4
    0.50000000000000    0.50000000000000    0.25000000000000             2
    0.00000000000000    0.00000000000000    0.37500000000000             2
    0.12500000000000    0.00000000000000    0.37500000000000             4
    0.25000000000000    0.00000000000000    0.37500000000000             4
    0.37500000000000    0.00000000000000    0.37500000000000             4
    0.50000000000000    0.00000000000000    0.37500000000000             2
    0.00000000000000    0.12500000000000    0.37500000000000             4
    0.12500000000000    0.12500000000000    0.37500000000000             8
    0.25000000000000    0.12500000000000    0.37500000000000             8
    0.37500000000000    0.12500000000000    0.37500000000000             8
    0.50000000000000    0.12500000000000    0.37500000000000             4
    0.00000000000000    0.25000000000000    0.37500000000000             4
    0.12500000000000    0.25000000000000    0.37500000000000             8
    0.25000000000000    0.25000000000000    0.37500000000000             8
    0.37500000000000    0.25000000000000    0.37500000000000             8
    0.50000000000000    0.25000000000000    0.37500000000000             4
    0.00000000000000    0.37500000000000    0.37500000000000             4
    0.12500000000000    0.37500000000000    0.37500000000000             8
    0.25000000000000    0.37500000000000    0.37500000000000             8
    0.37500000000000    0.37500000000000    0.37500000000000             8
    0.50000000000000    0.37500000000000    0.37500000000000             4
    0.00000000000000    0.50000000000000    0.37500000000000             2
    0.12500000000000    0.50000000000000    0.37500000000000             4
    0.25000000000000    0.50000000000000    0.37500000000000             4
    0.37500000000000    0.50000000000000    0.37500000000000             4
    0.50000000000000    0.50000000000000    0.37500000000000             2
    0.00000000000000    0.00000000000000    0.50000000000000             1
    0.12500000000000    0.00000000000000    0.50000000000000             2
    0.25000000000000    0.00000000000000    0.50000000000000             2
    0.37500000000000    0.00000000000000    0.50000000000000             2
    0.50000000000000    0.00000000000000    0.50000000000000             1
    0.00000000000000    0.12500000000000    0.50000000000000             2
    0.12500000000000    0.12500000000000    0.50000000000000             4
    0.25000000000000    0.12500000000000    0.50000000000000             4
    0.37500000000000    0.12500000000000    0.50000000000000             4
    0.50000000000000    0.12500000000000    0.50000000000000             2
    0.00000000000000    0.25000000000000    0.50000000000000             2
    0.12500000000000    0.25000000000000    0.50000000000000             4
    0.25000000000000    0.25000000000000    0.50000000000000             4
    0.37500000000000    0.25000000000000    0.50000000000000             4
    0.50000000000000    0.25000000000000    0.50000000000000             2
    0.00000000000000    0.37500000000000    0.50000000000000             2
    0.12500000000000    0.37500000000000    0.50000000000000             4
    0.25000000000000    0.37500000000000    0.50000000000000             4
    0.37500000000000    0.37500000000000    0.50000000000000             4
    0.50000000000000    0.37500000000000    0.50000000000000             2
    0.00000000000000    0.50000000000000    0.50000000000000             1
    0.12500000000000    0.50000000000000    0.50000000000000             2
    0.25000000000000    0.50000000000000    0.50000000000000             2
    0.37500000000000    0.50000000000000    0.50000000000000             2
    0.50000000000000    0.50000000000000    0.50000000000000             1
Tetrahedra
      1536    0.00032552083333
         2         1         2         7        26
         2         1         6         7        26
         2         6         7        26        31
         2         2         7        26        27
         2         7        26        27        32
         2         7        26        31        32
         2         2         3         8        27
         2         2         7         8        27
         2         7         8        27        32
         2         3         8        27        28
         2         8        27        28        33
         2         8        27        32        33
         2         3         4         9        28
         2         3         8         9        28
         2         8         9        28        33
         2         4         9        28        29
         2         9        28        29        34
         2         9        28        33        34
         2         4         5        10        29
         2         4         9        10        29
         2         9        10        29        34
         2         5        10        29        30
         2        10        29        30        35
         2        10        29        34        35
         2         4         5         9        30
         2         5         9        10        30
         2         9        10        30        35
         2         4         9        29        30
         2         9        29        30        34
         2         9        30        34        35
         2         3         4         8        29
         2         4         8         9        29
         2         8         9        29        34
         2         3         8        28        29
         2         8        28        29        33
         2         8        29        33        34
         2         2         3         7        28
         2         3         7         8        28
         2         7         8        28        33
         2         2         7        27        28
         2         7        27        28        32
         2         7        28        32        33
         2         1         2         6        27
         2         2         6         7        27
         2         6         7        27        32
         2         1         6        26        27
         2         6        26        27        31
         2         6        27        31        32
         2         6         7        12        31
         2         6        11        12        31
         2        11        12        31        36
         2         7        12        31        32
         2        12        31        32        37
         2        12        31        36        37
         2         7         8        13        32
         2         7        12        13        32
         2        12        13        32        37
         2         8        13        32        33
         2        13        32        33        38
         2        13        32        37        38
         2         8         9        14        33
         2         8        13        14        33
         2        13        14        33        38
         2         9        14        33        34
         2        14        33        34        39
         2        14        33        38        39
         2         9        10        15        34
         2         9        14        15        34
         2        14        15        34        39
         2        10        15        34        35
         2        15        34        35        40
         2        15        34        39        40
         2         9        10        14        35
         2        10        14        15        35
         2        14        15        35        40
         2         9        14        34        35
         2        14        34        35        39
         2        14        35        39        40
         2         8         9        13        34
         2         9        13        14        34
         2        13        14        34        39
         2         8        13        33        34
         2        13        33        34        38
         2        13        34        38        39
         2         7         8        12        33
         2         8        12        13        33
         2        12        13        33        38
         2         7        12        32        33
         2        12        32        33        37
         2        12        33        37        38
         2         6         7        11        32
         2         7        11        12        32
         2        11        12        32        37
         2         6        11        31        32
         2        11        31        32        36
         2        11        32        36        37
         2        11        12        17        36
         2        11        16        17        36
         2        16        17        36        41
         2        12        17        36        37
         2        17        36        37        42
         2        17        36        41        42
         2        12        13        18        37
         2        12        17        18        37
         2        17        18        37        42
         2        13        18        37        38
         2        18        37        38        43
         2        18        37        42        43
         2        13        14        19        38
         2        13        18        19        38
         2        18        19        38        43
         2        14        19        38        39
         2        19        38        39        44
         2        19        38        43        44
         2        14        15        20        39
         2        14        19        20        39
         2        19        20        39        44
         2        15        20        39        40
         2        20        39        40        45
         2        20        39        44        45
         2        14        15        19        40
         2        15        19        20        40
         2        19        20        40        45
         2        14        19        39        40
         2        19        39        40        44
         2        19        40        44        45
         2        13        14        18        39
         2        14        18        19        39
         2        18        19        39        44
         2        13        18        38        39
         2        18        38        39        43
         2        18        39        43        44
         2        12        13        17        38
         2        13        17        18        38
         2        17        18        38        43
         2        12        17        37        38
         2        17        37        38        42
         2        17        38        42        43
         2        11        12        16        37
         2        12        16        17        37
         2        16        17        37        42
         2        11        16        36        37
         2        16        36        37        41
         2        16        37        41        42
         2        16        17        22        41
         2        16        21        22        41
         2        21        22        41        46
         2        17        22        41        42
         2        22        41        42        47
         2        22        41        46        47
         2        17        18        23        42
         2        17        22        23        42
         2        22        23        42        47
         2        18        23        42        43
         2        23        42        43        48
         2        23        42        47        48
         2        18        19        24        43
         2        18        23        24        43
         2        23        24        43        48
         2        19        24        43        44
         2        24        43        44        49
         2        24        43        48        49
         2        19        20        25        44
         2        19        24        25        44
         2        24        25        44        49
         2        20        25        44        45
         2        25        44        45        50
         2        25        44        49        50
         2        19        20        24        45
         2        20        24        25        45
         2        24        25        45        50
         2        19        24        44        45
         2        24        44        45        49
         2        24        45        49        50
         2        18        19        23        44
         2        19        23        24        44
         2        23        24        44        49
         2        18        23        43        44
         2        23        43        44        48
         2        23        44        48        49
         2        17        18        22        43
         2        18        22        23        43
         2        22        23        43        48
         2        17        22        42        43
         2        22        42        43        47
         2        22        43        47        48
         2        16        17        21        42
         2        17        21        22        42
         2        21        22        42        47
         2        16        21        41        42
         2        21        41        42        46
         2        21        42        46        47
         2        17        21        22        46
         2        16        17        21        46
         2        16        17        41        46
         2        17        22        46        47
         2        17        42        46        47
         2        17        41        42        46
         2        18        22        23        47
         2        17        18        22        47
         2        17        18        42        47
         2        18        23        47        48
         2        18        43        47        48
         2        18        42        43        47
         2        19        23        24        48
         2        18        19        23        48
         2        18        19        43        48
         2        19        24        48        49
         2        19        44        48        49
         2        19        43        44        48
         2        20        24        25        49
         2        19        20        24        49
         2        19        20        44        49
         2        20        25        49        50
         2        20        45        49        50
         2        20        44        45        49
         2        19        24        25        50
         2        19        20        25        50
         2        19        20        45        50
         2        19        24        49        50
         2        19        44        49        50
         2        19        44        45        50
         2        18        23        24        49
         2        18        19        24        49
         2        18        19        44        49
         2        18        23        48        49
         2        18        43        48        49
         2        18        43        44        49
         2        17        22        23        48
         2        17        18        23        48
         2        17        18        43        48
         2        17        22        47        48
         2        17        42        47        48
         2        17        42        43        48
         2        16        21        22        47
         2        16        17        22        47
         2        16        17        42        47
         2        16        21        46        47
         2        16        41        46        47
         2        16        41        42        47
         2        12        16        17        41
         2        11        12        16        41
         2        11        12        36        41
         2        12        17        41        42
         2        12        37        41        42
         2        12        36        37        41
         2        13        17        18        42
         2        12        13        17        42
         2        12        13        37        42
         2        13        18        42        43
         2        13        38        42        43
         2        13        37        38        42
         2        14        18        19        43
         2        13        14        18        43
         2        13        14        38        43
         2        14        19        43        44
         2        14        39        43        44
         2        14        38        39        43
         2        15        19        20        44
         2        14        15        19        44
         2        14        15        39        44
         2        15        20        44        45
         2        15        40        44        45
         2        15        39        40        44
         2        14        19        20        45
         2        14        15        20        45
         2        14        15        40        45
         2        14        19        44        45
         2        14        39        44        45
         2        14        39        40        45
         2        13        18        19        44
         2        13        14        19        44
         2        13        14        39        44
         2        13        18        43        44
         2        13        38        43        44
         2        13        38        39        44
         2        12        17        18        43
         2        12        13        18        43
         2        12        13        38        43
         2        12        17        42        43
         2        12        37        42        43
         2        12        37        38        43
         2        11        16        17        42
         2        11        12        17        42
         2        11        12        37        42
         2        11        16        41        42
         2        11        36        41        42
         2        11        36        37        42
         2         7        11        12        36
         2         6         7        11        36
         2         6         7        31        36
         2         7        12        36        37
         2         7        32        36        37
         2         7        31        32        36
         2         8        12        13        37
         2         7         8        12        37
         2         7         8        32        37
         2         8        13        37        38
         2         8        33        37        38
         2         8        32        33        37
         2         9        13        14        38
         2         8         9        13        38
         2         8         9        33        38
         2         9        14        38        39
         2         9        34        38        39
         2         9        33        34        38
         2        10        14        15        39
         2         9        10        14        39
         2         9        10        34        39
         2        10        15        39        40
         2        10        35        39        40
         2        10        34        35        39
         2         9        14        15        40
         2         9        10        15        40
         2         9        10        35        40
         2         9        14        39        40
         2         9        34        39        40
         2         9        34        35        40
         2         8        13        14        39
         2         8         9        14        39
         2         8         9        34        39
         2         8        13        38        39
         2         8        33        38        39
         2         8        33        34        39
         2         7        12        13        38
         2         7         8        13        38
         2         7         8        33        38
         2         7        12        37        38
         2         7        32        37        38
         2         7        32        33        38
         2         6        11        12        37
         2         6         7        12        37
         2         6         7        32        37
         2         6        11        36        37
         2         6        31        36        37
         2         6        31        32        37
         2         2         6         7        31
         2         1         2         6        31
         2         1         2        26        31
         2         2         7        31        32
         2         2        27        31        32
         2         2        26        27        31
         2         3         7         8        32
         2         2         3         7        32
         2         2         3        27        32
         2         3         8        32        33
         2         3        28        32        33
         2         3        27        28        32
         2         4         8         9        33
         2         3         4         8        33
         2         3         4        28        33
         2         4         9        33        34
         2         4        29        33        34
         2         4        28        29        33
         2         5         9        10        34
         2         4         5         9        34
         2         4         5        29        34
         2         5        10        34        35
         2         5        30        34        35
         2         5        29        30        34
         2         4         9        10        35
         2         4         5        10        35
         2         4         5        30        35
         2         4         9        34        35
         2         4        29        34        35
         2         4        29        30        35
         2         3         8         9        34
         2         3         4         9        34
         2         3         4        29        34
         2         3         8        33        34
         2         3        28        33        34
         2         3        28        29        34
         2         2         7         8        33
         2         2         3         8        33
         2         2         3        28        33
         2         2         7        32        33
         2         2        27        32        33
         2         2        27        28        33
         2         1         6         7        32
         2         1         2         7        32
         2         1         2        27        32
         2         1         6        31        32
         2         1        26        31        32
         2         1        26        27        32
         2        26        27        32        51
         2        26        31        32        51
         2        31        32        51        56
         2        27        32        51        52
         2        32        51        52        57
         2        32        51        56        57
         2        27        28        33        52
         2        27        32        33        52
         2        32        33        52        57
         2        28        33        52        53
         2        33        52        53        58
         2        33        52        57        58
         2        28        29        34        53
         2        28        33        34        53
         2        33        34        53        58
         2        29        34        53        54
         2        34        53        54        59
         2        34        53        58        59
         2        29        30        35        54
         2        29        34        35        54
         2        34        35        54        59
         2        30        35        54        55
         2        35        54        55        60
         2        35        54        59        60
         2        29        30        34        55
         2        30        34        35        55
         2        34        35        55        60
         2        29        34        54        55
         2        34        54        55        59
         2        34        55        59        60
         2        28        29        33        54
         2        29        33        34        54
         2        33        34        54        59
         2        28        33        53        54
         2        33        53        54        58
         2        33        54        58        59
         2        27        28        32        53
         2        28        32        33        53
         2        32        33        53        58
         2        27        32        52        53
         2        32        52        53        57
         2        32        53        57        58
         2        26        27        31        52
         2        27        31        32        52
         2        31        32        52        57
         2        26        31        51        52
         2        31        51        52        56
         2        31        52        56        57
         2        31        32        37        56
         2        31        36        37        56
         2        36        37        56        61
         2        32        37        56        57
         2        37        56        57        62
         2        37        56        61        62
         2        32        33        38        57
         2        32        37        38        57
         2        37        38        57        62
         2        33        38        57        58
         2        38        57        58        63
         2        38        57        62        63
         2        33        34        39        58
         2        33        38        39        58
         2        38        39        58        63
         2        34        39        58        59
         2        39        58        59        64
         2        39        58        63        64
         2        34        35        40        59
         2        34        39        40        59
         2        39        40        59        64
         2        35        40        59        60
         2        40        59        60        65
         2        40        59        64        65
         2        34        35        39        60
         2        35        39        40        60
         2        39        40        60        65
         2        34        39        59        60
         2        39        59        60        64
         2        39        60        64        65
         2        33        34        38        59
         2        34        38        39        59
         2        38        39        59        64
         2        33        38        58        59
         2        38        58        59        63
         2        38        59        63        64
         2        32        33        37        58
         2        33        37        38        58
         2        37        38        58        63
         2        32        37        57        58
         2        37        57        58        62
         2        37        58        62        63
         2        31        32        36        57
         2        32        36        37        57
         2        36        37        57        62
         2        31        36        56        57
         2        36        56        57        61
         2        36        57        61        62
         2        36        37        42        61
         2        36        41        42        61
         2        41        42        61        66
         2        37        42        61        62
         2        42        61        62        67
         2        42        61        66        67
         2        37        38        43        62
         2        37        42        43        62
         2        42        43        62        67
         2        38        43        62        63
         2        43        62        63        68
         2        43        62        67        68
         2        38        39        44        63
         2        38        43        44        63
         2        43        44        63        68
         2        39        44        63        64
         2        44        63        64        69
         2        44        63        68        69
         2        39        40        45        64
         2        39        44        45        64
         2        44        45        64        69
         2        40        45        64        65
         2        45        64        65        70
         2        45        64        69        70
         2        39        40        44        65
         2        40        44        45        65
         2        44        45        65        70
         2        39        44        64        65
         2        44        64        65        69
         2        44        65        69        70
         2        38        39        43        64
         2        39        43        44        64
         2        43        44        64        69
         2        38        43        63        64
         2        43        63        64        68
         2        43        64        68        69
         2        37        38        42        63
         2        38        42        43        63
         2        42        43        63        68
         2        37        42        62        63
         2        42        62        63        67
         2        42        63        67        68
         2        36        37        41        62
         2        37        41        42        62
         2        41        42        62        67
         2        36        41        61        62
         2        41        61        62        66
         2        41        62        66        67
         2        41        42        47        66
         2        41        46        47        66
         2        46        47        66        71
         2        42        47        66        67
         2        47        66        67        72
         2        47        66        71        72
         2        42        43        48        67
         2        42        47        48        67
         2        47        48        67        72
         2        43        48        67        68
         2        48        67        68        73
         2        48        67        72        73
         2        43        44        49        68
         2        43        48        49        68
         2        48        49        68        73
         2        44        49        68        69
         2        49        68        69        74
         2        49        68        73        74
         2        44        45        50        69
         2        44        49        50        69
         2        49        50        69        74
         2        45        50        69        70
         2        50        69        70        75
         2        50        69        74        75
         2        44        45        49        70
         2        45        49        50        70
         2        49        50        70        75
         2        44        49        69        70
         2        49        69        70        74
         2        49        70        74        75
         2        43        44        48        69
         2        44        48        49        69
         2        48        49        69        74
         2        43        48        68        69
         2        48        68        69        73
         2        48        69        73        74
         2        42        43        47        68
         2        43        47        48        68
         2        47        48        68        73
         2        42        47        67        68
         2        47        67        68        72
         2        47        68        72        73
         2        41        42        46        67
         2        42        46        47        67
         2        46        47        67        72
         2        41        46        66        67
         2        46        66        67        71
         2        46        67        71        72
         2        42        46        47        71
         2        41        42        46        71
         2        41        42        66        71
         2        42        47        71        72
         2        42        67        71        72
         2        42        66        67        71
         2        43        47        48        72
         2        42        43        47        72
         2        42        43        67        72
         2        43        48        72        73
         2        43        68        72        73
         2        43        67        68        72
         2        44        48        49        73
         2        43        44        48        73
         2        43        44        68        73
         2        44        49        73        74
         2        44        69        73        74
         2        44        68        69        73
         2        45        49        50        74
         2        44        45        49        74
         2        44        45        69        74
         2        45        50        74        75
         2        45        70        74        75
         2        45        69        70        74
         2        44        49        50        75
         2        44        45        50        75
         2        44        45        70        75
         2        44        49        74        75
         2        44        69        74        75
         2        44        69        70        75
         2        43        48        49        74
         2        43        44        49        74
         2        43        44        69        74
         2        43        48        73        74
         2        43        68        73        74
         2        43        68        69        74
         2        42        47        48        73
         2        42        43        48        73
         2        42        43        68        73
         2        42        47        72        73
         2        42        67        72        73
         2        42        67        68        73
         2        41        46        47        72
         2        41        42        47        72
         2        41        42        67        72
         2        41        46        71        72
         2        41        66        71        72
         2        41        66        67        72
         2        37        41        42        66
         2        36        37        41        66
         2        36        37        61        66
         2        37        42        66        67
         2        37        62        66        67
         2        37        61        62        66
         2        38        42        43        67
         2        37        38        42        67
         2        37        38        62        67
         2        38        43        67        68
         2        38        63        67        68
         2        38        62        63        67
         2        39        43        44        68
         2        38        39        43        68
         2        38        39        63        68
         2        39        44        68        69
         2        39        64        68        69
         2        39        63        64        68
         2        40        44        45        69
         2        39        40        44        69
         2        39        40        64        69
         2        40        45        69        70
         2        40        65        69        70
         2        40        64        65        69
         2        39        44        45        70
         2        39        40        45        70
         2        39        40        65        70
         2        39        44        69        70
         2        39        64        69        70
         2        39        64        65        70
         2        38        43        44        69
         2        38        39        44        69
         2        38        39        64        69
         2        38        43        68        69
         2        38        63        68        69
         2        38        63        64        69
         2        37        42        43        68
         2        37        38        43        68
         2        37        38        63        68
         2        37        42        67        68
         2        37        62        67        68
         2        37        62        63        68
         2        36        41        42        67
         2        36        37        42        67
         2        36        37        62        67
         2        36        41        66        67
         2        36        61        66        67
         2        36        61        62        67
         2        32        36        37        61
         2        31        32        36        61
         2        31        32        56        61
         2        32        37        61        62
         2        32        57        61        62
         2        32        56        57        61
         2        33        37        38        62
         2        32        33        37        62
         2        32        33        57        62
         2        33        38        62        63
         2        33        58        62        63
         2        33        57        58        62
         2        34        38        39        63
         2        33        34        38        63
         2        33        34        58        63
         2        34        39        63        64
         2        34        59        63        64
         2        34        58        59        63
         2        35        39        40        64
         2        34        35        39        64
         2        34        35        59        64
         2        35        40        64        65
         2        35        60        64        65
         2        35        59        60        64
         2        34        39        40        65
         2        34        35        40        65
         2        34        35        60        65
         2        34        39        64        65
         2        34        59        64        65
         2        34        59        60        65
         2        33        38        39        64
         2        33        34        39        64
         2        33        34        59        64
         2        33        38        63        64
         2        33        58        63        64
         2        33        58        59        64
         2        32        37        38        63
         2        32        33        38        63
         2        32        33        58        63
         2        32        37        62        63
         2        32        57        62        63
         2        32        57        58        63
         2        31        36        37        62
         2        31        32        37        62
         2        31        32        57        62
         2        31        36        61        62
         2        31        56        61        62
         2        31        56        57        62
         2        27        31        32        56
         2        26        27        31        56
         2        26        27        51        56
         2        27        32        56        57
         2        27        52        56        57
         2        27        51        52        56
         2        28        32        33        57
         2        27        28        32        57
         2        27        28        52        57
         2        28        33        57        58
         2        28        53        57        58
         2        28        52        53        57
         2        29        33        34        58
         2        28        29        33        58
         2        28        29        53        58
         2        29        34        58        59
         2        29        54        58        59
         2        29        53        54        58
         2        30        34        35        59
         2        29        30        34        59
         2        29        30        54        59
         2        30        35        59        60
         2        30        55        59        60
         2        30        54        55        59
         2        29        34        35        60
         2        29        30        35        60
         2        29        30        55        60
         2        29        34        59        60
         2        29        54        59        60
         2        29        54        55        60
         2        28        33        34        59
         2        28        29        34        59
         2        28        29        54        59
         2        28        33        58        59
         2        28        53        58        59
         2        28        53        54        59
         2        27        32        33        58
         2        27        28        33        58
         2        27        28        53        58
         2        27        32        57        58
         2        27        52        57        58
         2        27        52        53        58
         2        26        31        32        57
         2        26        27        32        57
         2        26        27        52        57
         2        26        31        56        57
         2        26        51        56        57
         2        26        51        52        57
         2        51        52        57        76
         2        51        56        57        76
         2        56        57        76        81
         2        52        57        76        77
         2        57        76        77        82
         2        57        76        81        82
         2        52        53        58        77
         2        52        57        58        77
         2        57        58        77        82
         2        53        58        77        78
         2        58        77        78        83
         2        58        77        82        83
         2        53        54        59        78
         2        53        58        59        78
         2        58        59        78        83
         2        54        59        78        79
         2        59        78        79        84
         2        59        78        83        84
         2        54        55        60        79
         2        54        59        60        79
         2        59        60        79        84
         2        55        60        79        80
         2        60        79        80        85
         2        60        79        84        85
         2        54        55        59        80
         2        55        59        60        80
         2        59        60        80        85
         2        54        59        79        80
         2        59        79        80        84
         2        59        80        84        85
         2        53        54        58        79
         2        54        58        59        79
         2        58        59        79        84
         2        53        58        78        79
         2        58        78        79        83
         2        58        79        83        84
         2        52        53        57        78
         2        53        57        58        78
         2        57        58        78        83
         2        52        57        77        78
         2        57        77        78        82
         2        57        78        82        83
         2        51        52        56        77
         2        52        56        57        77
         2        56        57        77        82
         2        51        56        76        77
         2        56        76        77        81
         2        56        77        81        82
         2        56        57        62        81
         2        56        61        62        81
         2        61        62        81        86
         2        57        62        81        82
         2        62        81        82        87
         2        62        81        86        87
         2        57        58        63        82
         2        57        62        63        82
         2        62        63        82        87
         2        58        63        82        83
         2        63        82        83        88
         2        63        82        87        88
         2        58        59        64        83
         2        58        63        64        83
         2        63        64        83        88
         2        59        64        83        84
         2        64        83        84        89
         2        64        83        88        89
         2        59        60        65        84
         2        59        64        65        84
         2        64        65        84        89
         2        60        65        84        85
         2        65        84        85        90
         2        65        84        89        90
         2        59        60        64        85
         2        60        64        65        85
         2        64        65        85        90
         2        59        64        84        85
         2        64        84        85        89
         2        64        85        89        90
         2        58        59        63        84
         2        59        63        64        84
         2        63        64        84        89
         2        58        63        83        84
         2        63        83        84        88
         2        63        84        88        89
         2        57        58        62        83
         2        58        62        63        83
         2        62        63        83        88
         2        57        62        82        83
         2        62        82        83        87
         2        62        83        87        88
         2        56        57        61        82
         2        57        61        62        82
         2        61        62        82        87
         2        56        61        81        82
         2        61        81        82        86
         2        61        82        86        87
         2        61        62        67        86
         2        61        66        67        86
         2        66        67        86        91
         2        62        67        86        87
         2        67        86        87        92
         2        67        86        91        92
         2        62        63        68        87
         2        62        67        68        87
         2        67        68        87        92
         2        63        68        87        88
         2        68        87        88        93
         2        68        87        92        93
         2        63        64        69        88
         2        63        68        69        88
         2        68        69        88        93
         2        64        69        88        89
         2        69        88        89        94
         2        69        88        93        94
         2        64        65        70        89
         2        64        69        70        89
         2        69        70        89        94
         2        65        70        89        90
         2        70        89        90        95
         2        70        89        94        95
         2        64        65        69        90
         2        65        69        70        90
         2        69        70        90        95
         2        64        69        89        90
         2        69        89        90        94
         2        69        90        94        95
         2        63        64        68        89
         2        64        68        69        89
         2        68        69        89        94
         2        63        68        88        89
         2        68        88        89        93
         2        68        89        93        94
         2        62        63        67        88
         2        63        67        68        88
         2        67        68        88        93
         2        62        67        87        88
         2        67        87        88        92
         2        67        88        92        93
         2        61        62        66        87
         2        62        66        67        87
         2        66        67        87        92
         2        61        66        86        87
         2        66        86        87        91
         2        66        87        91        92
         2        66        67        72        91
         2        66        71        72        91
         2        71        72        91        96
         2        67        72        91        92
         2        72        91        92        97
         2        72        91        96        97
         2        67        68        73        92
         2        67        72        73        92
         2        72        73        92        97
         2        68        73        92        93
         2        73        92        93        98
         2        73        92        97        98
         2        68        69        74        93
         2        68        73        74        93
         2        73        74        93        98
         2        69        74        93        94
         2        74        93        94        99
         2        74        93        98        99
         2        69        70        75        94
         2        69        74        75        94
         2        74        75        94        99
         2        70        75        94        95
         2        75        94        95       100
         2        75        94        99       100
         2        69        70        74        95
         2        70        74        75        95
         2        74        75        95       100
         2        69        74        94        95
         2        74        94        95        99
         2        74        95        99       100
         2        68        69        73        94
         2        69        73        74        94
         2        73        74        94        99
         2        68        73        93        94
         2        73        93        94        98
         2        73        94        98        99
         2        67        68        72        93
         2        68        72        73        93
         2        72        73        93        98
         2        67        72        92        93
         2        72        92        93        97
         2        72        93        97        98
         2        66        67        71        92
         2        67        71        72        92
         2        71        72        92        97
         2        66        71        91        92
         2        71        91        92        96
         2        71        92        96        97
         2        67        71        72        96
         2        66        67        71        96
         2        66        67        91        96
         2        67        72        96        97
         2        67        92        96        97
         2        67        91        92        96
         2        68        72        73        97
         2        67        68        72        97
         2        67        68        92        97
         2        68        73        97        98
         2        68        93        97        98
         2        68        92        93        97
         2        69        73        74        98
         2        68        69        73        98
         2        68        69        93        98
         2        69        74        98        99
         2        69        94        98        99
         2        69        93        94        98
         2        70        74        75        99
         2        69        70        74        99
         2        69        70        94        99
         2        70        75        99       100
         2        70        95        99       100
         2        70        94        95        99
         2        69        74        75       100
         2        69        70        75       100
         2        69        70        95       100
         2        69        74        99       100
         2        69        94        99       100
         2        69        94        95       100
         2        68        73        74        99
         2        68        69        74        99
         2        68        69        94        99
         2        68        73        98        99
         2        68        93        98        99
         2        68        93        94        99
         2        67        72        73        98
         2        67        68        73        98
         2        67        68        93        98
         2        67        72        97        98
         2        67        92        97        98
         2        67        92        93        98
         2        66        71        72        97
         2        66        67        72        97
         2        66        67        92        97
         2        66        71        96        97
         2        66        91        96        97
         2        66        91        92        97
         2        62        66        67        91
         2        61        62        66        91
         2        61        62        86        91
         2        62        67        91        92
         2        62        87        91        92
         2        62        86        87        91
         2        63        67        68        92
         2        62        63        67        92
         2        62        63        87        92
         2        63        68        92        93
         2        63        88        92        93
         2        63        87        88        92
         2        64        68        69        93
         2        63        64        68        93
         2        63        64        88        93
         2        64        69        93        94
         2        64        89        93        94
         2        64        88        89        93
         2        65        69        70        94
         2        64        65        69        94
         2        64        65        89        94
         2        65        70        94        95
         2        65        90        94        95
         2        65        89        90        94
         2        64        69        70        95
         2        64        65        70        95
         2        64        65        90        95
         2        64        69        94        95
         2        64        89        94        95
         2        64        89        90        95
         2        63        68        69        94
         2        63        64        69        94
         2        63        64        89        94
         2        63        68        93        94
         2        63        88        93        94
         2        63        88        89        94
         2        62        67        68        93
         2        62        63        68        93
         2        62        63        88        93
         2        62        67        92        93
         2        62        87        92        93
         2        62        87        88        93
         2        61        66        67        92
         2        61        62        67        92
         2        61        62        87        92
         2        61        66        91        92
         2        61        86        91        92
         2        61        86        87        92
         2        57        61        62        86
         2        56        57        61        86
         2        56        57        81        86
         2        57        62        86        87
         2        57        82        86        87
         2        57        81        82        86
         2        58        62        63        87
         2        57        58        62        87
         2        57        58        82        87
         2        58        63        87        88
         2        58        83        87        88
         2        58        82        83        87
         2        59        63        64        88
         2        58        59        63        88
         2        58        59        83        88
         2        59        64        88        89
         2        59        84        88        89
         2        59        83        84        88
         2        60        64        65        89
         2        59        60        64        89
         2        59        60        84        89
         2        60        65        89        90
         2        60        85        89        90
         2        60        84        85        89
         2        59        64        65        90
         2        59        60        65        90
         2        59        60        85        90
         2        59        64        89        90
         2        59        84        89        90
         2        59        84        85        90
         2        58        63        64        89
         2        58        59        64        89
         2        58        59        84        89
         2        58        63        88        89
         2        58        83        88        89
         2        58        83        84        89
         2        57        62        63        88
         2        57        58        63        88
         2        57        58        83        88
         2        57        62        87        88
         2        57        82        87        88
         2        57        82        83        88
         2        56        61        62        87
         2        56        57        62        87
         2        56        57        82        87
         2        56        61        86        87
         2        56        81        86        87
         2        56        81        82        87
         2        52        56        57        81
         2        51        52        56        81
         2        51        52        76        81
         2        52        57        81        82
         2        52        77        81        82
         2        52        76        77        81
         2        53        57        58        82
         2        52        53        57        82
         2        52        53        77        82
         2        53        58        82        83
         2        53        78        82        83
         2        53        77        78        82
         2        54        58        59        83
         2        53        54        58        83
         2        53        54        78        83
         2        54        59        83        84
         2        54        79        83        84
         2        54        78        79        83
         2        55        59        60        84
         2        54        55        59        84
         2        54        55        79        84
         2        55        60        84        85
         2        55        80        84        85
         2        55        79        80        84
         2        54        59        60        85
         2        54        55        60        85
         2        54        55        80        85
         2        54        59        84        85
         2        54        79        84        85
         2        54        79        80        85
         2        53        58        59        84
         2        53        54        59        84
         2        53        54        79        84
         2        53        58        83        84
         2        53        78        83        84
         2        53        78        79        84
         2        52        57        58        83
         2        52        53        58        83
         2        52        53        78        83
         2        52        57        82        83
         2        52        77        82        83
         2        52        77        78        83
         2        51        56        57        82
         2        51        52        57        82
         2        51        52        77        82
         2        51        56        81        82
         2        51        76        81        82
         2        51        76        77        82
         2        76        77        82       101
         2        76        81        82       101
         2        81        82       101       106
         2        77        82       101       102
         2        82       101       102       107
         2        82       101       106       107
         2        77        78        83       102
         2        77        82        83       102
         2        82        83       102       107
         2        78        83       102       103
         2        83       102       103       108
         2        83       102       107       108
         2        78        79        84       103
         2        78        83        84       103
         2        83        84       103       108
         2        79        84       103       104
         2        84       103       104       109
         2        84       103       108       109
         2        79        80        85       104
         2        79        84        85       104
         2        84        85       104       109
         2        80        85       104       105
         2        85       104       105       110
         2        85       104       109       110
         2        79        80        84       105
         2        80        84        85       105
         2        84        85       105       110
         2        79        84       104       105
         2        84       104       105       109
         2        84       105       109       110
         2        78        79        83       104
         2        79        83        84       104
         2        83        84       104       109
         2        78        83       103       104
         2        83       103       104       108
         2        83       104       108       109
         2        77        78        82       103
         2        78        82        83       103
         2        82        83       103       108
         2        77        82       102       103
         2        82       102       103       107
         2        82       103       107       108
         2        76        77        81       102
         2        77        81        82       102
         2        81        82       102       107
         2        76        81       101       102
         2        81       101       102       106
         2        81       102       106       107
         2        81        82        87       106
         2        81        86        87       106
         2        86        87       106       111
         2        82        87       106       107
         2        87       106       107       112
         2        87       106       111       112
         2        82        83        88       107
         2        82        87        88       107
         2        87        88       107       112
         2        83        88       107       108
         2        88       107       108       113
         2        88       107       112       113
         2        83        84        89       108
         2        83        88        89       108
         2        88        89       108       113
         2        84        89       108       109
         2        89       108       109       114
         2        89       108       113       114
         2        84        85        90       109
         2        84        89        90       109
         2        89        90       109       114
         2        85        90       109       110
         2        90       109       110       115
         2        90       109       114       115
         2        84        85        89       110
         2        85        89        90       110
         2        89        90       110       115
         2        84        89       109       110
         2        89       109       110       114
         2        89       110       114       115
         2        83        84        88       109
         2        84        88        89       109
         2        88        89       109       114
         2        83        88       108       109
         2        88       108       109       113
         2        88       109       113       114
         2        82        83        87       108
         2        83        87        88       108
         2        87        88       108       113
         2        82        87       107       108
         2        87       107       108       112
         2        87       108       112       113
         2        81        82        86       107
         2        82        86        87       107
         2        86        87       107       112
         2        81        86       106       107
         2        86       106       107       111
         2        86       107       111       112
         2        86        87        92       111
         2        86        91        92       111
         2        91        92       111       116
         2        87        92       111       112
         2        92       111       112       117
         2        92       111       116       117
         2        87        88        93       112
         2        87        92        93       112
         2        92        93       112       117
         2        88        93       112       113
         2        93       112       113       118
         2        93       112       117       118
         2        88        89        94       113
         2        88        93        94       113
         2        93        94       113       118
         2        89        94       113       114
         2        94       113       114       119
         2        94       113       118       119
         2        89        90        95       114
         2        89        94        95       114
         2        94        95       114       119
         2        90        95       114       115
         2        95       114       115       120
         2        95       114       119       120
         2        89        90        94       115
         2        90        94        95       115
         2        94        95       115       120
         2        89        94       114       115
         2        94       114       115       119
         2        94       115       119       120
         2        88        89        93       114
         2        89        93        94       114
         2        93        94       114       119
         2        88        93       113       114
         2        93       113       114       118
         2        93       114       118       119
         2        87        88        92       113
         2        88        92        93       113
         2        92        93       113       118
         2        87        92       112       113
         2        92       112       113       117
         2        92       113       117       118
         2        86        87        91       112
         2        87        91        92       112
         2        91        92       112       117
         2        86        91       111       112
         2        91       111       112       116
         2        91       112       116       117
         2        91        92        97       116
         2        91        96        97       116
         2        96        97       116       121
         2        92        97       116       117
         2        97       116       117       122
         2        97       116       121       122
         2        92        93        98       117
         2        92        97        98       117
         2        97        98       117       122
         2        93        98       117       118
         2        98       117       118       123
         2        98       117       122       123
         2        93        94        99       118
         2        93        98        99       118
         2        98        99       118       123
         2        94        99       118       119
         2        99       118       119       124
         2        99       118       123       124
         2        94        95       100       119
         2        94        99       100       119
         2        99       100       119       124
         2        95       100       119       120
         2       100       119       120       125
         2       100       119       124       125
         2        94        95        99       120
         2        95        99       100       120
         2        99       100       120       125
         2        94        99       119       120
         2        99       119       120       124
         2        99       120       124       125
         2        93        94        98       119
         2        94        98        99       119
         2        98        99       119       124
         2        93        98       118       119
         2        98       118       119       123
         2        98       119       123       124
         2        92        93        97       118
         2        93        97        98       118
         2        97        98       118       123
         2        92        97       117       118
         2        97       117       118       122
         2        97       118       122       123
         2        91        92        96       117
         2        92        96        97       117
         2        96        97       117       122
         2        91        96       116       117
         2        96       116       117       121
         2        96       117       121       122
         2        92        96        97       121
         2        91        92        96       121
         2        91        92       116       121
         2        92        97       121       122
         2        92       117       121       122
         2        92       116       117       121
         2        93        97        98       122
         2        92        93        97       122
         2        92        93       117       122
         2        93        98       122       123
         2        93       118       122       123
         2        93       117       118       122
         2        94        98        99       123
         2        93        94        98       123
         2        93        94       118       123
         2        94        99       123       124
         2        94       119       123       124
         2        94       118       119       123
         2        95        99       100       124
         2        94        95        99       124
         2        94        95       119       124
         2        95       100       124       125
         2        95       120       124       125
         2        95       119       120       124
         2        94        99       100       125
         2        94        95       100       125
         2        94        95       120       125
         2        94        99       124       125
         2        94       119       124       125
         2        94       119       120       125
         2        93        98        99       124
         2        93        94        99       124
         2        93        94       119       124
         2        93        98       123       124
         2        93       118       123       124
         2        93       118       119       124
         2        92        97        98       123
         2        92        93        98       123
         2        92        93       118       123
         2        92        97       122       123
         2        92       117       122       123
         2        92       117       118       123
         2        91        96        97       122
         2        91        92        97       122
         2        91        92       117       122
         2        91        96       121       122
         2        91       116       121       122
         2        91       116       117       122
         2        87        91        92       116
         2        86        87        91       116
         2        86        87       111       116
         2        87        92       116       117
         2        87       112       116       117
         2        87       111       112       116
         2        88        92        93       117
         2        87        88        92       117
         2        87        88       112       117
         2        88        93       117       118
         2        88       113       117       118
         2        88       112       113       117
         2        89        93        94       118
         2        88        89        93       118
         2        88        89       113       118
         2        89        94       118       119
         2        89       114       118       119
         2        89       113       114       118
         2        90        94        95       119
         2        89        90        94       119
         2        89        90       114       119
         2        90        95       119       120
         2        90       115       119       120
         2        90       114       115       119
         2        89        94        95       120
         2        89        90        95       120
         2        89        90       115       120
         2        89        94       119       120
         2        89       114       119       120
         2        89       114       115       120
         2        88        93        94       119
         2        88        89        94       119
         2        88        89       114       119
         2        88        93       118       119
         2        88       113       118       119
         2        88       113       114       119
         2        87        92        93       118
         2        87        88        93       118
         2        87        88       113       118
         2        87        92       117       118
         2        87       112       117       118
         2        87       112       113       118
         2        86        91        92       117
         2        86        87        92       117
         2        86        87       112       117
         2        86        91       116       117
         2        86       111       116       117
         2        86       111       112       117
         2        82        86        87       111
         2        81        82        86       111
         2        81        82       106       111
         2        82        87       111       112
         2        82       107       111       112
         2        82       106       107       111
         2        83        87        88       112
         2        82        83        87       112
         2        82        83       107       112
         2        83        88       112       113
         2        83       108       112       113
         2        83       107       108       112
         2        84        88        89       113
         2        83        84        88       113
         2        83        84       108       113
         2        84        89       113       114
         2        84       109       113       114
         2        84       108       109       113
         2        85        89        90       114
         2        84        85        89       114
         2        84        85       109       114
         2        85        90       114       115
         2        85       110       114       115
         2        85       109       110       114
         2        84        89        90       115
         2        84        85        90       115
         2        84        85       110       115
         2        84        89       114       115
         2        84       109       114       115
         2        84       109       110       115
         2        83        88        89       114
         2        83        84        89       114
         2        83        84       109       114
         2        83        88       113       114
         2        83       108       113       114
         2        83       108       109       114
         2        82        87        88       113
         2        82        83        88       113
         2        82        83       108       113
         2        82        87       112       113
         2        82       107       112       113
         2        82       107       108       113
         2        81        86        87       112
         2        81        82        87       112
         2        81        82       107       112
         2        81        86       111       112
         2        81       106       111       112
         2        81       106       107       112
         2        77        81        82       106
         2        76        77        81       106
         2        76        77       101       106
         2        77        82       106       107
         2        77       102       106       107
         2        77       101       102       106
         2        78        82        83       107
         2        77        78        82       107
         2        77        78       102       107
         2        78        83       107       108
         2        78       103       107       108
         2        78       102       103       107
         2        79        83        84       108
         2        78        79        83       108
         2        78        79       103       108
         2        79        84       108       109
         2        79       104       108       109
         2        79       103       104       108
         2        80        84        85       109
         2        79        80        84       109
         2        79        80       104       109
         2        80        85       109       110
         2        80       105       109       110
         2        80       104       105       109
         2        79        84        85       110
         2        79        80        85       110
         2        79        80       105       110
         2        79        84       109       110
         2        79       104       109       110
         2        79       104       105       110
         2        78        83        84       109
         2        78        79        84       109
         2        78        79       104       109
         2        78        83       108       109
         2        78       103       108       109
         2        78       103       104       109
         2        77        82        83       108
         2        77        78        83       108
         2        77        78       103       108
         2        77        82       107       108
         2        77       102       107       108
         2        77       102       103       108
         2        76        81        82       107
         2        76        77        82       107
         2        76        77       102       107
         2        76        81       106       107
         2        76       101       106       107
         2        76       101       102       107
