32   
4    

1    
  0.0035167337253976  -0.0000013682930058   0.0093612275921711
  -0.2270941000    0.0082991100   -0.1313983900
   0.0292832800    0.0072796500   -0.0015500900
  -0.0081661900   -0.0143587500   -0.0014794800
  -0.0082802500    0.0290455900   -0.0017068800
  -0.0135853600    0.0070664800    0.0052566300
  -0.0135458000    0.0070679000    0.0053017200
  -0.0135627600    0.0070571000    0.0053016300
  -0.0135613500    0.0070758300    0.0053020000
   0.0124410400   -0.0078636600   -0.0053592500
   0.0121820400   -0.0079624700   -0.0054527300
   0.0123956100   -0.0076840700   -0.0054034100
   0.0122074800   -0.0078509500   -0.0046610000
   0.0127594600   -0.0063380000   -0.0055093000
   0.0129826300   -0.0064178100   -0.0054231600
   0.0129366100   -0.0065814800   -0.0054681800
   0.0127542300   -0.0064586200   -0.0045240800
   0.0071122000   -0.0059546400    0.0117813700
   0.0350176300   -0.0066636300    0.0462707700
   0.0812912600    0.0206458800    0.0466897000
   0.0815288900   -0.0328470300    0.0457736800
   0.0112673400   -0.0058044900   -0.0007870000
   0.0112682800   -0.0058041700   -0.0007633900
   0.0112694300   -0.0058040500   -0.0007642200
   0.0112690100   -0.0058052200   -0.0007596400
  -0.0107211600    0.0067173600    0.0013783000
  -0.0099424900    0.0068413600    0.0014238300
  -0.0104399600    0.0061201900    0.0014092100
  -0.0102365700    0.0065538200    0.0004993100
  -0.0098875000    0.0048601900    0.0014172800
  -0.0105039900    0.0049934500    0.0013457100
  -0.0103144800    0.0054665400    0.0013580700
  -0.0101244600    0.0051086000    0.0005009800

1    
 -0.0035167337253976   0.0000013682930058  -0.0093612275921711
   0.2022875300    0.0080154100    0.1314976800
  -0.0541183500    0.0069951700    0.0016556100
  -0.0165499700    0.0287080000    0.0017243800
  -0.0166560000   -0.0147053900    0.0016729400
  -0.0114411600    0.0073378800   -0.0051551500
  -0.0114814800    0.0073393000   -0.0052006200
  -0.0114623900    0.0073474000   -0.0052001300
  -0.0114706900    0.0073291300   -0.0052009300
   0.0123581900   -0.0082065800    0.0053076500
   0.0125849500   -0.0081081100    0.0053945700
   0.0123909300   -0.0083563500    0.0053487600
   0.0125768600   -0.0082046500    0.0044066000
   0.0130796300   -0.0068438000    0.0053556200
   0.0128328900   -0.0067621600    0.0052627800
   0.0128880800   -0.0065756900    0.0053124300
   0.0130562200   -0.0067071400    0.0045604600
   0.0131237900   -0.0057537100   -0.0118024400
  -0.0147732500   -0.0062477000   -0.0462910400
  -0.0614791400   -0.0326964100   -0.0458593000
  -0.0608672600    0.0208053400   -0.0466426300
   0.0091499400   -0.0059547400    0.0007892000
   0.0091480800   -0.0059462900    0.0007668900
   0.0091441100   -0.0059515000    0.0007653100
   0.0091477900   -0.0059498900    0.0007632400
  -0.0102249200    0.0067960800   -0.0013554600
  -0.0108483900    0.0066730800   -0.0014050200
  -0.0104256900    0.0072542200   -0.0013936300
  -0.0106304700    0.0069132300   -0.0005042400
  -0.0107233500    0.0056521500   -0.0014250200
  -0.0099629000    0.0055223200   -0.0013307100
  -0.0102287400    0.0049186200   -0.0013444400
  -0.0104248200    0.0053627900   -0.0004733500

17   
  0.0035167337253976  -0.0000013682930058   0.0093612275921711
  -0.0160442500    0.0072380800    0.0074369000
   0.0118667200    0.0077500600    0.0419293400
   0.0585508200    0.0341507200    0.0414953000
   0.0579658700   -0.0193254600    0.0422775500
  -0.0120263400    0.0074546600   -0.0051404400
  -0.0120252800    0.0074555600   -0.0051167700
  -0.0120251200    0.0074553000   -0.0051202000
  -0.0120240900    0.0074538800   -0.0051101500
   0.0127517700   -0.0083084200    0.0056290100
   0.0129380200   -0.0082239200    0.0058642200
   0.0127779600   -0.0083627700    0.0057423100
   0.0129287300   -0.0082929400    0.0048520000
   0.0126899900   -0.0066684800    0.0058720300
   0.0125232100   -0.0064827500    0.0055782700
   0.0124519400   -0.0064952700    0.0057113800
   0.0126961200   -0.0065593900    0.0048384600
  -0.2039075100   -0.0067592500   -0.1356446700
   0.0522124300   -0.0057602600   -0.0066435100
   0.0154336900   -0.0270141600   -0.0067088800
   0.0155417000    0.0155139800   -0.0066799100
   0.0095609600   -0.0060589000    0.0009021600
   0.0095524900   -0.0060584800    0.0006738300
   0.0095563400   -0.0060569100    0.0006738800
   0.0095563400   -0.0060618600    0.0006755000
  -0.0111213100    0.0070219300   -0.0004177200
  -0.0107518100    0.0069926900   -0.0003415900
  -0.0109064100    0.0067009900   -0.0004137600
  -0.0109590800    0.0068882300   -0.0008036900
  -0.0097428200    0.0050105400   -0.0002833900
  -0.0101175600    0.0049734300   -0.0004849300
  -0.0098930900    0.0053110100   -0.0004226600
  -0.0100104400    0.0051181500   -0.0008198800

17   
 -0.0035167337253976   0.0000013682930058  -0.0093612275921711
  -0.0089204400    0.0073078600   -0.0073283200
  -0.0368297300    0.0080124200   -0.0418157900
  -0.0831131000   -0.0192880000   -0.0422369200
  -0.0833245200    0.0341902300   -0.0413216000
  -0.0140996300    0.0071298700    0.0052341600
  -0.0141007000    0.0071308900    0.0052106400
  -0.0141020900    0.0071289500    0.0052070700
  -0.0141013200    0.0071306800    0.0052112000
   0.0130966200   -0.0081769900   -0.0057117800
   0.0129201400   -0.0082478400   -0.0059571600
   0.0130644300   -0.0081116100   -0.0058234300
   0.0129141000   -0.0081836700   -0.0049528600
   0.0126519200   -0.0063232800   -0.0059774100
   0.0128189500   -0.0065303900   -0.0057201400
   0.0129093000   -0.0065117700   -0.0058414800
   0.0126668100   -0.0064473800   -0.0049476800
   0.2242825100   -0.0070382900    0.1356168500
  -0.0318176300   -0.0060134500    0.0066452300
   0.0048479700    0.0151742400    0.0065781100
   0.0049589300   -0.0273440800    0.0068173600
   0.0119550800   -0.0058796100   -0.0008975400
   0.0119623500   -0.0058792200   -0.0006681200
   0.0119588700   -0.0058819300   -0.0006682400
   0.0119586000   -0.0058773200   -0.0006694600
  -0.0108769200    0.0068374300    0.0004279400
  -0.0112422700    0.0068843500    0.0003547600
  -0.0111045800    0.0071727900    0.0004169400
  -0.0110422400    0.0069809200    0.0007995300
  -0.0102836900    0.0052724400    0.0002798500
  -0.0099044300    0.0052736400    0.0004890200
  -0.0100993900    0.0049581400    0.0004188600
  -0.0100039100    0.0051499900    0.0008304200
