        _
  _ __ | |__   ___  _ __   ___   _ __  _   _
 | '_ \| '_ \ / _ \| '_ \ / _ \ | '_ \| | | |
 | |_) | | | | (_) | | | | (_) || |_) | |_| |
 | .__/|_| |_|\___/|_| |_|\___(_) .__/ \__, |
 |_|                            |_|    |___/
                                     1.10.10

Python version 2.7.6
Spglib version 1.9.2
Mesh sampling mode
Settings:
  Sampling mesh: [9 9 4]
  Supercell: [2 2 2]
Spacegroup: Cmcm (63)
Computing force constants...
Number of irreducible q-points on sampling mesh: 50/324
Calculating thermal properties...
#      T [K]      F [kJ/mol]    S [J/K/mol]  C_v [J/K/mol]     E [kJ/mol]
       0.000      65.8146289      0.0000000      0.0000000     65.8146289
      10.000      65.8146049      0.0100435      0.0250846     65.8147053
      20.000      65.8143665      0.0388246      0.0668458     65.8151430
      30.000      65.8137721      0.0852216      0.1926238     65.8163287
      40.000      65.8125178      0.1743101      0.4639605     65.8194902
      50.000      65.8100989      0.3191442      0.8700861     65.8260562
      60.000      65.8059392      0.5226404      1.3985080     65.8372977
      70.000      65.7994479      0.7856229      2.0515502     65.8544415
      80.000      65.7900247      1.1092170      2.8344335     65.8787621
      90.000      65.7770578      1.4945251      3.7475643     65.9115650
     100.000      65.7599268      1.9420245      4.7853045     65.9541293
     110.000      65.7380113      2.4512802      5.9372491     66.0076522
     120.000      65.7106999      3.0209183      7.1898763     66.0732101
     130.000      65.6773990      3.6487368      8.5280076     66.1517347
     140.000      65.6375407      4.3318743      9.9360187     66.2440031
     150.000      65.5905882      5.0669959     11.3988008     66.3506375
     160.000      65.5360396      5.8504725     12.9024587     66.4721152
     170.000      65.4734301      6.6785404     14.4347465     66.6087819
     180.000      65.4023327      7.5474331     15.9852622     66.7608706
     190.000      65.3223576      8.4534824     17.5454494     66.9285192
     200.000      65.2331509      9.3931901     19.1084622     67.1117889
     210.000      65.1343925     10.3632732     20.6689494     67.3106799
     220.000      65.0257943     11.3606878     22.2228027     67.5251456
     230.000      64.9070970     12.3826363     23.7669045     67.7551034
     240.000      64.7780684     13.4265623     25.2988957     68.0004433
     250.000      64.6385003     14.4901383     26.8169773     68.2610349
     260.000      64.4882072     15.5712485     28.3197479     68.5367318
     270.000      64.3270233     16.6679693     29.8060786     68.8273750
     280.000      64.1548016     17.7785492     31.2750205     69.1327954
     290.000      63.9714115     18.9013904     32.7257400     69.4528147
     300.000      63.7767378     20.0350303     34.1574764     69.7872469
     310.000      63.5706794     21.1781264     35.5695163     70.1358986
     320.000      63.3531479     22.3294419     36.9611812     70.4985693
     330.000      63.1240670     23.4878338     38.3318229     70.8750521
     340.000      62.8833712     24.6522425     39.6808249     71.2651336
     350.000      62.6310053     25.8216834     41.0076067     71.6685945
     360.000      62.3669238     26.9952392     42.3116298     72.0852099
     370.000      62.0910897     28.1720538     43.5924040     72.5147496
     380.000      61.8034745     29.3513276     44.8494927     72.9569790
     390.000      61.5040575     30.5323123     46.0825179     73.4116593
     400.000      61.1928249     31.7143080     47.2911633     73.8785481
     410.000      60.8697701     32.8966593     48.4751767     74.3574004
     420.000      60.5348926     34.0787531     49.6343703     74.8479689
     430.000      60.1881978     35.2600159     50.7686210     75.3500047
     440.000      59.8296968     36.4399117     51.8778686     75.8632580
     450.000      59.4594058     37.6179397     52.9621135     76.3874787
     460.000      59.0773458     38.7936332     54.0214141     76.9224171
     470.000      58.6835424     39.9665570     55.0558834     77.4678242
     480.000      58.2780253     41.1363068     56.0656846     78.0234525
     490.000      57.8608281     42.3025067     57.0510280     78.5890564
     500.000      57.4319881     43.4648085     58.0121660     79.1643924
     510.000      56.9915460     44.6228901     58.9493894     79.7492200
     520.000      56.5395454     45.7764541     59.8630230     80.3433015
     530.000      56.0760329     46.9252266     60.7534217     80.9464030
     540.000      55.6010577     48.0689558     61.6209664     81.5582938
     550.000      55.1146714     49.2074111     62.4660606     82.1787475
     560.000      54.6169277     50.3403819     63.2891267     82.8075416
     570.000      54.1078826     51.4676761     64.0906026     83.4444580
     580.000      53.5875937     52.5891197     64.8709390     84.0892832
     590.000      53.0561203     53.7045553     65.6305964     84.7418079
     600.000      52.5135231     54.8138410     66.3700428     85.4018277
     610.000      51.9598644     55.9168501     67.0897507     86.0691429
     620.000      51.3952074     57.0134695     67.7901960     86.7435585
     630.000      50.8196166     58.1035994     68.4718552     87.4248842
     640.000      50.2331573     59.1871519     69.1352045     88.1129346
     650.000      49.6358958     60.2640509     69.7807176     88.8075289
     660.000      49.0278987     61.3342308     70.4088649     89.5084911
     670.000      48.4092337     62.3976360     71.0201122     90.2156498
     680.000      47.7799687     63.4542202     71.6149195     90.9288385
     690.000      47.1401722     64.5039460     72.1937406     91.6478949
     700.000      46.4899128     65.5467839     72.7570219     92.3726615
     710.000      45.8292595     66.5827120     73.3052019     93.1029850
     720.000      45.1582816     67.6117153     73.8387109     93.8387167
     730.000      44.4770483     68.6337855     74.3579705     94.5797118
     740.000      43.7856290     69.6489201     74.8633930     95.3258299
     750.000      43.0840931     70.6571224     75.3553815     96.0769348
     760.000      42.3725097     71.6584006     75.8343294     96.8328941
     770.000      41.6509481     72.6527677     76.3006207     97.5935792
     780.000      40.9194773     73.6402414     76.7546294     98.3588656
     790.000      40.1781662     74.6208430     77.1967197     99.1286321
     800.000      39.4270833     75.5945977     77.6272461     99.9027614
     810.000      38.6662969     76.5615342     78.0465533    100.6811396
     820.000      37.8958752     77.5216842     78.4549765    101.4636562
     830.000      37.1158858     78.4750822     78.8528410    102.2502040
     840.000      36.3263959     79.4217654     79.2404629    103.0406789
     850.000      35.5274727     80.3617734     79.6181489    103.8349801
     860.000      34.7191826     81.2951479     79.9861967    104.6330097
     870.000      33.9015917     82.2219324     80.3448947    105.4346729
     880.000      33.0747657     83.1421723     80.6945229    106.2398774
     890.000      32.2387699     84.0559147     81.0353523    107.0485340
     900.000      31.3936690     84.9632078     81.3676457    107.8605560
     910.000      30.5395271     85.8641013     81.6916578    108.6758593
     920.000      29.6764081     86.7586460     82.0076350    109.4943624
     930.000      28.8043752     87.6468934     82.3158162    110.3159860
     940.000      27.9234910     88.5288962     82.6164325    111.1406535
     950.000      27.0338179     89.4047077     82.9097079    111.9682902
     960.000      26.1354173     90.2743818     83.1958588    112.7988239
     970.000      25.2283505     91.1379730     83.4750952    113.6321843
     980.000      24.3126780     91.9955362     83.7476199    114.4683034
     990.000      23.3884597     92.8471266     84.0136294    115.3071150
    1000.000      22.4557552     93.6927998     84.2733137    116.1485549
                 _
   ___ _ __   __| |
  / _ \ '_ \ / _` |
 |  __/ | | | (_| |
  \___|_| |_|\__,_|

