        _
  _ __ | |__   ___  _ __   ___   _ __  _   _
 | '_ \| '_ \ / _ \| '_ \ / _ \ | '_ \| | | |
 | |_) | | | | (_) | | | | (_) || |_) | |_| |
 | .__/|_| |_|\___/|_| |_|\___(_) .__/ \__, |
 |_|                            |_|    |___/
                                     1.10.10

Python version 2.7.12
Spglib version 1.9.2
Mesh sampling mode
Settings:
  Sampling mesh: [9 9 4]
  Supercell: [2 2 2]
Spacegroup: Cmcm (63)
Computing force constants...
Number of irreducible q-points on sampling mesh: 50/324
Calculating thermal properties...
#      T [K]      F [kJ/mol]    S [J/K/mol]  C_v [J/K/mol]     E [kJ/mol]
       0.000      65.3652245      0.0000000      0.0000000     65.3652245
      10.000      65.3652125      0.0059354      0.0192758     65.3652718
      20.000      65.3650190      0.0363286      0.0828023     65.3657456
      30.000      65.3643998      0.0931888      0.2262299     65.3671955
      40.000      65.3630140      0.1920865      0.4957645     65.3706975
      50.000      65.3603849      0.3426658      0.8875052     65.3775182
      60.000      65.3559804      0.5472799      1.3907126     65.3888172
      70.000      65.3492574      0.8065233      2.0086923     65.4057140
      80.000      65.3396630      1.1219016      2.7538245     65.4294151
      90.000      65.3266240      1.4958769      3.6374234     65.4612530
     100.000      65.3095416      1.9309735      4.6633211     65.5026390
     110.000      65.2877949      2.4289262      5.8261739     65.5549768
     120.000      65.2607519      2.9901994      7.1128628     65.6195758
     130.000      65.2277828      3.6138743      8.5051951     65.6975864
     140.000      65.1882735      4.2977864      9.9826938     65.7899636
     150.000      65.1416366      5.0387937     11.5248679     65.8974557
     160.000      65.0873200      5.8330821     13.1127710     66.0206131
     170.000      65.0248114      6.6764518     14.7298877     66.1598082
     180.000      64.9536418      7.5645574     16.3624880     66.3152621
     190.000      64.8733855      8.4930908     17.9996093     66.4870727
     200.000      64.7836591      9.4579098     19.6328097     66.6752410
     210.000      64.6841194     10.4551208     21.2558057     66.8796947
     220.000      64.5744607     11.4811235     22.8640733     67.1003079
     230.000      64.4544119     12.5326285     24.4544619     67.3369165
     240.000      64.3237331     13.6066553     26.0248518     67.5893304
     250.000      64.1822127     14.7005179     27.5738660     67.8573422
     260.000      64.0296647     15.8118032     29.1006394     68.1407335
     270.000      63.8659258     16.9383453     30.6046420     68.4392791
     280.000      63.6908534     18.0781998     32.0855491     68.7527494
     290.000      63.5043233     19.2296174     33.5431496     69.0809124
     300.000      63.3062278     20.3910211     34.9772856     69.4235341
     310.000      63.0964744     21.5609839     36.3878151     69.7803794
     320.000      62.8749839     22.7382104     37.7745920     70.1512113
     330.000      62.6416899     23.9215201     39.1374580     70.5357915
     340.000      62.3965369     25.1098332     40.4762425     70.9338802
     350.000      62.1394799     26.3021590     41.7907671     71.3452355
     360.000      61.8704834     27.4975852     43.0808532     71.7696140
     370.000      61.5895206     28.6952700     44.3463302     72.2067705
     380.000      61.2965730     29.8944344     45.5870442     72.6564581
     390.000      60.9916294     31.0943564     46.8028646     73.1184284
     400.000      60.6746856     32.2943661     47.9936916     73.5924321
     410.000      60.3457439     33.4938411     49.1594603     74.0782187
     420.000      60.0048125     34.6922027     50.3001447     74.5755377
     430.000      59.6519053     35.8889133     51.4157602     75.0841381
     440.000      59.2870414     37.0834729     52.5063645     75.6037695
     450.000      58.9102446     38.2754171     53.5720576     76.1341823
     460.000      58.5215432     39.4643149     54.6129816     76.6751281
     470.000      58.1209698     40.6497663     55.6293186     77.2263600
     480.000      57.7085606     41.8314012     56.6212890     77.7876332
     490.000      57.2843556     43.0088770     57.5891489     78.3587054
     500.000      56.8483980     44.1818776     58.5331875     78.9393368
     510.000      56.4007340     45.3501114     59.4537240     79.5292908
     520.000      55.9414126     46.5133106     60.3511049     80.1283341
     530.000      55.4704854     47.6712294     61.2257004     80.7362369
     540.000      54.9880063     48.8236428     62.0779020     81.3527734
     550.000      54.4940316     49.9703457     62.9081189     81.9777217
     560.000      53.9886191     51.1111516     63.7167758     82.6108640
     570.000      53.4718287     52.2458913     64.5043101     83.2519868
     580.000      52.9437220     53.3744125     65.2711688     83.9008812
     590.000      52.4043617     54.4965781     66.0178070     84.5573428
     600.000      51.8538120     55.6122658     66.7446852     85.2211715
     610.000      51.2921383     56.7213669     67.4522674     85.8921722
     620.000      50.7194070     57.8237857     68.1410197     86.5701541
     630.000      50.1356852     58.9194384     68.8114078     87.2549313
     640.000      49.5410410     60.0082525     69.4638965     87.9463226
     650.000      48.9355431     61.0901662     70.0989478     88.6441511
     660.000      48.3192608     62.1651274     70.7170198     89.3482449
     670.000      47.6922639     63.2330934     71.3185660     90.0584365
     680.000      47.0546224     64.2940298     71.9040340     90.7745627
     690.000      46.4064068     65.3479104     72.4738650     91.4964650
     700.000      45.7476878     66.3947164     73.0284931     92.2239893
     710.000      45.0785361     67.4344359     73.5683446     92.9569856
     720.000      44.3990227     68.4670634     74.0938379     93.6953083
     730.000      43.7092185     69.4925992     74.6053826     94.4388159
     740.000      43.0091943     70.5110493     75.1033797     95.1873708
     750.000      42.2990211     71.5224247     75.5882208     95.9408396
     760.000      41.5787694     72.5267412     76.0602888     96.6990927
     770.000      40.8485097     73.5240186     76.5199567     97.4620041
     780.000      40.1083124     74.5142811     76.9675884     98.2294517
     790.000      39.3582474     75.4975563     77.4035382     99.0013169
     800.000      38.5983844     76.4738753     77.8281511     99.7774846
     810.000      37.8287930     77.4432720     78.2417626    100.5578432
     820.000      37.0495420     78.4057834     78.6446989    101.3422843
     830.000      36.2607001     79.3614489     79.0372769    102.1307027
     840.000      35.4623357     80.3103104     79.4198044    102.9229964
     850.000      34.6545164     81.2524116     79.7925803    103.7190663
     860.000      33.8373098     82.1877984     80.1558947    104.5188164
     870.000      33.0107827     83.1165183     80.5100287    105.3221536
     880.000      32.1750015     84.0386202     80.8552553    106.1289873
     890.000      31.3300322     84.9541547     81.1918391    106.9392299
     900.000      30.4759401     85.8631733     81.5200363    107.7527961
     910.000      29.6127903     86.7657288     81.8400954    108.5696035
     920.000      28.7406469     87.6618748     82.1522572    109.3895717
     930.000      27.8595739     88.5516657     82.4567549    110.2126231
     940.000      26.9696346     89.4351568     82.7538143    111.0386820
     950.000      26.0708916     90.3124039     83.0436540    111.8676753
     960.000      25.1634072     91.1834631     83.3264859    112.6995317
     970.000      24.2472428     92.0483913     83.6025150    113.5341823
     980.000      23.3224596     92.9072454     83.8719398    114.3715600
     990.000      22.3891179     93.7600826     84.1349524    115.2115998
    1000.000      21.4472778     94.6069605     84.3917388    116.0542383
                 _
   ___ _ __   __| |
  / _ \ '_ \ / _` |
 |  __/ | | | (_| |
  \___|_| |_|\__,_|

