        _
  _ __ | |__   ___  _ __   ___   _ __  _   _
 | '_ \| '_ \ / _ \| '_ \ / _ \ | '_ \| | | |
 | |_) | | | | (_) | | | | (_) || |_) | |_| |
 | .__/|_| |_|\___/|_| |_|\___(_) .__/ \__, |
 |_|                            |_|    |___/
                                     1.10.10

Python version 2.7.12
Spglib version 1.9.2
Mesh sampling mode
Settings:
  Sampling mesh: [9 9 4]
  Supercell: [2 2 2]
Spacegroup: Cmcm (63)
Computing force constants...
Number of irreducible q-points on sampling mesh: 50/324
Calculating thermal properties...
#      T [K]      F [kJ/mol]    S [J/K/mol]  C_v [J/K/mol]     E [kJ/mol]
       0.000      59.1332350      0.0000000      0.0000000     59.1332350
      10.000      59.1331957      0.0167745      0.0480329     59.1333634
      20.000      59.1326770      0.0970588      0.2162020     59.1346182
      30.000      59.1311013      0.2237428      0.4277797     59.1378136
      40.000      59.1281013      0.3814988      0.6971883     59.1433613
      50.000      59.1233468      0.5768759      1.0957420     59.1521906
      60.000      59.1163876      0.8250195      1.6767807     59.1658888
      70.000      59.1066245      1.1395497      2.4568844     59.1863930
      80.000      59.0933469      1.5288134      3.4241741     59.2156520
      90.000      59.0757886      1.9958258      4.5523027     59.2554129
     100.000      59.0531743      2.5395923      5.8111604     59.3071335
     110.000      59.0247525      3.1565997      7.1728771     59.3719784
     120.000      58.9898142      3.8420148      8.6142411     59.4508560
     130.000      58.9477019      4.5905042     10.1170141     59.5444675
     140.000      58.8978117      5.3967320     11.6672718     59.6533542
     150.000      58.8395918      6.2556262     13.2544498     59.7779357
     160.000      58.7725393      7.1624981     14.8704270     59.9185390
     170.000      58.6961962      8.1130735     16.5087719     60.0754187
     180.000      58.6101451      9.1034784     18.1641757     60.2487712
     190.000      58.5140056     10.1302007     19.8320495     60.4387437
     200.000      58.4074307     11.1900462     21.5082562     60.6454400
     210.000      58.2901040     12.2800939     23.1889411     60.8689238
     220.000      58.1617371     13.3976560     24.8704362     61.1092215
     230.000      58.0220675     14.5402430     26.5492135     61.3663234
     240.000      57.8708566     15.7055363     28.2218728     61.6401853
     250.000      57.7078884     16.8913649     29.8851485     61.9307296
     260.000      57.5329677     18.0956882     31.5359275     62.2378466
     270.000      57.3459194     19.3165825     33.1712713     62.5613966
     280.000      57.1465869     20.5522306     34.7884381     62.9012114
     290.000      56.9348313     21.8009140     36.3849014     63.2570964
     300.000      56.7105306     23.0610073     37.9583645     63.6288328
     310.000      56.4735783     24.3309737     39.5067698     64.0161801
     320.000      56.2238830     25.6093610     41.0283024     64.4188786
     330.000      55.9613675     26.8947993     42.5213901     64.8366513
     340.000      55.6859678     28.1859977     43.9846977     65.2692071
     350.000      55.3976324     29.4817424     45.4171193     65.7162423
     360.000      55.0963216     30.7808941     46.8177664     66.1774435
     370.000      54.7820068     32.0823855     48.1859557     66.6524894
     380.000      54.4546695     33.3852192     49.5211937     67.1410528
     390.000      54.1143010     34.6884650     50.8231616     67.6428024
     400.000      53.7609017     35.9912572     52.0916996     68.1574046
     410.000      53.3944801     37.2927921     53.3267913     68.6845249
     420.000      53.0150525     38.5923255     54.5285480     69.2238293
     430.000      52.6226425     39.8891695     55.6971943     69.7749854
     440.000      52.2172802     41.1826900     56.8330537     70.3376638
     450.000      51.7990018     42.4723040     57.9365355     70.9115386
     460.000      51.3678489     43.7574767     59.0081228     71.4962882
     470.000      50.9238687     45.0377188     60.0483608     72.0915965
     480.000      50.4671125     46.3125842     61.0578469     72.6971529
     490.000      49.9976363     47.5816670     62.0372208     73.3126531
     500.000      49.5154997     48.8445991     62.9871566     73.9377992
     510.000      49.0207659     50.1010481     63.9083549     74.5723004
     520.000      48.5135013     51.3507146     64.8015364     75.2158729
     530.000      47.9937751     52.5933304     65.6674355     75.8682402
     540.000      47.4616590     53.8286558     66.5067956     76.5291332
     550.000      46.9172270     55.0564784     67.3203638     77.1982901
     560.000      46.3605551     56.2766105     68.1088880     77.8754570
     570.000      45.7917210     57.4888876     68.8731124     78.5603869
     580.000      45.2108040     58.6931667     69.6137752     79.2528407
     590.000      44.6178847     59.8893247     70.3316061     79.9525863
     600.000      44.0130449     61.0772570     71.0273239     80.6593991
     610.000      43.3963673     62.2568756     71.7016350     81.3730614
     620.000      42.7679354     63.4281087     72.3552319     82.0933627
     630.000      42.1278333     64.5908984     72.9887921     82.8200993
     640.000      41.4761457     65.7452005     73.6029772     83.5530740
     650.000      40.8129577     66.8909827     74.1984320     84.2920964
     660.000      40.1383545     68.0282239     74.7757844     85.0369823
     670.000      39.4524217     69.1569136     75.3356446     85.7875538
     680.000      38.7552447     70.2770502     75.8786052     86.5436389
     690.000      38.0469092     71.3886410     76.4052410     87.3050715
     700.000      37.3275004     72.4917011     76.9161090     88.0716911
     710.000      36.5971035     73.5862526     77.4117485     88.8433429
     720.000      35.8558036     74.6723243     77.8926812     89.6198771
     730.000      35.1036852     75.7499507     78.3594118     90.4011492
     740.000      34.3408326     76.8191717     78.8124278     91.1870196
     750.000      33.5673296     77.8800320     79.2521999     91.9773536
     760.000      32.7832596     78.9325807     79.6791827     92.7720210
     770.000      31.9887055     79.9768708     80.0938148     93.5708961
     780.000      31.1837496     81.0129589     80.4965193     94.3738575
     790.000      30.3684735     82.0409045     80.8877041     95.1807881
     800.000      29.5429584     83.0607701     81.2677624     95.9915745
     810.000      28.7072848     84.0726206     81.6370733     96.8061075
     820.000      27.8615325     85.0765230     81.9960021     97.6242814
     830.000      27.0057806     86.0725464     82.3449006     98.4459941
     840.000      26.1401076     87.0607613     82.6841077     99.2711471
     850.000      25.2645912     88.0412398     83.0139500    100.0996450
     860.000      24.3793083     89.0140553     83.3347418    100.9313959
     870.000      23.4843354     89.9792820     83.6467859    101.7663107
     880.000      22.5797477     90.9369951     83.9503740    102.6043034
     890.000      21.6656202     91.8872704     84.2457867    103.4452909
     900.000      20.7420269     92.8301844     84.5332945    104.2891928
     910.000      19.8090408     93.7658137     84.8131575    105.1359313
     920.000      18.8667346     94.6942356     85.0856267    105.9854313
     930.000      17.9151799     95.6155270     85.3509432    106.8376200
     940.000      16.9544476     96.5297655     85.6093395    107.6924271
     950.000      15.9846078     97.4370281     85.8610396    108.5497845
     960.000      15.0057300     98.3373920     86.1062591    109.4096263
     970.000      14.0178827     99.2309341     86.3452055    110.2718888
     980.000      13.0211338    100.1177310     86.5780790    111.1365102
     990.000      12.0155504    100.9978590     86.8050722    112.0034308
    1000.000      11.0011986    101.8713940     87.0263708    112.8725926
                 _
   ___ _ __   __| |
  / _ \ '_ \ / _` |
 |  __/ | | | (_| |
  \___|_| |_|\__,_|

