32   
4    

1    
  0.0036020900671388  -0.0000001623539721   0.0093287162633377
  -0.2286564800    0.0042863400   -0.1352662000
   0.0318491200    0.0031584700   -0.0036886100
  -0.0061945600   -0.0187985100   -0.0036215300
  -0.0063032500    0.0251973000   -0.0037647000
  -0.0057074500    0.0032070400    0.0026667400
  -0.0056710100    0.0032027600    0.0027382100
  -0.0056854900    0.0031918600    0.0027400000
  -0.0056878800    0.0032104500    0.0027402600
   0.0053693900   -0.0031731900   -0.0027949000
   0.0050402500   -0.0032780200   -0.0029173900
   0.0052960100   -0.0029444600   -0.0028553700
   0.0050574300   -0.0031449600   -0.0016008800
   0.0055266000   -0.0029727300   -0.0030294300
   0.0058314000   -0.0030767800   -0.0029095800
   0.0057668000   -0.0032931900   -0.0029687200
   0.0055264100   -0.0031233000   -0.0016082700
   0.0057634700   -0.0024457000    0.0121717900
   0.0344562600   -0.0030834300    0.0459753700
   0.0813927300    0.0245880900    0.0464157700
   0.0819199400   -0.0299135900    0.0454767300
   0.0042982900   -0.0024143900   -0.0004496700
   0.0043015100   -0.0024138800   -0.0004151700
   0.0042985700   -0.0024111400   -0.0004156800
   0.0043040300   -0.0024101200   -0.0004143300
  -0.0043679700    0.0025567300    0.0012438900
  -0.0033839000    0.0027273900    0.0013431200
  -0.0040231500    0.0018014600    0.0013007500
  -0.0037776800    0.0023606200    0.0001690800
  -0.0036843400    0.0020129300    0.0012564300
  -0.0045567500    0.0021850200    0.0011656600
  -0.0042718100    0.0028591600    0.0012016400
  -0.0040264900    0.0023517700    0.0001150000

1    
 -0.0036020900671388   0.0000001623539721  -0.0093287162633377
   0.2175626600    0.0041963100    0.1352850500
  -0.0429936100    0.0031609800    0.0037545400
  -0.0048389600    0.0251981300    0.0038209400
  -0.0049310100   -0.0188071800    0.0037009200
  -0.0053736600    0.0032116000   -0.0027470500
  -0.0054062000    0.0032065500   -0.0028218400
  -0.0053868300    0.0032147100   -0.0028199100
  -0.0053882400    0.0031943800   -0.0028193900
   0.0052943700   -0.0032656700    0.0030129200
   0.0056020100   -0.0031600400    0.0031342300
   0.0053612900   -0.0034778200    0.0030729900
   0.0056046300   -0.0033014200    0.0017091900
   0.0060630200   -0.0034263700    0.0028452200
   0.0057452200   -0.0033261100    0.0027205400
   0.0058116200   -0.0030902900    0.0027843200
   0.0060568300   -0.0032741700    0.0015292000
   0.0026970100   -0.0024055200   -0.0121884000
  -0.0259518600   -0.0030173200   -0.0459912100
  -0.0733933200   -0.0298521400   -0.0455378100
  -0.0729691700    0.0246833200   -0.0463859800
   0.0040655600   -0.0024418600    0.0004449200
   0.0040647200   -0.0024427500    0.0004099300
   0.0040668900   -0.0024369700    0.0004107900
   0.0040723500   -0.0024413100    0.0004073800
  -0.0039749700    0.0023951800   -0.0010632800
  -0.0048419100    0.0022233700   -0.0011483700
  -0.0042542400    0.0030693800   -0.0011125100
  -0.0045021800    0.0025665200   -0.0000146500
  -0.0049680800    0.0028347200   -0.0014341600
  -0.0039911500    0.0026559000   -0.0013288000
  -0.0043307000    0.0018969000   -0.0013710800
  -0.0045720800    0.0024590100   -0.0002586400

17   
  0.0036020900671388  -0.0000001623539721   0.0093287162633377
  -0.0041251800    0.0032135500    0.0095507700
   0.0245632800    0.0038292800    0.0433730200
   0.0719513400    0.0306253600    0.0429122300
   0.0715249400   -0.0238442600    0.0437825800
  -0.0058049500    0.0032115600   -0.0024763100
  -0.0057964000    0.0032201600   -0.0024408400
  -0.0058142000    0.0032069400   -0.0024418900
  -0.0057976400    0.0032050300   -0.0024393300
   0.0055922100   -0.0032552300    0.0032790600
   0.0058399300   -0.0030651300    0.0036340900
   0.0055509200   -0.0033556500    0.0034551900
   0.0058069000   -0.0032227500    0.0023354500
   0.0060437800   -0.0033508700    0.0038527300
   0.0058056600   -0.0031852500    0.0034977300
   0.0057787400   -0.0030830500    0.0036747700
   0.0060242900   -0.0032116200    0.0025789200
  -0.2172644800   -0.0037301300   -0.1371687900
   0.0428853500   -0.0026873000   -0.0070343800
   0.0057941800   -0.0241190600   -0.0070959200
   0.0058941900    0.0186627500   -0.0069883600
   0.0055310100   -0.0026122200    0.0007443500
   0.0055160200   -0.0026142900    0.0005334700
   0.0055199000   -0.0026052700    0.0005321600
   0.0055179600   -0.0026173000    0.0005326300
  -0.0062240700    0.0028996200   -0.0000707300
  -0.0058545200    0.0028646700    0.0000814900
  -0.0060097200    0.0025671000   -0.0000063700
  -0.0061349700    0.0027725100   -0.0005461000
  -0.0053805500    0.0024875700    0.0002966500
  -0.0057556400    0.0024347600    0.0001508500
  -0.0055263300    0.0027846400    0.0002146200
  -0.0056519400    0.0025739000   -0.0003037600

17   
 -0.0036020900671388   0.0000001623539721  -0.0093287162633377
  -0.0070365500    0.0032325700   -0.0098016700
  -0.0357596900    0.0038633300   -0.0435985200
  -0.0826825400   -0.0237898900   -0.0440474100
  -0.0832044400    0.0306908200   -0.0431003700
  -0.0060077500    0.0032114100    0.0027244700
  -0.0060119400    0.0032144200    0.0026899900
  -0.0060101700    0.0032133600    0.0026891700
  -0.0060053400    0.0032086800    0.0026906500
   0.0054158200   -0.0031331700   -0.0034122700
   0.0051797300   -0.0032736400   -0.0037643700
   0.0054185600   -0.0030082800   -0.0035883900
   0.0051958900   -0.0031379200   -0.0024917900
   0.0054102300   -0.0029404400   -0.0037456200
   0.0056538200   -0.0031523800   -0.0033859500
   0.0057153300   -0.0032459000   -0.0035643700
   0.0054411300   -0.0031087600   -0.0024430400
   0.2271998300   -0.0040610900    0.1370658100
  -0.0328970400   -0.0029161300    0.0068526700
   0.0040598000    0.0184044500    0.0067905600
   0.0041731700   -0.0243444100    0.0069310000
   0.0046888500   -0.0024218100   -0.0005228300
   0.0047041800   -0.0024228700   -0.0003106600
   0.0047006200   -0.0024254200   -0.0003107000
   0.0046986800   -0.0024203200   -0.0003119700
  -0.0038323700    0.0024701600   -0.0000925000
  -0.0042031000    0.0025245500   -0.0002035100
  -0.0040658400    0.0028159400   -0.0001445300
  -0.0039486700    0.0026061300    0.0003765200
  -0.0042000100    0.0026778300   -0.0002213200
  -0.0038342200    0.0027085600   -0.0000441500
  -0.0040436900    0.0023760700   -0.0001253400
  -0.0039123100    0.0025841500    0.0004204400
