        _
  _ __ | |__   ___  _ __   ___   _ __  _   _
 | '_ \| '_ \ / _ \| '_ \ / _ \ | '_ \| | | |
 | |_) | | | | (_) | | | | (_) || |_) | |_| |
 | .__/|_| |_|\___/|_| |_|\___(_) .__/ \__, |
 |_|                            |_|    |___/
                                     1.10.10

Python version 2.7.12
Spglib version 1.9.2
Mesh sampling mode
Settings:
  Sampling mesh: [9 9 4]
  Supercell: [2 2 2]
Spacegroup: Cmcm (63)
Computing force constants...
Number of irreducible q-points on sampling mesh: 50/324
Calculating thermal properties...
#      T [K]      F [kJ/mol]    S [J/K/mol]  C_v [J/K/mol]     E [kJ/mol]
       0.000      66.5605541      0.0000000      0.0000000     66.5605541
      10.000      66.5605466      0.0044743      0.0187418     66.5605913
      20.000      66.5603572      0.0370293      0.0826713     66.5610978
      30.000      66.5597585      0.0852663      0.1711138     66.5623165
      40.000      66.5585755      0.1565704      0.3533112     66.5648383
      50.000      66.5564978      0.2664502      0.6658437     66.5698203
      60.000      66.5530819      0.4255723      1.1166345     66.5786162
      70.000      66.5478007      0.6403412      1.7088641     66.5926245
      80.000      66.5400754      0.9149646      2.4446707     66.6132725
      90.000      66.5292925      1.2522100      3.3223302     66.6419914
     100.000      66.5148175      1.6535241      4.3350592     66.6801699
     110.000      66.4960078      2.1190710      5.4715776     66.7291056
     120.000      66.4722252      2.6478388      6.7173605     66.7899659
     130.000      66.4428469      3.2378118      8.0560178     66.8637624
     140.000      66.4072743      3.8861778      9.4705737     66.9513391
     150.000      66.3649399      4.5895454     10.9445327     67.0533718
     160.000      66.3153125      5.3441521     12.4626697     67.1703769
     170.000      66.2578993      6.1460474     14.0115288     67.3027273
     180.000      66.1922472      6.9912455     15.5796553     67.4506714
     190.000      66.1179431      7.8758419     17.1576144     67.6143530
     200.000      66.0346116      8.7960979     18.7378572     67.7938312
     210.000      65.9419140      9.7484952     20.3144966     67.9890980
     220.000      65.8395454     10.7297660     21.8830410     68.2000940
     230.000      65.7272325     11.7369045     23.4401233     68.4267205
     240.000      65.6047303     12.7671647     24.9832485     68.6688498
     250.000      65.4718205     13.8180492     26.5105751     68.9263328
     260.000      65.3283082     14.8872920     28.0207336     69.1990041
     270.000      65.1740203     15.9728386     29.5126832     69.4866867
     280.000      65.0088033     17.0728251     30.9856038     69.7891943
     290.000      64.8325213     18.1855578     32.4388179     70.1063331
     300.000      64.6450548     19.3094941     33.8717367     70.4379030
     310.000      64.4462988     20.4432245     35.2838261     70.7836984
     320.000      64.2361620     21.5854577     36.6745862     71.1435084
     330.000      64.0145653     22.7350065     38.0435422     71.5171174
     340.000      63.7814411     23.8907764     39.3902411     71.9043051
     350.000      63.5367324     25.0517550     40.7142542     72.3048466
     360.000      63.2803918     26.2170040     42.0151808     72.7185132
     370.000      63.0123810     27.3856516     43.2926538     73.1450721
     380.000      62.7326701     28.5568865     44.5463453     73.5842870
     390.000      62.4412372     29.7299528     45.7759712     74.0359187
     400.000      62.1380673     30.9041452     46.9812954     74.4997254
     410.000      61.8231527     32.0788057     48.1621327     74.9754630
     420.000      61.4964917     33.2533197     49.3183509     75.4628860
     430.000      61.1580887     34.4271140     50.4498710     75.9617477
     440.000      60.8079536     35.5996532     51.5566674     76.4718010
     450.000      60.4461015     36.7704383     52.6387667     76.9927987
     460.000      60.0725522     37.9390044     53.6962455     77.5244943
     470.000      59.6873302     39.1049186     54.7292286     78.0666420
     480.000      59.2904641     40.2677785     55.7378856     78.6189977
     490.000      58.8819861     41.4272106     56.7224279     79.1813193
     500.000      58.4619324     42.5828686     57.6831055     79.7533667
     510.000      58.0303424     43.7344322     58.6202032     80.3349028
     520.000      57.5872584     44.8816055     59.5340372     80.9256933
     530.000      57.1327258     46.0241157     60.4249516     81.5255072
     540.000      56.6667925     47.1617123     61.2933151     82.1341171
     550.000      56.1895087     48.2941652     62.1395172     82.7512996
     560.000      55.7009270     49.4212641     62.9639660     83.3768350
     570.000      55.2011019     50.5428173     63.7670841     84.0105078
     580.000      54.6900898     51.6586504     64.5493068     84.6521070
     590.000      54.1679485     52.7686055     65.3110788     85.3014258
     600.000      53.6347377     53.8725403     66.0528525     85.9582619
     610.000      53.0905182     54.9703270     66.7750851     86.6224177
     620.000      52.5353521     56.0618515     67.4782373     87.2937000
     630.000      51.9693024     57.1470127     68.1627710     87.9719204
     640.000      51.3924333     58.2257212     68.8291480     88.6568949
     650.000      50.8048097     59.2978994     69.4778284     89.3484443
     660.000      50.2064973     60.3634798     70.1092695     90.0463940
     670.000      49.5975623     61.4224051     70.7239244     90.7505738
     680.000      48.9780716     62.4746272     71.3222414     91.4608180
     690.000      48.3480923     63.5201063     71.9046627     92.1769656
     700.000      47.7076920     64.5588111     72.4716242     92.8988598
     710.000      47.0569387     65.5907173     73.0235542     93.6263480
     720.000      46.3959004     66.6158080     73.5608737     94.3592821
     730.000      45.7246453     67.6340724     74.0839952     95.0975181
     740.000      45.0432417     68.6455059     74.5933229     95.8409161
     750.000      44.3517579     69.6501093     75.0892518     96.5893399
     760.000      43.6502623     70.6478888     75.5721684     97.3426577
     770.000      42.9388229     71.6388550     76.0424498     98.1007412
     780.000      42.2175078     72.6230231     76.5004636     98.8634658
     790.000      41.4863850     73.6004123     76.9465685     99.6307108
     800.000      40.7455221     74.5710457     77.3811134    100.4023587
     810.000      39.9949865     75.5349495     77.8044383    101.1782956
     820.000      39.2348454     76.4921533     78.2168736    101.9584111
     830.000      38.4651657     77.4426894     78.6187406    102.7425979
     840.000      37.6860138     78.3865929     79.0103516    103.5307518
     850.000      36.8974558     79.3239011     79.3920097    104.3227717
     860.000      36.0995576     80.2546537     79.7640093    105.1185598
     870.000      35.2923845     81.1788922     80.1266361    105.9180207
     880.000      34.4760013     82.0966600     80.4801673    106.7210622
     890.000      33.6504727     83.0080022     80.8248716    107.5275946
     900.000      32.8158625     83.9129650     81.1610097    108.3375310
     910.000      31.9722345     84.8115963     81.4888343    109.1507871
     920.000      31.1196516     85.7039449     81.8085901    109.9672808
     930.000      30.2581764     86.5900607     82.1205144    110.7869328
     940.000      29.3878710     87.4699945     82.4248370    111.6096658
     950.000      28.5087969     88.3437979     82.7217806    112.4354049
     960.000      27.6210153     89.2115232     83.0115608    113.2640775
     970.000      26.7245865     90.0732231     83.2943864    114.0956130
     980.000      25.8195707     90.9289511     83.5704596    114.9299427
     990.000      24.9060272     91.7787607     83.8399761    115.7670003
    1000.000      23.9840150     92.6227060     84.1031255    116.6067210
                 _
   ___ _ __   __| |
  / _ \ '_ \ / _` |
 |  __/ | | | (_| |
  \___|_| |_|\__,_|

