        _
  _ __ | |__   ___  _ __   ___   _ __  _   _
 | '_ \| '_ \ / _ \| '_ \ / _ \ | '_ \| | | |
 | |_) | | | | (_) | | | | (_) || |_) | |_| |
 | .__/|_| |_|\___/|_| |_|\___(_) .__/ \__, |
 |_|                            |_|    |___/
                                     1.10.10

Python version 2.7.12
Spglib version 1.9.2
Mesh sampling mode
Settings:
  Sampling mesh: [9 9 4]
  Supercell: [2 2 2]
Spacegroup: Cmcm (63)
Computing force constants...
Number of irreducible q-points on sampling mesh: 50/324
Calculating thermal properties...
#      T [K]      F [kJ/mol]    S [J/K/mol]  C_v [J/K/mol]     E [kJ/mol]
       0.000      65.6909237      0.0000000      0.0000000     65.6909237
      10.000      65.6909027      0.0102925      0.0328256     65.6910056
      20.000      65.6905907      0.0556349      0.1107007     65.6917034
      30.000      65.6897205      0.1225943      0.2417236     65.6933983
      40.000      65.6880331      0.2212892      0.4755898     65.6968847
      50.000      65.6851486      0.3636273      0.8347524     65.7033300
      60.000      65.6805903      0.5569286      1.3219166     65.7140061
      70.000      65.6738261      0.8053912      1.9396530     65.7302034
      80.000      65.6642887      1.1119646      2.6912935     65.7532459
      90.000      65.6513859      1.4787768      3.5766929     65.7844758
     100.000      65.6345084      1.9070016      4.5905631     65.8252085
     110.000      65.6130407      2.3967439      5.7229537     65.8766825
     120.000      65.5863715      2.9470577      6.9605208     65.9400184
     130.000      65.5539038      3.5560669      8.2879345     66.0161925
     140.000      65.5150632      4.2211426      9.6891816     66.1060232
     150.000      65.4693046      4.9391028     11.1486472     66.2101700
     160.000      65.4161166      5.7064080     12.6519123     66.3291419
     170.000      65.3550244      6.5193369     14.1862505     66.4633116
     180.000      65.2855903      7.3741328     15.7408517     66.6129342
     190.000      65.2074144      8.2671156     17.3068298     66.7781664
     200.000      65.1201325      9.1947620     18.8770790     66.9590849
     210.000      65.0234147     10.1537563     20.4460431     67.1557035
     220.000      64.9169632     11.1410179     22.0094494     67.3679871
     230.000      64.8005096     12.1537106     23.5640414     67.5958631
     240.000      64.6738129     13.1892390     25.1073373     67.8392302
     250.000      64.5366566     14.2452364     26.6374237     68.0979657
     260.000      64.3888471     15.3195480     28.1527886     68.3719296
     270.000      64.2302112     16.4102115     29.6521949     68.6609683
     280.000      64.0605944     17.5154371     31.1345865     68.9649168
     290.000      63.8798594     18.6335889     32.5990250     69.2836002
     300.000      63.6878845     19.7631668     34.0446479     69.6168346
     310.000      63.4845626     20.9027908     35.4706447     69.9644277
     320.000      63.2697995     22.0511874     36.8762457     70.3261795
     330.000      63.0435135     23.2071778     38.2607181     70.7018822
     340.000      62.8056343     24.3696671     39.6233687     71.0913211
     350.000      62.5561019     25.5376364     40.9635489     71.4942746
     360.000      62.2948664     26.7101353     42.2806604     71.9105152
     370.000      62.0218871     27.8862759     43.5741617     72.3398091
     380.000      61.7371316     29.0652277     44.8435735     72.7819181
     390.000      61.4405757     30.2462133     46.0884830     73.2365989
     400.000      61.1322030     31.4285049     47.3085468     73.7036049
     410.000      60.8120036     32.6114209     48.5034921     74.1826861
     420.000      60.4799746     33.7943232     49.6731174     74.6735903
     430.000      60.1361191     34.9766151     50.8172910     75.1760636
     440.000      59.7804462     36.1577385     51.9359492     75.6898511
     450.000      59.4129700     37.3371723     53.0290936     76.2146976
     460.000      59.0337100     38.5144308     54.0967873     76.7503481
     470.000      58.6426902     39.6890611     55.1391508     77.2965489
     480.000      58.2399389     40.8606424     56.1563581     77.8530473
     490.000      57.8254888     42.0287840     57.1486320     78.4195929
     500.000      57.3993759     43.1931236     58.1162393     78.9959377
     510.000      56.9616401     44.3533263     59.0594864     79.5818365
     520.000      56.5123242     45.5090830     59.9787148     80.1770474
     530.000      56.0514742     46.6601090     60.8742968     80.7813320
     540.000      55.5791387     47.8061428     61.7466311     81.3944558
     550.000      55.0953688     48.9469449     62.5961392     82.0161885
     560.000      54.6002180     50.0822965     63.4232616     82.6463040
     570.000      54.0937417     51.2119981     64.2284542     83.2845806
     580.000      53.5759974     52.3358691     65.0121855     83.9308015
     590.000      53.0470443     53.4537459     65.7749333     84.5847544
     600.000      52.5069430     54.5654814     66.5171823     85.2462319
     610.000      51.9557556     55.6709439     67.2394218     85.9150314
     620.000      51.3935454     56.7700158     67.9421434     86.5909552
     630.000      50.8203769     57.8625935     68.6258390     87.2738108
     640.000      50.2363155     58.9485855     69.2909993     87.9634102
     650.000      49.6414274     60.0279126     69.9381122     88.6595706
     660.000      49.0357797     61.1005064     70.5676616     89.3621139
     670.000      48.4194399     62.1663089     71.1801260     90.0708669
     680.000      47.7924763     63.2252717     71.7759777     90.7856611
     690.000      47.1549574     64.2773554     72.3556818     91.5063326
     700.000      46.5069522     65.3225288     72.9196958     92.2327224
     710.000      45.8485300     66.3607687     73.4684686     92.9646758
     720.000      45.1797600     67.3920589     74.0024402     93.7020424
     730.000      44.5007120     68.4163899     74.5220414     94.4446767
     740.000      43.8114554     69.4337586     75.0276934     95.1924368
     750.000      43.1120600     70.4441672     75.5198072     95.9451854
     760.000      42.4025953     71.4476235     75.9987842     96.7027891
     770.000      41.6831307     72.4441401     76.4650155     97.4651186
     780.000      40.9537356     73.4337342     76.9188817     98.2320482
     790.000      40.2144790     74.4164269     77.3607537     99.0034563
     800.000      39.4654299     75.3922432     77.7909919     99.7792245
     810.000      38.7066570     76.3612117     78.2099465    100.5592385
     820.000      37.9382284     77.3233641     78.6179580    101.3433870
     830.000      37.1602123     78.2787349     79.0153566    102.1315623
     840.000      36.3726762     79.2273614     79.4024630    102.9236598
     850.000      35.5756874     80.1692833     79.7795882    103.7195783
     860.000      34.7693127     81.1045425     80.1470338    104.5192193
     870.000      33.9536186     82.0331828     80.5050922    105.3224876
     880.000      33.1286710     82.9552498     80.8540465    106.1292908
     890.000      32.2945354     83.8707907     81.1941713    106.9395391
     900.000      31.4512768     84.7798543     81.5257323    107.7531457
     910.000      30.5989597     85.6824905     81.8489870    108.5700261
     920.000      29.7376482     86.5787504     82.1641844    109.3900986
     930.000      28.8674058     87.4686860     82.4715660    110.2132837
     940.000      27.9882954     88.3523502     82.7713651    111.0395046
     950.000      27.1003795     89.2297968     83.0638076    111.8686865
     960.000      26.2037200     90.1010802     83.3491123    112.7007570
     970.000      25.2983783     90.9662551     83.6274907    113.5356457
     980.000      24.3844151     91.8253768     83.8991474    114.3732844
     990.000      23.4618907     92.6785012     84.1642804    115.2136069
    1000.000      22.5308649     93.5256840     84.4230813    116.0565489
                 _
   ___ _ __   __| |
  / _ \ '_ \ / _` |
 |  __/ | | | (_| |
  \___|_| |_|\__,_|

