        _
  _ __ | |__   ___  _ __   ___   _ __  _   _
 | '_ \| '_ \ / _ \| '_ \ / _ \ | '_ \| | | |
 | |_) | | | | (_) | | | | (_) || |_) | |_| |
 | .__/|_| |_|\___/|_| |_|\___(_) .__/ \__, |
 |_|                            |_|    |___/
                                     1.10.10

Python version 2.7.12
Spglib version 1.9.2
Mesh sampling mode
Settings:
  Sampling mesh: [9 9 4]
  Supercell: [2 2 2]
Spacegroup: Fd-3m (227)
Computing force constants...
Number of irreducible q-points on sampling mesh: 324/324
Calculating thermal properties...
#      T [K]      F [kJ/mol]    S [J/K/mol]  C_v [J/K/mol]     E [kJ/mol]
       0.000      29.8913799      0.0000000      0.0000000     29.8913799
      10.000      29.8913799      0.0000000      0.0000000     29.8913799
      20.000      29.8913798      0.0000143      0.0001652     29.8913801
      30.000      29.8913777      0.0006786      0.0052568     29.8913981
      40.000      29.8913549      0.0047804      0.0283828     29.8915461
      50.000      29.8912582      0.0160157      0.0793415     29.8920590
      60.000      29.8910007      0.0373865      0.1636165     29.8932439
      70.000      29.8904686      0.0713208      0.2868649     29.8954611
      80.000      29.8895248      0.1201228      0.4561354     29.8991346
      90.000      29.8880088      0.1861457      0.6787953     29.9047619
     100.000      29.8857366      0.2717308      0.9611568     29.9129097
     110.000      29.8825016      0.3790693      1.3077166     29.9241992
     120.000      29.8780763      0.5100867      1.7210076     29.9392867
     130.000      29.8722156      0.6663757      2.2017620     29.9588444
     140.000      29.8646604      0.8491700      2.7491470     29.9835442
     150.000      29.8551409      1.0593429      3.3609778     30.0140423
     160.000      29.8433805      1.2974189      4.0339013     30.0509675
     170.000      29.8290988      1.5635928      4.7635716     30.0949096
     180.000      29.8120153      1.8577537      5.5448348     30.1464110
     190.000      29.7918517      2.1795125      6.3719285     30.2059591
     200.000      29.7683351      2.5282331      7.2386876     30.2739818
     210.000      29.7412000      2.9030660      8.1387453     30.3508438
     220.000      29.7101902      3.3029827      9.0657186     30.4368464
     230.000      29.6750606      3.7268108     10.0133680     30.5322271
     240.000      29.6355785      4.1732675     10.9757281     30.6371627
     250.000      29.5915244      4.6409905     11.9472066     30.7517720
     260.000      29.5426925      5.1285673     12.9226531     30.8761200
     270.000      29.4888917      5.6345594     13.8974015     31.0102227
     280.000      29.4299448      6.1575251     14.8672893     31.1540518
     290.000      29.3656893      6.6960369     15.8286586     31.3075400
     300.000      29.2959769      7.2486969     16.7783426     31.4705860
     310.000      29.2206728      7.8141488     17.7136425     31.6430589
     320.000      29.1396556      8.3910864     18.6322961     31.8248033
     330.000      29.0528169      8.9782611     19.5324434     32.0156431
     340.000      28.9600602      9.5744859     20.4125893     32.2153854
     350.000      28.8613008     10.1786385     21.2715660     32.4238243
     360.000      28.7564646     10.7896630     22.1084964     32.6407432
     370.000      28.6454879     11.4065694     22.9227582     32.8659186
     380.000      28.5283167     12.0284338     23.7139518     33.0991215
     390.000      28.4049056     12.6543960     24.4818692     33.3401200
     400.000      28.2752178     13.2836584     25.2264660     33.5886811
     410.000      28.1392239     13.9154830     25.9478368     33.8445719
     420.000      27.9969018     14.5491888     26.6461926     34.1075611
     430.000      27.8482359     15.1841492     27.3218406     34.3774201
     440.000      27.6932166     15.8197885     27.9751668     34.6539235
     450.000      27.5318397     16.4555796     28.6066209     34.9368505
     460.000      27.3641061     17.0910405     29.2167027     35.2259847
     470.000      27.1900214     17.7257312     29.8059506     35.5211151
     480.000      27.0095954     18.3592516     30.3749319     35.8220362
     490.000      26.8228415     18.9912380     30.9242342     36.1285481
     500.000      26.6297768     19.6213608     31.4544582     36.4404573
     510.000      26.4304215     20.2493220     31.9662119     36.7575757
     520.000      26.2247985     20.8748528     32.4601050     37.0797220
     530.000      26.0129334     21.4977113     32.9367453     37.4067203
     540.000      25.7948539     22.1176805     33.3967350     37.7384014
     550.000      25.5705900     22.7345663     33.8406676     38.0746015
     560.000      25.3401734     23.3481959     34.2691259     38.4151631
     570.000      25.1036375     23.9584156     34.6826802     38.7599344
     580.000      24.8610169     24.5650896     35.0818869     39.1087689
     590.000      24.6123479     25.1680986     35.4672871     39.4615261
     600.000      24.3576675     25.7673381     35.8394062     39.8180704
     610.000      24.0970140     26.3627174     36.1987534     40.1782716
     620.000      23.8304263     26.9541584     36.5458210     40.5420045
     630.000      23.5579442     27.5415944     36.8810846     40.9091487
     640.000      23.2796080     28.1249694     37.2050029     41.2795884
     650.000      22.9954585     28.7042368     37.5180177     41.6532124
     660.000      22.7055371     29.2793588     37.8205546     42.0299138
     670.000      22.4098852     29.8503055     38.1130226     42.4095899
     680.000      22.1085449     30.4170546     38.3958150     42.7921420
     690.000      21.8015582     30.9795899     38.6693092     43.1774753
     700.000      21.4889672     31.5379017     38.9338678     43.5654984
     710.000      21.1708143     32.0919855     39.1898386     43.9561240
     720.000      20.8471416     32.6418418     39.4375551     44.3492677
     730.000      20.5179915     33.1874755     39.6773371     44.7448486
     740.000      20.1834061     33.7288958     39.9094910     45.1427890
     750.000      19.8434276     34.2661152     40.1343107     45.5430140
     760.000      19.4980978     34.7991499     40.3520774     45.9454517
     770.000      19.1474585     35.3280188     40.5630607     46.3500330
     780.000      18.7915512     35.8527435     40.7675190     46.7566912
     790.000      18.4304173     36.3733482     40.9656993     47.1653624
     800.000      18.0640979     36.8898589     41.1578387     47.5759850
     810.000      17.6926337     37.4023038     41.3441639     47.9884998
     820.000      17.3160653     37.9107127     41.5248921     48.4028497
     830.000      16.9344328     38.4151167     41.7002315     48.8189797
     840.000      16.5477762     38.9155486     41.8703814     49.2368370
     850.000      16.1561350     39.4120420     42.0355326     49.6563706
     860.000      15.7595484     39.9046317     42.1958681     50.0775316
     870.000      15.3580552     40.3933532     42.3515629     50.5002725
     880.000      14.9516941     40.8782430     42.5027850     50.9245479
     890.000      14.5405030     41.3593380     42.6496953     51.3503139
     900.000      14.1245198     41.8366757     42.7924479     51.7775280
     910.000      13.7037819     42.3102940     42.9311906     52.2061495
     920.000      13.2783262     42.7802312     43.0660651     52.6361389
     930.000      12.8481894     43.2465257     43.1972072     53.0674583
     940.000      12.4134077     43.7092163     43.3247472     53.5000710
     950.000      11.9740170     44.1683418     43.4488100     53.9339417
     960.000      11.5300526     44.6239411     43.5695156     54.3690361
     970.000      11.0815498     45.0760530     43.6869790     54.8053212
     980.000      10.6285431     45.5247164     43.8013105     55.2427652
     990.000      10.1710668     45.9699702     43.9126161     55.6813373
    1000.000       9.7091549     46.4118529     44.0209975     56.1210078
                 _
   ___ _ __   __| |
  / _ \ '_ \ / _` |
 |  __/ | | | (_| |
  \___|_| |_|\__,_|

