        _
  _ __ | |__   ___  _ __   ___   _ __  _   _
 | '_ \| '_ \ / _ \| '_ \ / _ \ | '_ \| | | |
 | |_) | | | | (_) | | | | (_) || |_) | |_| |
 | .__/|_| |_|\___/|_| |_|\___(_) .__/ \__, |
 |_|                            |_|    |___/
                                     1.10.10

Python version 2.7.12
Spglib version 1.9.2
Mesh sampling mode
Settings:
  Sampling mesh: [9 9 4]
  Supercell: [2 2 2]
Spacegroup: Cmcm (63)
Computing force constants...
Number of irreducible q-points on sampling mesh: 50/324
Calculating thermal properties...
#      T [K]      F [kJ/mol]    S [J/K/mol]  C_v [J/K/mol]     E [kJ/mol]
       0.000      66.0775326      0.0000000      0.0000000     66.0775326
      10.000      66.0775265      0.0037250      0.0165143     66.0775638
      20.000      66.0773429      0.0384310      0.0985332     66.0781116
      30.000      66.0766738      0.0993975      0.2210231     66.0796558
      40.000      66.0752577      0.1897737      0.4369554     66.0828486
      50.000      66.0727403      0.3213906      0.7765304     66.0888098
      60.000      66.0686650      0.5023588      1.2443666     66.0988065
      70.000      66.0625125      0.7374718      1.8437583     66.1141355
      80.000      66.0537236      1.0301375      2.5789054     66.1361346
      90.000      66.0417094      1.3828910      3.4506372     66.1661696
     100.000      66.0258602      1.7972799      4.4544527     66.2055882
     110.000      66.0055568      2.2737339      5.5808027     66.2556675
     120.000      65.9801808      2.8115631      6.8163184     66.3175684
     130.000      65.9491265      3.4090692      8.1452910     66.3923055
     140.000      65.9118089      4.0637242      9.5510904     66.4807303
     150.000      65.8676719      4.7723785     11.0173625     66.5835287
     160.000      65.8161932      5.5314695     12.5289208     66.7012283
     170.000      65.7568870      6.3372116     14.0723095     66.8342130
     180.000      65.6893063      7.1857549     15.6360700     66.9827422
     190.000      65.6130419      8.0733092     17.2107717     67.1469707
     200.000      65.5277222      8.9962327     18.7888775     67.3269688
     210.000      65.4330109      9.9510904     20.3645128     67.5227398
     220.000      65.3286047     10.9346866     21.9331902     67.7342357
     230.000      65.2142312     11.9440779     23.4915325     67.9613691
     240.000      65.0896461     12.9765721     25.0370156     68.2040234
     250.000      64.9546309     14.0297171     26.5677486     68.4620602
     260.000      64.8089904     15.1012846     28.0822926     68.7353244
     270.000      64.6525506     16.1892508     29.5795202     69.0236483
     280.000      64.4851569     17.2917755     31.0585115     69.3268540
     290.000      64.3066721     18.4071826     32.5184790     69.6447551
     300.000      64.1169754     19.5339414     33.9587189     69.9771578
     310.000      63.9159602     20.6706496     35.3785800     70.3238615
     320.000      63.7035335     21.8160184     36.7774474     70.6846594
     330.000      63.4796149     22.9688596     38.1547354     71.0593386
     340.000      63.2441351     24.1280742     39.5098869     71.4476803
     350.000      62.9970356     25.2926434     40.8423772     71.8494608
     360.000      62.7382676     26.4616199     42.1517187     72.2644507
     370.000      62.4677914     27.6341218     43.4374674     72.6924165
     380.000      62.1855761     28.8093263     44.6992282     73.1331201
     390.000      61.8915985     29.9864653     45.9366596     73.5863199
     400.000      61.5858428     31.1648212     47.1494779     74.0517712
     410.000      61.2683002     32.3437231     48.3374590     74.5292267
     420.000      60.9389686     33.5225441     49.5004399     75.0184371
     430.000      60.5978516     34.7006983     50.6383186     75.5191518
     440.000      60.2449587     35.8776386     51.7510533     76.0311196
     450.000      59.8803045     37.0528546     52.8386601     76.5540891
     460.000      59.5039089     38.2258705     53.9012109     77.0878093
     470.000      59.1157960     39.3962431     54.9388300     77.6320302
     480.000      58.7159942     40.5635607     55.9516905     78.1865034
     490.000      58.3045362     41.7274409     56.9400106     78.7509822
     500.000      57.8814580     42.8875292     57.9040499     79.3252226
     510.000      57.4467994     44.0434979     58.8441049     79.9089833
     520.000      57.0006028     45.1950443     59.7605054     80.5020259
     530.000      56.5429141     46.3418898     60.6536103     81.1041157
     540.000      56.0737816     47.4837781     61.5238041     81.7150217
     550.000      55.5932559     48.6204744     62.3714931     82.3345168
     560.000      55.1013901     49.7517641     63.1971021     82.9623780
     570.000      54.5982393     50.8774516     64.0010713     83.5983867
     580.000      54.0838603     51.9973594     64.7838530     84.2423288
     590.000      53.5583119     53.1113268     65.5459093     84.8939947
     600.000      53.0216541     54.2192089     66.2877092     85.5531795
     610.000      52.4739484     55.3208762     67.0097267     86.2196829
     620.000      51.9152577     56.4162128     67.7124383     86.8933096
     630.000      51.3456456     57.5051164     68.3963217     87.5738689
     640.000      50.7651771     58.5874966     69.0618536     88.2611749
     650.000      50.1739177     59.6632749     69.7095086     88.9550464
     660.000      49.5719338     60.7323837     70.3397576     89.6553070
     670.000      48.9592924     61.7947651     70.9530671     90.3617851
     680.000      48.3360611     62.8503711     71.5498977     91.0743135
     690.000      47.7023077     63.8991622     72.1307038     91.7927296
     700.000      47.0581007     64.9411070     72.6959321     92.5168756
     710.000      46.4035085     65.9761821     73.2460220     93.2465978
     720.000      45.7386000     67.0043709     73.7814041     93.9817470
     730.000      45.0634441     68.0256633     74.3025006     94.7221783
     740.000      44.3781097     69.0400555     74.8097244     95.4677508
     750.000      43.6826660     70.0475492     75.3034790     96.2183279
     760.000      42.9771817     71.0481514     75.7841585     96.9737768
     770.000      42.2617259     72.0418739     76.2521473     97.7339687
     780.000      41.5363671     73.0287328     76.7078199     98.4987787
     790.000      40.8011740     74.0087485     77.1515412     99.2680853
     800.000      40.0562149     74.9819450     77.5836663    100.0417709
     810.000      39.3015578     75.9483498     78.0045403    100.8197211
     820.000      38.5372704     76.9079937     78.4144989    101.6018253
     830.000      37.7634203     77.8609102     78.8138681    102.3879758
     840.000      36.9800745     78.8071356     79.2029645    103.1780684
     850.000      36.1872998     79.7467084     79.5820954    103.9720019
     860.000      35.3851624     80.6796694     79.9515590    104.7696781
     870.000      34.5737283     81.6060615     80.3116443    105.5710018
     880.000      33.7530629     82.5259292     80.6626316    106.3758806
     890.000      32.9232313     83.4393188     81.0047929    107.1842250
     900.000      32.0842980     84.3462778     81.3383912    107.9959480
     910.000      31.2363270     85.2468551     81.6636818    108.8109651
     920.000      30.3793820     86.1411008     81.9809118    109.6291947
     930.000      29.5135259     87.0290660     82.2903204    110.4505573
     940.000      28.6388214     87.9108026     82.5921394    111.2749758
     950.000      27.7553305     88.7863633     82.8865932    112.1023755
     960.000      26.8631146     89.6558014     83.1738988    112.9326839
     970.000      25.9622347     90.5191709     83.4542666    113.7658304
     980.000      25.0527512     91.3765261     83.7278999    114.6017468
     990.000      24.1347240     92.2279218     83.9949958    115.4403666
    1000.000      23.2082124     93.0734131     84.2557448    116.2816255
                 _
   ___ _ __   __| |
  / _ \ '_ \ / _` |
 |  __/ | | | (_| |
  \___|_| |_|\__,_|

