   1722.7171
   1730.6466
   1720.5081
   1719.8682
   4 1   7   0.001  700.0 1280.0                                                                                                                                                                         
   1720.0928
   1720.1618
   1720.1273
   1720.1273
   4 1   2   0.001  -1.0   100.0                                                                                                                                                                         
   1720.0652
   1720.1930
   1720.1273
   1719.5701
   4 1   7   0.001  700.0 1280.0                                                                                                                                                                         
   1719.5316
   1719.6086
   1719.5701
   1719.5701
   4 1   1   0.001  -10.0    0.0                                                                                                                                                                         
   1721.7052
   1729.7823
   1719.5701
   1718.9080
   4 1   7   0.001  700.0 1280.0                                                                                                                                                                         
   1718.8736
   1718.9425
   1718.9080
   1718.9080
   4 1   2   0.001  -1.0   100.0                                                                                                                                                                         
   1718.8458
   1718.9739
   1718.9080
   1718.3497
   4 1   7   0.001  700.0 1280.0                                                                                                                                                                         
   1718.3112
   1718.3882
   1718.3497
   1718.3497
   4 1   1   0.001  -10.0    0.0                                                                                                                                                                         
   1720.4651
   1728.5816
   1718.3497
   1717.7066
   4 1   7   0.001  700.0 1280.0                                                                                                                                                                         
   1717.6735
   1717.7397
   1717.7066
   1717.7066
   4 1   2   0.001  -1.0   100.0                                                                                                                                                                         
   1717.6233
   1717.7935
   1717.7066
   1716.7233
   4 1   7   0.001  700.0 1280.0                                                                                                                                                                         
   1716.6848
   1716.7618
   1716.7233
   1716.7233
   4 1   1   0.001  -10.0    0.0                                                                                                                                                                         
   1718.8559
   1726.9383
   1716.7233
   1716.0604
   4 1   7   0.001  700.0 1280.0                                                                                                                                                                         
   1716.0260
   1716.0949
   1716.0604
   1716.0604
   4 1   2   0.001  -1.0   100.0                                                                                                                                                                         
   1715.9982
   1716.1264
   1716.0604
   1715.5041
   4 1   7   0.001  700.0 1280.0                                                                                                                                                                         
   1715.4657
   1715.5425
   1715.5041
   1715.5041
   4 1   1   0.001  -10.0    0.0                                                                                                                                                                         
   1717.6504
   1725.7058
   1715.5041
   1714.8453
   4 1   7   0.001  700.0 1280.0                                                                                                                                                                         
   1714.8109
   1714.8797
   1714.8453
   1714.8453
   4 1   2   0.001  -1.0   100.0                                                                                                                                                                         
   1714.7828
   1714.9115
   1714.8453
   1714.2854
   4 1   7   0.001  700.0 1280.0                                                                                                                                                                         
   1714.2470
   1714.3238
   1714.2854
   1714.2854
   4 1   1   0.001  -10.0    0.0                                                                                                                                                                         
   1716.4198
   1724.4989
   1714.2854
   1713.6498
   4 1   7   0.001  700.0 1280.0                                                                                                                                                                         
   1713.6168
   1713.6829
   1713.6498
   1713.6498
   4 1   2   0.001  -1.0   100.0                                                                                                                                                                         
   1713.5660
   1713.7373
   1713.6498
   1712.6613
   4 1   7   0.001  700.0 1280.0                                                                                                                                                                         
   1712.6229
   1712.6997
   1712.6613
   1712.6613
   4 1   1   0.001  -10.0    0.0                                                                                                                                                                         
   1714.7952
   1722.8756
   1712.6613
   1711.9987
   4 1   7   0.001  700.0 1280.0                                                                                                                                                                         
   1711.9643
   1712.0331
   1711.9987
   1711.9987
   4 1   2   0.001  -1.0   100.0                                                                                                                                                                         
   1711.9363
   1712.0648
   1711.9987
   1711.4438
   4 1   7   0.001  700.0 1280.0                                                                                                                                                                         
   1711.4054
   1711.4822
   1711.4438
   1711.4438
   4 1   1   0.001  -10.0    0.0                                                                                                                                                                         
   1713.5779
   1721.6581
   1711.4438
   1710.7813
   4 1   7   0.001  700.0 1280.0                                                                                                                                                                         
   1710.7469
   1710.8156
   1710.7813
   1710.7813
   4 1   2   0.001  -1.0   100.0                                                                                                                                                                         
   1710.7189
   1710.8474
   1710.7813
   1710.2268
   4 1   7   0.001  700.0 1280.0                                                                                                                                                                         
   1710.1885
   1710.2652
   1710.2268
   1710.2268
   4 1   1   0.001  -10.0    0.0                                                                                                                                                                         
   1712.3787
   1720.4237
   1710.2268
   1709.5696
   4 1   7   0.001  700.0 1280.0                                                                                                                                                                         
   1709.5353
   1709.6039
   1709.5696
   1709.5696
   4 1   2   0.001  -1.0   100.0                                                                                                                                                                         
   1709.5068
   1709.6361
   1709.5696
   1709.0104
   4 1   7   0.001  700.0 1280.0                                                                                                                                                                         
   1708.9720
   1709.0487
   1709.0104
   1709.0104
   4 1   1   0.001  -10.0    0.0                                                                                                                                                                         
   1711.1544
   1719.2151
   1709.0104
   1708.3785
   4 1   7   0.001  700.0 1280.0                                                                                                                                                                         
   1708.3456
   1708.4115
   1708.3785
   1708.3785
   4 1   2   0.001  -1.0   100.0                                                                                                                                                                         
   1708.2943
   1708.4665
   1708.3785
   1707.3892
   4 1   7   0.001  700.0 1280.0                                                                                                                                                                         
   1707.3509
   1707.4276
   1707.3892
   1707.3892
   4 1   1   0.001  -10.0    0.0                                                                                                                                                                         
   1709.5310
   1717.5965
   1707.3892
   1706.7289
   4 1   7   0.001  700.0 1280.0                                                                                                                                                                         
   1706.6947
   1706.7632
   1706.7289
   1706.7289
   4 1   2   0.001  -1.0   100.0                                                                                                                                                                         
   1706.6663
   1706.7954
   1706.7289
   1706.1740
   4 1   7   0.001  700.0 1280.0                                                                                                                                                                         
   1706.1356
   1706.2123
   1706.1740
   1706.1740
   4 1   1   0.001  -10.0    0.0                                                                                                                                                                         
   1708.3201
   1716.3771
   1706.1740
   1705.5150
   4 1   7   0.001  700.0 1280.0                                                                                                                                                                         
   1705.4807
   1705.5492
   1705.5150
   1705.5150
   4 1   2   0.001  -1.0   100.0                                                                                                                                                                         
   1705.4522
   1705.5815
   1705.5150
   1704.9592
   4 1   7   0.001  700.0 1280.0                                                                                                                                                                         
   1704.9209
   1704.9975
   1704.9592
   1704.9592
   4 1   1   0.001  -10.0    0.0                                                                                                                                                                         
   1707.1057
   1715.1621
   1704.9592
   1704.3003
   4 1   7   0.001  700.0 1280.0                                                                                                                                                                         
   1704.2661
   1704.3346
   1704.3003
   1704.3003
   4 1   2   0.001  -1.0   100.0                                                                                                                                                                         
   1704.2375
   1704.3669
   1704.3003
   1703.7450
   4 1   7   0.001  700.0 1280.0                                                                                                                                                                         
   1703.7067
   1703.7833
   1703.7450
   1703.7450
   4 1   1   0.001  -10.0    0.0                                                                                                                                                                         
   1705.8878
   1713.9517
   1703.7450
   1703.1126
   4 1   7   0.001  700.0 1280.0                                                                                                                                                                         
   1703.0797
   1703.1455
   1703.1126
   1703.1126
   4 1   2   0.001  -1.0   100.0                                                                                                                                                                         
   1703.0281
   1703.2008
   1703.1126
   1702.1268
   4 1   7   0.001  700.0 1280.0                                                                                                                                                                         
   1702.0886
   1702.1651
   1702.1268
   1702.1268
   4 1   1   0.001  -10.0    0.0                                                                                                                                                                         
   1704.2874
   1712.3162
   1702.1268
   1701.4721
   4 1   7   0.001  700.0 1280.0                                                                                                                                                                         
   1701.4379
   1701.5063
   1701.4721
   1701.4721
   4 1   2   0.001  -1.0   100.0                                                                                                                                                                         
   1701.4089
   1701.5390
   1701.4721
   1700.9138
   4 1   7   0.001  700.0 1280.0                                                                                                                                                                         
   1700.8756
   1700.9520
   1700.9138
   1700.9138
   4 1   1   0.001  -10.0    0.0                                                                                                                                                                         
   1703.0613
   1711.1163
   1700.9138
   1700.2551
   4 1   7   0.001  700.0 1280.0                                                                                                                                                                         
   1700.2209
   1700.2893
   1700.2551
   1700.2551
   4 1   2   0.001  -1.0   100.0                                                                                                                                                                         
   1700.1922
   1700.3219
   1700.2551
   1699.7013
   4 1   7   0.001  700.0 1280.0                                                                                                                                                                         
   1699.6631
   1699.7395
   1699.7013
   1699.7013
   4 1   1   0.001  -10.0    0.0                                                                                                                                                                         
   1701.8534
   1709.8994
   1699.7013
   1699.0440
   4 1   7   0.001  700.0 1280.0                                                                                                                                                                         
   1699.0098
   1699.0782
   1699.0440
   1699.0440
   4 1   2   0.001  -1.0   100.0                                                                                                                                                                         
   1698.9809
   1699.1109
   1699.0440
   1698.4893
   4 1   7   0.001  700.0 1280.0                                                                                                                                                                         
   1698.4511
   1698.5275
   1698.4893
   1698.4893
   4 1   1   0.001  -10.0    0.0                                                                                                                                                                         
   1700.6638
   1708.6655
   1698.4893
   1697.8694
   4 1   7   0.001  700.0 1280.0                                                                                                                                                                         
   1697.8367
   1697.9022
   1697.8694
   1697.8694
   4 1   2   0.001  -1.0   100.0                                                                                                                                                                         
   1697.7842
   1697.9585
   1697.8694
   1696.8741
   4 1   7   0.001  700.0 1280.0                                                                                                                                                                         
   1696.8359
   1696.9123
   1696.8741
   1696.8741
   4 1   1   0.001  -10.0    0.0                                                                                                                                                                         
   1699.0213
   1707.0775
   1696.8741
   1696.2153
   4 1   7   0.001  700.0 1280.0                                                                                                                                                                         
   1696.1812
   1696.2494
   1696.2153
   1696.2153
   4 1   2   0.001  -1.0   100.0                                                                                                                                                                         
   1696.1522
   1696.2822
   1696.2153
   1695.6633
   4 1   7   0.001  700.0 1280.0                                                                                                                                                                         
   1695.6252
   1695.7015
   1695.6633
   1695.6633
   4 1   1   0.001  -10.0    0.0                                                                                                                                                                         
   1697.8235
   1705.8540
   1695.6633
   1695.0083
   4 1   7   0.001  700.0 1280.0                                                                                                                                                                         
   1694.9743
   1695.0425
   1695.0083
   1695.0083
   4 1   2   0.001  -1.0   100.0                                                                                                                                                                         
   1694.9450
   1695.0755
   1695.0083
   1694.4530
   4 1   7   0.001  700.0 1280.0                                                                                                                                                                         
   1694.4149
   1694.4912
   1694.4530
   1694.4530
   4 1   1   0.001  -10.0    0.0                                                                                                                                                                         
   1696.6222
   1704.6350
   1694.4530
   1693.8007
   4 1   7   0.001  700.0 1280.0                                                                                                                                                                         
   1693.7667
   1693.8348
   1693.8007
   1693.8007
   4 1   2   0.001  -1.0   100.0                                                                                                                                                                         
   1693.7372
   1693.8681
   1693.8007
   1693.2433
   4 1   7   0.001  700.0 1280.0                                                                                                                                                                         
   1693.2052
   1693.2814
   1693.2433
   1693.2433
   4 1   1   0.001  -10.0    0.0                                                                                                                                                                         
   1695.4174
   1703.4205
   1693.2433
   1692.6232
   4 1   7   0.001  700.0 1280.0                                                                                                                                                                         
   1692.5905
   1692.6559
   1692.6232
   1692.6232
   4 1   2   0.001  -1.0   100.0                                                                                                                                                                         
   1692.5377
   1692.7125
   1692.6232
   1691.6310
   4 1   7   0.001  700.0 1280.0                                                                                                                                                                         
   1691.5929
   1691.6691
   1691.6310
   1691.6310
   4 1   1   0.001  -10.0    0.0                                                                                                                                                                         
   1693.7983
   1701.8153
   1691.6310
   1690.9781
   4 1   7   0.001  700.0 1280.0                                                                                                                                                                         
   1690.9441
   1691.0122
   1690.9781
   1690.9781
   4 1   2   0.001  -1.0   100.0                                                                                                                                                                         
   1690.9145
   1691.0456
   1690.9781
   1690.4225
   4 1   7   0.001  700.0 1280.0                                                                                                                                                                         
   1690.3844
   1690.4605
   1690.4225
   1690.4225
   4 1   1   0.001  -10.0    0.0                                                                                                                                                                         
   1692.5853
   1700.6113
   1690.4225
   1689.7682
   4 1   7   0.001  700.0 1280.0                                                                                                                                                                         
   1689.7342
   1689.8023
   1689.7682
   1689.7682
   4 1   2   0.001  -1.0   100.0                                                                                                                                                                         
   1689.7047
   1689.8356
   1689.7682
   1689.2144
   4 1   7   0.001  700.0 1280.0                                                                                                                                                                         
   1689.1764
   1689.2525
   1689.2144
   1689.2144
   4 1   1   0.001  -10.0    0.0                                                                                                                                                                         
   1691.3907
   1699.3901
   1689.2144
   1688.5642
   4 1   7   0.001  700.0 1280.0                                                                                                                                                                         
   1688.5302
   1688.5982
   1688.5642
   1688.5642
   4 1   2   0.001  -1.0   100.0                                                                                                                                                                         
   1688.5004
   1688.6319
   1688.5642
   1688.0069
   4 1   7   0.001  700.0 1280.0                                                                                                                                                                         
   1687.9689
   1688.0449
   1688.0069
   1688.0069
   4 1   1   0.001  -10.0    0.0                                                                                                                                                                         
   1690.1927
   1698.1733
   1688.0069
   1687.3913
   4 1   7   0.001  700.0 1280.0                                                                                                                                                                         
   1687.3587
   1687.4240
   1687.3913
   1687.3913
   4 1   2   0.001  -1.0   100.0                                                                                                                                                                         
   1687.3054
   1687.4812
   1687.3913
   1686.3976
   4 1   7   0.001  700.0 1280.0                                                                                                                                                                         
   1686.3596
   1686.4356
   1686.3976
   1686.3976
   4 1   1   0.001  -10.0    0.0                                                                                                                                                                         
   1688.5751
   1696.5725
   1686.3976
   1685.7477
   4 1   7   0.001  700.0 1280.0                                                                                                                                                                         
   1685.7138
   1685.7817
   1685.7477
   1685.7477
   4 1   2   0.001  -1.0   100.0                                                                                                                                                                         
   1685.6838
   1685.8155
   1685.7477
   1685.1913
   4 1   7   0.001  700.0 1280.0                                                                                                                                                                         
   1685.1533
   1685.2293
   1685.1913
   1685.1913
   4 1   1   0.001  -10.0    0.0                                                                                                                                                                         
   1687.3689
   1695.3662
   1685.1913
   1684.5414
   4 1   7   0.001  700.0 1280.0                                                                                                                                                                         
   1684.5074
   1684.5753
   1684.5414
   1684.5414
   4 1   2   0.001  -1.0   100.0                                                                                                                                                                         
   1684.4774
   1684.6092
   1684.5414
   1683.9854
   4 1   7   0.001  700.0 1280.0                                                                                                                                                                         
   1683.9475
   1684.0234
   1683.9854
   1683.9854
   4 1   1   0.001  -10.0    0.0                                                                                                                                                                         
   1686.1591
   1694.1644
   1683.9854
   1683.3344
   4 1   7   0.001  700.0 1280.0                                                                                                                                                                         
   1683.3004
   1683.3683
   1683.3344
   1683.3344
   4 1   2   0.001  -1.0   100.0                                                                                                                                                                         
   1683.2704
   1683.4022
   1683.3344
   1682.7801
   4 1   7   0.001  700.0 1280.0                                                                                                                                                                         
   1682.7422
   1682.8181
   1682.7801
   1682.7801
   4 1   1   0.001  -10.0    0.0                                                                                                                                                                         
   1684.9679
   1692.9453
   1682.7801
   1682.1653
   4 1   7   0.001  700.0 1280.0                                                                                                                                                                         
   1682.1328
   1682.1979
   1682.1653
   1682.1653
   4 1   2   0.001  -1.0   100.0                                                                                                                                                                         
   1682.0790
   1682.2555
   1682.1653
   1681.1739
   4 1   7   0.001  700.0 1280.0                                                                                                                                                                         
   1681.1359
   1681.2118
   1681.1739
   1681.1739
   4 1   1   0.001  -10.0    0.0                                                                                                                                                                         
   1683.3521
   1691.3487
   1681.1739
   1680.5241
   4 1   7   0.001  700.0 1280.0                                                                                                                                                                         
   1680.4902
   1680.5580
   1680.5241
   1680.5241
   4 1   2   0.001  -1.0   100.0                                                                                                                                                                         
   1680.4600
   1680.5921
   1680.5241
   1679.9697
   4 1   7   0.001  700.0 1280.0                                                                                                                                                                         
   1679.9318
   1680.0077
   1679.9697
   1679.9697
   4 1   1   0.001  -10.0    0.0                                                                                                                                                                         
   1682.1527
   1690.1401
   1679.9697
   1679.3214
   4 1   7   0.001  700.0 1280.0                                                                                                                                                                         
   1679.2875
   1679.3552
   1679.3214
   1679.3214
   4 1   2   0.001  -1.0   100.0                                                                                                                                                                         
   1679.2572
   1679.3895
   1679.3214
   1678.7661
   4 1   7   0.001  700.0 1280.0                                                                                                                                                                         
   1678.7282
   1678.8040
   1678.7661
   1678.7661
   4 1   1   0.001  -10.0    0.0                                                                                                                                                                         
   1680.9498
   1688.9360
   1678.7661
   1678.1180
   4 1   7   0.001  700.0 1280.0                                                                                                                                                                         
   1678.0841
   1678.1518
   1678.1180
   1678.1180
   4 1   2   0.001  -1.0   100.0                                                                                                                                                                         
   1678.0537
   1678.1862
   1678.1180
   1677.5631
   4 1   7   0.001  700.0 1280.0                                                                                                                                                                         
   1677.5252
   1677.6009
   1677.5631
   1677.5631
   4 1   1   0.001  -10.0    0.0                                                                                                                                                                         
   1679.7656
   1687.7144
   1677.5631
   1676.9540
   4 1   7   0.001  700.0 1280.0                                                                                                                                                                         
   1676.9216
   1676.9865
   1676.9540
   1676.9540
   4 1   2   0.001  -1.0   100.0                                                                                                                                                                         
   1676.8672
   1677.0448
   1676.9540
   1675.9597
   4 1   7   0.001  700.0 1280.0                                                                                                                                                                         
   1675.9219
   1675.9976
   1675.9597
   1675.9597
   4 1   1   0.001  -10.0    0.0                                                                                                                                                                         
   1678.1516
   1686.1218
   1675.9597
   1675.3139
   4 1   7   0.001  700.0 1280.0                                                                                                                                                                         
   1675.2802
   1675.3478
   1675.3139
   1675.3139
   4 1   2   0.001  -1.0   100.0                                                                                                                                                                         
   1675.2495
   1675.3824
   1675.3139
   1674.7578
   4 1   7   0.001  700.0 1280.0                                                                                                                                                                         
   1674.7200
   1674.7957
   1674.7578
   1674.7578
   4 1   1   0.001  -10.0    0.0                                                                                                                                                                         
   1676.9592
   1684.9107
   1674.7578
   1674.1149
   4 1   7   0.001  700.0 1280.0                                                                                                                                                                         
   1674.0811
   1674.1487
   1674.1149
   1674.1149
   4 1   2   0.001  -1.0   100.0                                                                                                                                                                         
   1674.0502
   1674.1836
   1674.1149
   1673.5565
   4 1   7   0.001  700.0 1280.0                                                                                                                                                                         
   1673.5186
   1673.5943
   1673.5565
   1673.5565
   4 1   1   0.001  -10.0    0.0                                                                                                                                                                         
   1675.7410
   1683.7261
   1673.5565
