  F CC-ref                                                      
    2.4664    2.4664   20.0000
   90.0000   90.0000  120.0446
   1 C     0.19450000000000D+01 -0.72999999999990D-03  0.10000000000000D+02
   2 C     0.52144000000000D+00  0.24671700000000D+01  0.10000000000000D+02

  F CC-70959                                                    
    2.4664    2.4664    6.3630
   90.0000   90.0000  120.0446
   1 C     0.22991900000000D+01 -0.61475750000000D+00  0.15907400000000D+01
   2 C     0.16725000000000D+00  0.30812025000000D+01  0.47722300000000D+01
   3 C     0.87589000000000D+00  0.18526825000000D+01  0.15907400000000D+01
   4 C     0.15905500000000D+01  0.61375250000000D+00  0.47722300000000D+01

  F CC-70296                                                    
    2.4664    2.4664    6.2967
   90.0000   90.0000  120.0446
   1 C     0.22993500000000D+01 -0.61502000000000D+00  0.15741650000000D+01
   2 C     0.16709000000000D+00  0.30814600000000D+01  0.47224950000000D+01
   3 C     0.87578000000000D+00  0.18528800000000D+01  0.15741650000000D+01
   4 C     0.15906600000000D+01  0.61356000000000D+00  0.47224950000000D+01

  F CC-69633                                                    
    2.4664    2.4664    6.2303
   90.0000   90.0000  120.0446
   1 C     0.22993500000000D+01 -0.61502000000000D+00  0.15575800000000D+01
   2 C     0.16709000000000D+00  0.30814600000000D+01  0.46727600000000D+01
   3 C     0.87578000000000D+00  0.18528800000000D+01  0.15575800000000D+01
   4 C     0.15906600000000D+01  0.61356000000000D+00  0.46727600000000D+01

  F CC-68970                                                    
    2.4664    2.4664    6.1640
   90.0000   90.0000  120.0446
   1 C     0.22993500000000D+01 -0.61502000000000D+00  0.15410100000000D+01
   2 C     0.16709000000000D+00  0.30814600000000D+01  0.46230100000000D+01
   3 C     0.87578000000000D+00  0.18528800000000D+01  0.15410100000000D+01
   4 C     0.15906600000000D+01  0.61356000000000D+00  0.46230100000000D+01

  F CC-68307                                                    
    2.4664    2.4664    6.0977
   90.0000   90.0000  120.0446
   1 C     0.22993500000000D+01 -0.61502000000000D+00  0.15244300000000D+01
   2 C     0.16709000000000D+00  0.30814600000000D+01  0.45732700000000D+01
   3 C     0.87578000000000D+00  0.18528800000000D+01  0.15244300000000D+01
   4 C     0.15906600000000D+01  0.61356000000000D+00  0.45732700000000D+01

  F CC-67643                                                    
    2.4664    2.4664    6.0314
   90.0000   90.0000  120.0446
   1 C     0.22993500000000D+01 -0.61502000000000D+00  0.15078500000000D+01
   2 C     0.16709000000000D+00  0.30814600000000D+01  0.45235400000000D+01
   3 C     0.87578000000000D+00  0.18528800000000D+01  0.15078500000000D+01
   4 C     0.15906600000000D+01  0.61356000000000D+00  0.45235400000000D+01

  F CC-66980                                                    
    2.4664    2.4664    5.9651
   90.0000   90.0000  120.0446
   1 C     0.22993500000000D+01 -0.61502000000000D+00  0.14912700000000D+01
   2 C     0.16709000000000D+00  0.30814600000000D+01  0.44738000000000D+01
   3 C     0.87578000000000D+00  0.18528800000000D+01  0.14912700000000D+01
   4 C     0.15906600000000D+01  0.61356000000000D+00  0.44738000000000D+01

  F CC-66317                                                    
    2.4664    2.4664    5.8987
   90.0000   90.0000  120.0446
   1 C     0.22993500000000D+01 -0.61502000000000D+00  0.14746900000000D+01
   2 C     0.16709000000000D+00  0.30814600000000D+01  0.44240600000000D+01
   3 C     0.87578000000000D+00  0.18528800000000D+01  0.14746900000000D+01
   4 C     0.15906600000000D+01  0.61356000000000D+00  0.44240600000000D+01

  F CC-65654                                                    
    2.4664    2.4664    5.8324
   90.0000   90.0000  120.0446
   1 C     0.22993500000000D+01 -0.61502000000000D+00  0.14581100000000D+01
   2 C     0.16709000000000D+00  0.30814600000000D+01  0.43743200000000D+01
   3 C     0.87578000000000D+00  0.18528800000000D+01  0.14581100000000D+01
   4 C     0.15906600000000D+01  0.61356000000000D+00  0.43743200000000D+01

  F CC-64991                                                    
    2.4664    2.4664    5.7661
   90.0000   90.0000  120.0446
   1 C     0.22993500000000D+01 -0.61502000000000D+00  0.14415300000000D+01
   2 C     0.16709000000000D+00  0.30814600000000D+01  0.43245900000000D+01
   3 C     0.87578000000000D+00  0.18528800000000D+01  0.14415300000000D+01
   4 C     0.15906600000000D+01  0.61356000000000D+00  0.43245900000000D+01

  F CC-64327                                                    
    2.4664    2.4664    5.6998
   90.0000   90.0000  120.0446
   1 C     0.22993500000000D+01 -0.61502000000000D+00  0.14249500000000D+01
   2 C     0.16709000000000D+00  0.30814600000000D+01  0.42748500000000D+01
   3 C     0.87578000000000D+00  0.18528800000000D+01  0.14249500000000D+01
   4 C     0.15906600000000D+01  0.61356000000000D+00  0.42748500000000D+01

  F CC-63664                                                    
    2.4664    2.4664    5.6335
   90.0000   90.0000  120.0446
   1 C     0.22993500000000D+01 -0.61502000000000D+00  0.14083700000000D+01
   2 C     0.16709000000000D+00  0.30814600000000D+01  0.42251100000000D+01
   3 C     0.87578000000000D+00  0.18528800000000D+01  0.14083700000000D+01
   4 C     0.15906600000000D+01  0.61356000000000D+00  0.42251100000000D+01

  F CC-63001                                                    
    2.4664    2.4664    5.5672
   90.0000   90.0000  120.0446
   1 C     0.22993500000000D+01 -0.61502000000000D+00  0.13917900000000D+01
   2 C     0.16709000000000D+00  0.30814600000000D+01  0.41753700000000D+01
   3 C     0.87578000000000D+00  0.18528800000000D+01  0.13917900000000D+01
   4 C     0.15906600000000D+01  0.61356000000000D+00  0.41753700000000D+01

  F CC-62338                                                    
    2.4664    2.4664    5.5008
   90.0000   90.0000  120.0446
   1 C     0.22993500000000D+01 -0.61502000000000D+00  0.13752100000000D+01
   2 C     0.16709000000000D+00  0.30814600000000D+01  0.41256400000000D+01
   3 C     0.87578000000000D+00  0.18528800000000D+01  0.13752100000000D+01
   4 C     0.15906600000000D+01  0.61356000000000D+00  0.41256400000000D+01

  F CC-61675                                                    
    2.4664    2.4664    5.4345
   90.0000   90.0000  120.0446
   1 C     0.22993500000000D+01 -0.61502000000000D+00  0.13586300000000D+01
   2 C     0.16709000000000D+00  0.30814600000000D+01  0.40759000000000D+01
   3 C     0.87578000000000D+00  0.18528800000000D+01  0.13586300000000D+01
   4 C     0.15906600000000D+01  0.61356000000000D+00  0.40759000000000D+01

