       0     3.205900     1.851000     2.939700   120.488477   125.449930   118.025635     0.000000    17.444535
       0     3.244700     1.873400     2.978700   110.784237   115.891637   108.327316     0.000000    18.106388
       0     3.287200     1.897900     3.021700   101.131578   106.032173    97.248796     0.000000    18.851712
       0     3.334200     1.925100     3.069500    91.496543    96.400882    87.722826     0.000000    19.702103
       0     3.386800     1.955400     3.123100    81.920292    86.735548    78.262351     0.000000    20.682882
       0     3.446500     1.989900     3.184100    72.277560    76.930908    68.984797     0.000000    21.837164
       0     3.515700     2.029900     3.254700    62.734823    67.122301    59.618496     0.000000    23.227230
       0     3.597900     2.077300     3.338200    53.289987    57.259886    50.131042     0.000000    24.949432
       0     3.698900     2.135600     3.440100    43.778711    47.233020    40.752934     0.000000    27.174626
       0     3.829900     2.211300     3.571100    34.183136    37.003580    31.371094     0.000000    30.243853
       0     4.015500     2.318500     3.754600    24.417493    26.482029    21.954012     0.000000    34.955089
       0     4.334200     2.502400     4.064400    14.308138    15.459145    12.281239     0.000000    44.082084
       0     4.718600     2.724400     4.442300     8.050488     8.597403     6.441615     0.000000    57.107338
       0     5.004800     2.889600     4.709900     5.592180     5.911150     4.249493     0.000000    68.113962
       0     5.314800     3.068600     5.003600     4.006420     4.185741     2.886458     0.000000    81.603689
       0     5.568400     3.215100     5.242300     3.201382     3.315104     2.230804     0.000000    93.852702
       0     5.800900     3.349300     5.461100     2.696666     2.772968     1.841474     0.000000   106.103463
       0     6.016000     3.473500     5.663700     2.356988     2.410012     1.593388     0.000000   118.351937
       0     4.514100     2.606300     4.249800    10.778716    11.585688     8.939903     0.000000    49.999317
       0     6.324500     3.651600     5.954100     2.003504     2.036150     1.348753     0.000000   137.507226
       0     6.439500     3.718000     6.062400     1.898399     1.926128     1.279364     0.000000   145.146351
       0     6.506600     3.756700     6.125500     1.842274     1.867657     1.242293     0.000000   149.727705
       0     6.550500     3.782100     6.166900     1.807328     1.831200     1.219212     0.000000   152.782765
       0     6.528600     3.769400     6.146300     1.824387     1.849000     1.231020     0.000000   151.253712
       0     4.797000     2.769600     4.516100     7.247653     7.718172     5.715613     0.000000    59.999871
       0     6.762000     3.904200     6.366000     1.654701     1.672629     1.121414     0.000000   168.063676
       0     6.572300     3.794700     6.187400     1.790684     1.813268     1.208274     0.000000   154.313179
       0     6.593900     3.807100     6.207800     1.773824     1.796408     1.197766     0.000000   155.838356
       0     5.049900     2.915700     4.754200     5.304000     5.595363     3.993246     0.000000    70.000810
       0     6.657900     3.844100     6.268000     1.727010     1.747310     1.167136     0.000000   160.420894
       0     6.913200     3.991500     6.508400     1.558731     1.574070     1.060575     0.000000   179.593036
       0     7.623600     4.401700     7.177100     1.204883     1.212313     0.833745     0.000000   240.840510
       0     5.167400     2.983500     4.864800     4.655768     4.890275     3.434100     0.000000    75.000319
       0     9.209500     5.317300     8.670100     0.718143     0.721528     0.507671     0.000000   424.571974
       0     6.142900     3.546700     5.783200     2.196299     2.239621     1.480578     0.000000   125.998714
       0     7.283200     4.205100     6.856700     1.358566     1.368684     0.932788     0.000000   209.997301
       0     8.202700     4.736000     7.722400     0.990570     0.995660     0.692856     0.000000   299.999696
       0     8.635200     4.985700     8.129500     0.860485     0.864573     0.604959     0.000000   349.995434
       0    80.000000    80.000000    80.000000     0.000000     0.000000     0.000414     0.000000 ************
