Energy +H2-120GPa/  4 -H2-molec/  1                              33.1777     33.1200      0.0500      1.3310      1.3310
Energy +H2-110GPa/  4 -H2-molec/  1                              30.8252     30.6700      0.0500      9.6357     10.9667
Energy +H2-100GPa/  4 -H2-molec/  1                              28.4156     28.1600      0.0500     26.1303     37.0970
Energy +H2-90GPa/  4 -H2-molec/  1                               25.9383     25.6100      0.0500     43.1098     80.2068
Energy +H2-80GPa/  4 -H2-molec/  1                               23.3926     23.0000      0.0500     61.6669    141.8737
Energy +H2-70GPa/  4 -H2-molec/  1                               20.7558     20.3200      0.0500     75.9555    217.8292
Energy +H2-60GPa/  4 -H2-molec/  1                               18.0347     17.5700      0.0500     86.3901    304.2193
Energy +H2-50GPa/  4 -H2-molec/  1                               15.1908     14.7400      0.0500     81.2951    385.5145
Energy +H2-40GPa/  4 -H2-molec/  1                               12.2037     11.8100      0.0500     61.9894    447.5039
Energy +H2-30GPa/  4 -H2-molec/  1                                9.0331      8.7400      0.0500     34.3636    481.8675
Energy +H2-20GPa/  4 -H2-molec/  1                                5.6289      5.5000      0.0300     18.4587    500.3262
Energy +H2-10GPa/  4 -H2-molec/  1                                1.9301      1.9600      0.0300      0.9929    501.3191
Energy +0.33V0/  4 -H2-molec/  1                                  0.6396      0.6980      0.0100     34.1128    535.4319
Energy +0.37V0/  4 -H2-molec/  1                                 -0.3021     -0.2322      0.0100     48.8261    584.2580
Energy +0.39V0/  4 -H2-molec/  1                                 -0.5585     -0.4868      0.0100     51.4755    635.7335
Energy +0.45V0/  4 -H2-molec/  1                                 -1.0267     -0.9534      0.0050    215.4778    851.2113
Energy +0.46V0/  4 -H2-molec/  1                                 -1.0939     -1.0239      0.0050    196.0996   1047.3109
Energy +0.49V0/  4 -H2-molec/  1                                 -1.2260     -1.1634      0.0020    979.8100   2027.1209
Energy +0.53V0/  4 -H2-molec/  1                                 -1.3163     -1.2712      0.0020    509.6676   2536.7885
Energy +0.61V0/  4 -H2-molec/  1                                 -1.3332     -1.3331      0.0020      0.0031   2536.7916
Energy +0.69V0/  4 -H2-molec/  1                                 -1.2536     -1.2957      0.0020    442.3244   2979.1160
Energy +0.77V0/  4 -H2-molec/  1                                 -1.1385     -1.2085      0.0020   1227.0807   4206.1966
Energy +0.82V0/  4 -H2-molec/  1                                 -1.0617     -1.1421      0.0020   1618.2212   5824.4178
Energy +0.90V0/  4 -H2-molec/  1                                 -0.9485     -1.0367      0.0050    311.1605   6135.5783
Energy +0.95V0/  4 -H2-molec/  1                                 -0.8773     -0.9673      0.0050    324.0238   6459.6022
Energy +0.98V0/  4 -H2-molec/  1                                 -0.8366     -0.9268      0.0050    325.4254   6785.0275
Energy +0.99V0/  4 -H2-molec/  1                                 -0.8235     -0.9136      0.0050    324.9230   7109.9505
Energy +1.00V0/  4 -H2-molec/  1                                 -0.8104     -0.9004      0.0100     81.1243   7191.0748
Energy +1.01V0/  4 -H2-molec/  1                                 -0.7976     -0.8874      0.0100     80.7666   7271.8414
Energy +1.02V0/  4 -H2-molec/  1                                 -0.7848     -0.8746      0.0100     80.5303   7352.3717
Energy +1.05V0/  4 -H2-molec/  1                                 -0.7480     -0.8369      0.0100     79.1222   7431.4939
Energy +1.10V0/  4 -H2-molec/  1                                 -0.6901     -0.7772      0.0100     75.9073   7507.4012
Energy +1.18V0/  4 -H2-molec/  1                                 -0.6112     -0.6948      0.0200     17.4831   7524.8843
Energy +1.37V0/  4 -H2-molec/  1                                 -0.4454     -0.5192      0.0200     13.6281   7538.5124
Energy +1.58V0/  4 -H2-molec/  1                                 -0.3258     -0.3916      0.0300      4.8096   7543.3220
Energy +1.96V0/  4 -H2-molec/  1                                 -0.1825     -0.2390      0.0300      3.5521   7546.8741
Energy +2.29V0/  4 -H2-molec/  1                                 -0.1120     -0.1652      0.0400      1.7684   7548.6425
Energy +2.78V0/  4 -H2-molec/  1                                 -0.0509     -0.1026      0.0400      1.6678   7550.3103
