       0     3.205900     1.851000     2.939700  1535.971282  1551.743983  1087.311604     0.000000    17.444535
       0     3.244700     1.873400     2.978700  1464.301488  1479.882401  1035.728736     0.000000    18.106388
       0     3.287200     1.897900     3.021700  1391.039998  1405.684776   981.327236     0.000000    18.851712
       0     3.334200     1.925100     3.069500  1315.540730  1330.109642   928.129786     0.000000    19.702103
       0     3.386800     1.955400     3.123100  1238.132142  1252.140889   873.872333     0.000000    20.682882
       0     3.446500     1.989900     3.184100  1157.144691  1174.171854   832.371031     0.000000    21.837164
       0     3.515700     2.029900     3.254700  1062.081851  1079.971942   767.801455     0.000000    23.227230
       0     3.597900     2.077300     3.338200   976.419991   990.067343   695.739021     0.000000    24.949432
       0     3.698900     2.135600     3.440100   883.882404   895.255906   627.812846     0.000000    27.174626
       0     3.829900     2.211300     3.571100   782.696452   792.134904   555.797279     0.000000    30.243853
       0     4.015500     2.318500     3.754600   666.077697   674.749177   476.222591     0.000000    34.955089
       0     4.334200     2.502400     4.064400   512.237336   517.893736   366.085826     0.000000    44.082084
       0     4.718600     2.724400     4.442300   384.600224   387.899847   275.340714     0.000000    57.107338
       0     5.004800     2.889600     4.709900   319.245192   321.715145   228.306020     0.000000    68.113962
       0     5.314800     3.068600     5.003600   264.144751   265.901900   188.621439     0.000000    81.603689
       0     5.568400     3.215100     5.242300   228.741309   230.117462   163.175180     0.000000    93.852702
       0     5.800900     3.349300     5.461100   201.768810   202.912361   143.862240     0.000000   106.103463
       0     6.016000     3.473500     5.663700   180.567050   181.512362   128.741389     0.000000   118.351937
       0     4.514100     2.606300     4.249800   444.267279   448.357176   318.321645     0.000000    49.999317
       0     6.324500     3.651600     5.954100   155.232062   156.000541   110.640519     0.000000   137.507226
       0     6.439500     3.718000     6.062400   147.026678   147.757214   104.816729     0.000000   145.146351
       0     6.506600     3.756700     6.125500   142.530238   143.245861   101.591135     0.000000   149.727705
       0     6.550500     3.782100     6.166900   139.691346   140.389618    99.544369     0.000000   152.782765
       0     6.528600     3.769400     6.146300   141.087038   141.793876   100.589293     0.000000   151.253712
       0     4.797000     2.769600     4.516100   364.806313   367.775711   261.009324     0.000000    59.999871
       0     6.762000     3.904200     6.366000   127.034440   127.647138    90.553492     0.000000   168.063676
       0     6.572300     3.794700     6.187400   138.332337   138.982661    98.564811     0.000000   154.313179
       0     6.593900     3.807100     6.207800   136.948733   137.636588    97.608225     0.000000   155.838356
       0     5.049900     2.915700     4.754200   309.863832   312.110509   221.449900     0.000000    70.000810
       0     6.657900     3.844100     6.268000   133.073103   133.713947    94.817172     0.000000   160.420894
       0     6.913200     3.991500     6.508400   118.916083   119.515308    84.793011     0.000000   179.593036
       0     7.623600     4.401700     7.177100    88.956151    89.369169    63.417453     0.000000   240.840510
       0     5.167400     2.983500     4.864800   288.327675   290.336849   205.963038     0.000000    75.000319
       0     9.209500     5.317300     8.670100    50.731713    50.966364    36.182841     0.000000   424.571974
       0     6.142900     3.546700     5.783200   169.477620   170.347141   120.835488     0.000000   125.998714
       0     7.283200     4.205100     6.856700   101.862951   102.349644    72.619422     0.000000   209.997301
       0     8.202700     4.736000     7.722400    71.587746    71.915629    51.053191     0.000000   299.999696
       0     8.635200     4.985700     8.129500    61.456251    61.732811    43.812448     0.000000   349.995434
       0    80.000000    80.000000    80.000000     0.000000     0.000000     0.030572     0.000000 ************
