  F H2-120GPa                                                   
    3.2059    1.8510    2.9397
   90.0000   90.0000   90.0000
   1 H     0.11132200000000D+01  0.23580000000000D+00  0.12855100000000D+01
   2 H     0.20926800000000D+01  0.16152000000000D+01  0.27553600000000D+01
   3 H     0.27161700000000D+01  0.16152000000000D+01  0.12855100000000D+01
   4 H     0.48973000000000D+00  0.23580000000000D+00  0.27553600000000D+01
   5 H     0.15614000000000D+01  0.68494000000000D+00  0.16541900000000D+01
   6 H     0.16445000000000D+01  0.11660600000000D+01  0.18434000000000D+00
   7 H     0.31643600000000D+01  0.11660600000000D+01  0.16541900000000D+01
   8 H     0.41540000000000D-01  0.68494000000000D+00  0.18434000000000D+00

  F H2-110GPa                                                   
    3.2447    1.8734    2.9787
   90.0000   90.0000   90.0000
   1 H     0.11293100000000D+01  0.24133000000000D+00  0.13047000000000D+01
   2 H     0.21153900000000D+01  0.16320700000000D+01  0.27940500000000D+01
   3 H     0.27516600000000D+01  0.16320700000000D+01  0.13047000000000D+01
   4 H     0.49304000000000D+00  0.24133000000000D+00  0.27940500000000D+01
   5 H     0.15776900000000D+01  0.69068000000000D+00  0.16740000000000D+01
   6 H     0.16670100000000D+01  0.11827200000000D+01  0.18465000000000D+00
   7 H     0.32000400000000D+01  0.11827200000000D+01  0.16740000000000D+01
   8 H     0.44660000000000D-01  0.69068000000000D+00  0.18465000000000D+00

  F H2-100GPa                                                   
    3.2872    1.8979    3.0217
   90.0000   90.0000   90.0000
   1 H     0.11469687500000D+01  0.24740000000000D+00  0.57040000000000D+00
   2 H     0.21402287500000D+01  0.16505000000000D+01  0.20812500000000D+01
   3 H     0.27905687500000D+01  0.16505000000000D+01  0.57040000000000D+00
   4 H     0.49662875000000D+00  0.24740000000000D+00  0.20812500000000D+01
   5 H     0.15955287500000D+01  0.69694000000000D+00  0.94045000000000D+00
   6 H     0.16916787500000D+01  0.12009600000000D+01  0.24513000000000D+01
   7 H     0.32391287500000D+01  0.12009600000000D+01  0.94045000000000D+00
   8 H     0.48068750000000D-01  0.69694000000000D+00  0.24513000000000D+01

  F H2-90GPa                                                    
    3.3342    1.9251    3.0695
   90.0000   90.0000   90.0000
   1 H     0.11664700000000D+01  0.25409750000000D+00  0.58195500000000D+00
   2 H     0.21677300000000D+01  0.16709975000000D+01  0.21167050000000D+01
   3 H     0.28335700000000D+01  0.16709975000000D+01  0.58195500000000D+00
   4 H     0.50063000000000D+00  0.25409750000000D+00  0.21167050000000D+01
   5 H     0.16152200000000D+01  0.70389750000000D+00  0.95279500000000D+00
   6 H     0.17189800000000D+01  0.12212075000000D+01  0.24875450000000D+01
   7 H     0.32823200000000D+01  0.12212075000000D+01  0.95279500000000D+00
   8 H     0.51880000000000D-01  0.70389750000000D+00  0.24875450000000D+01

  F H2-80GPa                                                    
    3.3868    1.9554    3.1231
   90.0000   90.0000   90.0000
   1 H     0.11883100000000D+01  0.26158000000000D+00  0.59491500000000D+00
   2 H     0.21984900000000D+01  0.16938200000000D+01  0.21564650000000D+01
   3 H     0.28817100000000D+01  0.16938200000000D+01  0.59491500000000D+00
   4 H     0.50509000000000D+00  0.26158000000000D+00  0.21564650000000D+01
   5 H     0.16372900000000D+01  0.71160000000000D+00  0.96663500000000D+00
   6 H     0.17495100000000D+01  0.12438000000000D+01  0.25281850000000D+01
   7 H     0.33306900000000D+01  0.12438000000000D+01  0.96663500000000D+00
   8 H     0.56110000000000D-01  0.71160000000000D+00  0.25281850000000D+01

  F H2-70GPa                                                    
    3.4465    1.9899    3.1841
   90.0000   90.0000   90.0000
   1 H     0.12124900000000D+01  0.27272000000000D+00  0.60864000000000D+00
   2 H     0.22340100000000D+01  0.17171800000000D+01  0.22006900000000D+01
   3 H     0.29357400000000D+01  0.17171800000000D+01  0.60864000000000D+00
   4 H     0.51076000000000D+00  0.27272000000000D+00  0.22006900000000D+01
   5 H     0.16598100000000D+01  0.72183000000000D+00  0.98341000000000D+00
   6 H     0.17866900000000D+01  0.12680700000000D+01  0.25754600000000D+01
   7 H     0.33830600000000D+01  0.12680700000000D+01  0.98341000000000D+00
   8 H     0.63440000000000D-01  0.72183000000000D+00  0.25754600000000D+01

  F H2-60GPa                                                    
    3.5157    2.0299    3.2547
   90.0000   90.0000   90.0000
   1 H     0.12411200000000D+01  0.28270000000000D+00  0.62523500000000D+00
   2 H     0.22745800000000D+01  0.17472000000000D+01  0.22525850000000D+01
   3 H     0.29989700000000D+01  0.17472000000000D+01  0.62523500000000D+00
   4 H     0.51673000000000D+00  0.28270000000000D+00  0.22525850000000D+01
   5 H     0.16891400000000D+01  0.73295000000000D+00  0.10021150000000D+01
   6 H     0.18265600000000D+01  0.12969500000000D+01  0.26294650000000D+01
   7 H     0.34469900000000D+01  0.12969500000000D+01  0.10021150000000D+01
   8 H     0.68710000000000D-01  0.73295000000000D+00  0.26294650000000D+01

  F H2-50GPa                                                    
    3.5979    2.0773    3.3382
   90.0000   90.0000   90.0000
   1 H     0.12755700000000D+01  0.29224000000000D+00  0.64649000000000D+00
   2 H     0.23223300000000D+01  0.17850600000000D+01  0.23155900000000D+01
   3 H     0.30745200000000D+01  0.17850600000000D+01  0.64649000000000D+00
   4 H     0.52338000000000D+00  0.29224000000000D+00  0.23155900000000D+01
   5 H     0.17254500000000D+01  0.74366000000000D+00  0.10226100000000D+01
   6 H     0.18724500000000D+01  0.13336400000000D+01  0.26917100000000D+01
   7 H     0.35244000000000D+01  0.13336400000000D+01  0.10226100000000D+01
   8 H     0.73500000000000D-01  0.74366000000000D+00  0.26917100000000D+01

  F H2-40GPa                                                    
    3.6989    2.1356    3.4401
   90.0000   90.0000   90.0000
   1 H     0.13176000000000D+01  0.30591000000000D+00  0.67166000000000D+00
   2 H     0.23813000000000D+01  0.18296900000000D+01  0.23917100000000D+01
   3 H     0.31670500000000D+01  0.18296900000000D+01  0.67166000000000D+00
   4 H     0.53185000000000D+00  0.30591000000000D+00  0.23917100000000D+01
   5 H     0.17682400000000D+01  0.75784000000000D+00  0.10483900000000D+01
   6 H     0.19306600000000D+01  0.13777600000000D+01  0.27684400000000D+01
   7 H     0.36176900000000D+01  0.13777600000000D+01  0.10483900000000D+01
   8 H     0.81210000000000D-01  0.75784000000000D+00  0.27684400000000D+01

  F H2-30GPa                                                    
    3.8299    2.2113    3.5711
   90.0000   90.0000   90.0000
   1 H     0.13721687500000D+01  0.32428000000000D+00  0.70394000000000D+00
   2 H     0.24577387500000D+01  0.18870200000000D+01  0.24894900000000D+01
   3 H     0.32871187500000D+01  0.18870200000000D+01  0.70394000000000D+00
   4 H     0.54277875000000D+00  0.32428000000000D+00  0.24894900000000D+01
   5 H     0.18232387500000D+01  0.77651000000000D+00  0.10816100000000D+01
   6 H     0.20066587500000D+01  0.14347900000000D+01  0.28671600000000D+01
   7 H     0.37381887500000D+01  0.14347900000000D+01  0.10816100000000D+01
   8 H     0.91708750000000D-01  0.77651000000000D+00  0.28671600000000D+01

  F H2-20GPa                                                    
    4.0155    2.3185    3.7546
   90.0000   90.0000   90.0000
   1 H     0.14493000000000D+01  0.35193000000000D+00  0.74895000000000D+00
   2 H     0.25662000000000D+01  0.19665700000000D+01  0.26262500000000D+01
   3 H     0.34570500000000D+01  0.19665700000000D+01  0.74895000000000D+00
   4 H     0.55845000000000D+00  0.35193000000000D+00  0.26262500000000D+01
   5 H     0.19000500000000D+01  0.80419000000000D+00  0.11283500000000D+01
   6 H     0.21154500000000D+01  0.15143100000000D+01  0.30056500000000D+01
   7 H     0.39078000000000D+01  0.15143100000000D+01  0.11283500000000D+01
   8 H     0.10770000000000D+00  0.80419000000000D+00  0.30056500000000D+01

  F H2-10GPa                                                    
    4.3342    2.5024    4.0644
   90.0000   90.0000   90.0000
   1 H     0.15818400000000D+01  0.39630000000000D+00  0.82538750000000D+00
   2 H     0.27523600000000D+01  0.21061000000000D+01  0.28575975000000D+01
   3 H     0.37489400000000D+01  0.21061000000000D+01  0.82538750000000D+00
   4 H     0.58526000000000D+00  0.39630000000000D+00  0.28575975000000D+01
   5 H     0.20342000000000D+01  0.85000000000000D+00  0.12068075000000D+01
   6 H     0.23000000000000D+01  0.16524000000000D+01  0.32390075000000D+01
   7 H     0.42013000000000D+01  0.16524000000000D+01  0.12068075000000D+01
   8 H     0.13290000000000D+00  0.85000000000000D+00  0.32390075000000D+01

  F 0.37V0                                                      
    4.7186    2.7244    4.4423
   90.0000   90.0000   90.0000
   1 H     0.17416000000000D+01  0.45038000000000D+00  0.91879500000000D+00
   2 H     0.29770000000000D+01  0.22740200000000D+01  0.31399450000000D+01
   3 H     0.41009000000000D+01  0.22740200000000D+01  0.91879500000000D+00
   4 H     0.61770000000000D+00  0.45038000000000D+00  0.31399450000000D+01
   5 H     0.21954500000000D+01  0.90536000000000D+00  0.13023550000000D+01
   6 H     0.25231500000000D+01  0.18190400000000D+01  0.35235050000000D+01
   7 H     0.45547500000000D+01  0.18190400000000D+01  0.13023550000000D+01
   8 H     0.16385000000000D+00  0.90536000000000D+00  0.35235050000000D+01

  F 0.45V0                                                      
    5.0048    2.8896    4.7099
   90.0000   90.0000   90.0000
   1 H     0.18606900000000D+01  0.49133000000000D+00  0.98545000000000D+00
   2 H     0.31441100000000D+01  0.23982700000000D+01  0.33404000000000D+01
   3 H     0.43630900000000D+01  0.23982700000000D+01  0.98545000000000D+00
   4 H     0.64171000000000D+00  0.49133000000000D+00  0.33404000000000D+01
   5 H     0.23150800000000D+01  0.94688000000000D+00  0.13695000000000D+01
   6 H     0.26897200000000D+01  0.19427200000000D+01  0.37244500000000D+01
   7 H     0.48174800000000D+01  0.19427200000000D+01  0.13695000000000D+01
   8 H     0.18732000000000D+00  0.94688000000000D+00  0.37244500000000D+01

  F 0.53V0                                                      
    5.3148    3.0686    5.0036
   90.0000   90.0000   90.0000
   1 H     0.19897900000000D+01  0.53541000000000D+00  0.10586650000000D+01
   2 H     0.33250100000000D+01  0.25331900000000D+01  0.35604650000000D+01
   3 H     0.46471900000000D+01  0.25331900000000D+01  0.10586650000000D+01
   4 H     0.66761000000000D+00  0.53541000000000D+00  0.35604650000000D+01
   5 H     0.24448000000000D+01  0.99152000000000D+00  0.14431350000000D+01
   6 H     0.28700000000000D+01  0.20770800000000D+01  0.39449350000000D+01
   7 H     0.51022000000000D+01  0.20770800000000D+01  0.14431350000000D+01
   8 H     0.21260000000000D+00  0.99152000000000D+00  0.39449350000000D+01

  F 0.61V0                                                      
    5.5684    3.2151    5.2423
   90.0000   90.0000   90.0000
   1 H     0.20954500000000D+01  0.57171000000000D+00  0.11182650000000D+01
   2 H     0.34729500000000D+01  0.26433900000000D+01  0.37394150000000D+01
   3 H     0.48796500000000D+01  0.26433900000000D+01  0.11182650000000D+01
   4 H     0.68875000000000D+00  0.57171000000000D+00  0.37394150000000D+01
   5 H     0.25507500000000D+01  0.10280800000000D+01  0.15028850000000D+01
   6 H     0.30176500000000D+01  0.21870200000000D+01  0.41240350000000D+01
   7 H     0.53349500000000D+01  0.21870200000000D+01  0.15028850000000D+01
   8 H     0.23345000000000D+00  0.10280800000000D+01  0.41240350000000D+01

  F 0.69V0                                                      
    5.8009    3.3493    5.4611
   90.0000   90.0000   90.0000
   1 H     0.21923300000000D+01  0.60500000000000D+00  0.11729050000000D+01
   2 H     0.36085700000000D+01  0.27443000000000D+01  0.39034550000000D+01
   3 H     0.50927800000000D+01  0.27443000000000D+01  0.11729050000000D+01
   4 H     0.70812000000000D+00  0.60500000000000D+00  0.39034550000000D+01
   5 H     0.26478100000000D+01  0.10615500000000D+01  0.15576450000000D+01
   6 H     0.31530900000000D+01  0.22877500000000D+01  0.42881950000000D+01
   7 H     0.55482600000000D+01  0.22877500000000D+01  0.15576450000000D+01
   8 H     0.25264000000000D+00  0.10615500000000D+01  0.42881950000000D+01

  F 0.77V0                                                      
    6.0160    3.4735    5.6637
   90.0000   90.0000   90.0000
   1 H     0.22820412500000D+01  0.63586000000000D+00  0.12234900000000D+01
   2 H     0.37339512500000D+01  0.28376400000000D+01  0.40553400000000D+01
   3 H     0.52900412500000D+01  0.28376400000000D+01  0.12234900000000D+01
   4 H     0.72596125000000D+00  0.63586000000000D+00  0.40553400000000D+01
   5 H     0.27376312500000D+01  0.10924800000000D+01  0.16083600000000D+01
   6 H     0.32783612500000D+01  0.23810200000000D+01  0.44402100000000D+01
   7 H     0.57456412500000D+01  0.23810200000000D+01  0.16083600000000D+01
   8 H     0.27037125000000D+00  0.10924800000000D+01  0.44402100000000D+01

  F 0.33V0                                                      
    4.5141    2.6063    4.2498
   90.0000   90.0000   90.0000
   1 H     0.16566000000000D+01  0.42134000000000D+00  0.87097500000000D+00
   2 H     0.28575000000000D+01  0.21849600000000D+01  0.29958750000000D+01
   3 H     0.39136500000000D+01  0.21849600000000D+01  0.87097500000000D+00
   4 H     0.60045000000000D+00  0.42134000000000D+00  0.29958750000000D+01
   5 H     0.21098200000000D+01  0.87565000000000D+00  0.12539250000000D+01
   6 H     0.24042800000000D+01  0.17306500000000D+01  0.33788250000000D+01
   7 H     0.43668700000000D+01  0.17306500000000D+01  0.12539250000000D+01
   8 H     0.14723000000000D+00  0.87565000000000D+00  0.33788250000000D+01

  F 0.90V0                                                      
    6.3245    3.6516    5.9541
   90.0000   90.0000   90.0000
   1 H     0.24107100000000D+01  0.68013000000000D+00  0.12960725000000D+01
   2 H     0.39137900000000D+01  0.29714700000000D+01  0.42731225000000D+01
   3 H     0.55729600000000D+01  0.29714700000000D+01  0.12960725000000D+01
   4 H     0.75154000000000D+00  0.68013000000000D+00  0.42731225000000D+01
   5 H     0.28663800000000D+01  0.11368200000000D+01  0.16809725000000D+01
   6 H     0.34581200000000D+01  0.25147800000000D+01  0.46580325000000D+01
   7 H     0.60286300000000D+01  0.25147800000000D+01  0.16809725000000D+01
   8 H     0.29587000000000D+00  0.11368200000000D+01  0.46580325000000D+01

  F 0.95V0                                                      
    6.4395    3.7180    6.0624
   90.0000   90.0000   90.0000
   1 H     0.24586700000000D+01  0.69665000000000D+00  0.13231300000000D+01
   2 H     0.39808300000000D+01  0.30213500000000D+01  0.43543300000000D+01
   3 H     0.56784200000000D+01  0.30213500000000D+01  0.13231300000000D+01
   4 H     0.76108000000000D+00  0.69665000000000D+00  0.43543300000000D+01
   5 H     0.29143200000000D+01  0.11533400000000D+01  0.17080700000000D+01
   6 H     0.35251800000000D+01  0.25646600000000D+01  0.47392700000000D+01
   7 H     0.61340700000000D+01  0.25646600000000D+01  0.17080700000000D+01
   8 H     0.30543000000000D+00  0.11533400000000D+01  0.47392700000000D+01

  F 0.98V0                                                      
    6.5066    3.7567    6.1255
   90.0000   90.0000   90.0000
   1 H     0.24866600000000D+01  0.70627000000000D+00  0.13389225000000D+01
   2 H     0.40199400000000D+01  0.30504300000000D+01  0.44016725000000D+01
   3 H     0.57399600000000D+01  0.30504300000000D+01  0.13389225000000D+01
   4 H     0.76664000000000D+00  0.70627000000000D+00  0.44016725000000D+01
   5 H     0.29423100000000D+01  0.11629800000000D+01  0.17238225000000D+01
   6 H     0.35642900000000D+01  0.25937200000000D+01  0.47865825000000D+01
   7 H     0.61956100000000D+01  0.25937200000000D+01  0.17238225000000D+01
   8 H     0.31099000000000D+00  0.11629800000000D+01  0.47865825000000D+01

  F 1.00V0                                                      
    6.5505    3.7821    6.1669
   90.0000   90.0000   90.0000
   1 H     0.25049700000000D+01  0.71258000000000D+00  0.13492900000000D+01
   2 H     0.40455300000000D+01  0.30695200000000D+01  0.44327400000000D+01
   3 H     0.57802200000000D+01  0.30695200000000D+01  0.13492900000000D+01
   4 H     0.77028000000000D+00  0.71258000000000D+00  0.44327400000000D+01
   5 H     0.29606300000000D+01  0.11693000000000D+01  0.17341600000000D+01
   6 H     0.35898700000000D+01  0.26128000000000D+01  0.48176100000000D+01
   7 H     0.62358800000000D+01  0.26128000000000D+01  0.17341600000000D+01
   8 H     0.31462000000000D+00  0.11693000000000D+01  0.48176100000000D+01

  F 0.99V0                                                      
    6.5286    3.7694    6.1463
   90.0000   90.0000   90.0000
   1 H     0.24958800000000D+01  0.70944000000000D+00  0.13441050000000D+01
   2 H     0.40327200000000D+01  0.30599600000000D+01  0.44172550000000D+01
   3 H     0.57601800000000D+01  0.30599600000000D+01  0.13441050000000D+01
   4 H     0.76842000000000D+00  0.70944000000000D+00  0.44172550000000D+01
   5 H     0.29515100000000D+01  0.11661300000000D+01  0.17290450000000D+01
   6 H     0.35770900000000D+01  0.26032700000000D+01  0.48021950000000D+01
   7 H     0.62158100000000D+01  0.26032700000000D+01  0.17290450000000D+01
   8 H     0.31279000000000D+00  0.11661300000000D+01  0.48021950000000D+01

  F 0.39V0                                                      
    4.7970    2.7696    4.5161
   90.0000   90.0000   90.0000
   1 H     0.17742100000000D+01  0.46152250000000D+00  0.93716500000000D+00
   2 H     0.30227900000000D+01  0.23080825000000D+01  0.31952150000000D+01
   3 H     0.41727100000000D+01  0.23080825000000D+01  0.93716500000000D+00
   4 H     0.62429000000000D+00  0.46152250000000D+00  0.31952150000000D+01
   5 H     0.22283000000000D+01  0.91670250000000D+00  0.13208850000000D+01
   6 H     0.25687000000000D+01  0.18528925000000D+01  0.35789350000000D+01
   7 H     0.46268000000000D+01  0.18528925000000D+01  0.13208850000000D+01
   8 H     0.17020000000000D+00  0.91670250000000D+00  0.35789350000000D+01

  F 1.10V0                                                      
    6.7620    3.9042    6.3660
   90.0000   90.0000   90.0000
   1 H     0.59742300000000D+01  0.26950900000000D+01  0.13990550000000D+01
   2 H     0.78777000000000D+00  0.12091100000000D+01  0.45820550000000D+01
   3 H     0.25932300000000D+01  0.12091100000000D+01  0.13990550000000D+01
   4 H     0.41687700000000D+01  0.26950900000000D+01  0.45820550000000D+01
   5 H     0.64298400000000D+01  0.31517400000000D+01  0.17839450000000D+01
   6 H     0.33216000000000D+00  0.75246000000000D+00  0.49669450000000D+01
   7 H     0.30488400000000D+01  0.75246000000000D+00  0.17839450000000D+01
   8 H     0.37131600000000D+01  0.31517400000000D+01  0.49669450000000D+01

  F 1.01V0                                                      
    6.5723    3.7947    6.1874
   90.0000   90.0000   90.0000
   1 H     0.25140500000000D+01  0.71574000000000D+00  0.13544150000000D+01
   2 H     0.40582500000000D+01  0.30789600000000D+01  0.44481150000000D+01
   3 H     0.58002100000000D+01  0.30789600000000D+01  0.13544150000000D+01
   4 H     0.77209000000000D+00  0.71574000000000D+00  0.44481150000000D+01
   5 H     0.29697400000000D+01  0.11724200000000D+01  0.17392850000000D+01
   6 H     0.36025600000000D+01  0.26222800000000D+01  0.48329850000000D+01
   7 H     0.62558900000000D+01  0.26222800000000D+01  0.17392850000000D+01
   8 H     0.31641000000000D+00  0.11724200000000D+01  0.48329850000000D+01

  F 1.02V0                                                      
    6.5939    3.8071    6.2078
   90.0000   90.0000   90.0000
   1 H     0.25231200000000D+01  0.71881000000000D+00  0.13595050000000D+01
   2 H     0.40707800000000D+01  0.30882900000000D+01  0.44634050000000D+01
   3 H     0.58200700000000D+01  0.30882900000000D+01  0.13595050000000D+01
   4 H     0.77383000000000D+00  0.71881000000000D+00  0.44634050000000D+01
   5 H     0.29787600000000D+01  0.11755200000000D+01  0.17443950000000D+01
   6 H     0.36151400000000D+01  0.26315800000000D+01  0.48482950000000D+01
   7 H     0.62757100000000D+01  0.26315800000000D+01  0.17443950000000D+01
   8 H     0.31819000000000D+00  0.11755200000000D+01  0.48482950000000D+01

  F 0.46V0                                                      
    5.0499    2.9157    4.7542
   90.0000   90.0000   90.0000
   1 H     0.18794200000000D+01  0.49758000000000D+00  0.99646250000000D+00
   2 H     0.31704800000000D+01  0.24181200000000D+01  0.33735625000000D+01
   3 H     0.44043700000000D+01  0.24181200000000D+01  0.99646250000000D+00
   4 H     0.64553000000000D+00  0.49758000000000D+00  0.33735625000000D+01
   5 H     0.23340700000000D+01  0.95331000000000D+00  0.13806325000000D+01
   6 H     0.27158300000000D+01  0.19623900000000D+01  0.37577425000000D+01
   7 H     0.48590200000000D+01  0.19623900000000D+01  0.13806325000000D+01
   8 H     0.19088000000000D+00  0.95331000000000D+00  0.37577425000000D+01

  F 1.05V0                                                      
    6.6579    3.8441    6.2680
   90.0000   90.0000   90.0000
   1 H     0.58787300000000D+01  0.72802000000000D+00  0.13745750000000D+01
   2 H     0.77917000000000D+00  0.31160800000000D+01  0.45085750000000D+01
   3 H     0.25497800000000D+01  0.31160800000000D+01  0.13745750000000D+01
   4 H     0.41081200000000D+01  0.72802000000000D+00  0.45085750000000D+01
   5 H     0.63343900000000D+01  0.11847100000000D+01  0.17594250000000D+01
   6 H     0.32351000000000D+00  0.26593900000000D+01  0.48934250000000D+01
   7 H     0.30054400000000D+01  0.26593900000000D+01  0.17594250000000D+01
   8 H     0.36524600000000D+01  0.11847100000000D+01  0.48934250000000D+01

  F 1.18V0                                                      
    6.9132    3.9915    6.5084
   90.0000   90.0000   90.0000
   1 H     0.61129500000000D+01  0.27604700000000D+01  0.14346600000000D+01
   2 H     0.80025000000000D+00  0.12310300000000D+01  0.46888600000000D+01
   3 H     0.26563500000000D+01  0.12310300000000D+01  0.14346600000000D+01
   4 H     0.42568500000000D+01  0.27604700000000D+01  0.46888600000000D+01
   5 H     0.65684800000000D+01  0.32171000000000D+01  0.18195400000000D+01
   6 H     0.34472000000000D+00  0.77440000000000D+00  0.50737400000000D+01
   7 H     0.31118800000000D+01  0.77440000000000D+00  0.18195400000000D+01
   8 H     0.38013200000000D+01  0.32171000000000D+01  0.50737400000000D+01

  F 1.58V0                                                      
    7.6236    4.4017    7.1771
   90.0000   90.0000   90.0000
   1 H     0.67646100000000D+01  0.30677300000000D+01  0.16019450000000D+01
   2 H     0.85899000000000D+00  0.13339700000000D+01  0.51904950000000D+01
   3 H     0.29528100000000D+01  0.13339700000000D+01  0.16019450000000D+01
   4 H     0.46707900000000D+01  0.30677300000000D+01  0.51904950000000D+01
   5 H     0.72199700000000D+01  0.35241300000000D+01  0.19866050000000D+01
   6 H     0.40363000000000D+00  0.87757000000000D+00  0.55751550000000D+01
   7 H     0.34081700000000D+01  0.87757000000000D+00  0.19866050000000D+01
   8 H     0.42154300000000D+01  0.35241300000000D+01  0.55751550000000D+01

  F 0.49V0                                                      
    5.1674    2.9835    4.8648
   90.0000   90.0000   90.0000
   1 H     0.19283600000000D+01  0.51434000000000D+00  0.10240450000000D+01
   2 H     0.32390400000000D+01  0.24691600000000D+01  0.34564450000000D+01
   3 H     0.45120600000000D+01  0.24691600000000D+01  0.10240450000000D+01
   4 H     0.65534000000000D+00  0.51434000000000D+00  0.34564450000000D+01
   5 H     0.23831900000000D+01  0.97026000000000D+00  0.14083550000000D+01
   6 H     0.27842100000000D+01  0.20132400000000D+01  0.38407550000000D+01
   7 H     0.49668900000000D+01  0.20132400000000D+01  0.14083550000000D+01
   8 H     0.20051000000000D+00  0.97026000000000D+00  0.38407550000000D+01

  F 2.78V0                                                      
    9.2095    5.3173    8.6701
   90.0000   90.0000   90.0000
   1 H     0.82193500000000D+01  0.37534800000000D+01  0.19753500000000D+01
   2 H     0.99015000000000D+00  0.15638200000000D+01  0.63104000000000D+01
   3 H     0.36146000000000D+01  0.15638200000000D+01  0.19753500000000D+01
   4 H     0.55949000000000D+01  0.37534800000000D+01  0.63104000000000D+01
   5 H     0.86743700000000D+01  0.42095500000000D+01  0.23597000000000D+01
   6 H     0.53513000000000D+00  0.11077500000000D+01  0.66947500000000D+01
   7 H     0.40696200000000D+01  0.11077500000000D+01  0.23597000000000D+01
   8 H     0.51398800000000D+01  0.42095500000000D+01  0.66947500000000D+01

  F 0.82V0                                                      
    6.1429    3.5467    5.7832
   90.0000   90.0000   90.0000
   1 H     0.23349700000000D+01  0.65403000000000D+00  0.12533400000000D+01
   2 H     0.38079300000000D+01  0.28926700000000D+01  0.41449400000000D+01
   3 H     0.54064200000000D+01  0.28926700000000D+01  0.12533400000000D+01
   4 H     0.73648000000000D+00  0.65403000000000D+00  0.41449400000000D+01
   5 H     0.27906000000000D+01  0.11106900000000D+01  0.16382600000000D+01
   6 H     0.33523000000000D+01  0.24360100000000D+01  0.45298600000000D+01
   7 H     0.58620500000000D+01  0.24360100000000D+01  0.16382600000000D+01
   8 H     0.28085000000000D+00  0.11106900000000D+01  0.45298600000000D+01

  F 1.37V0                                                      
    7.2832    4.2051    6.8567
   90.0000   90.0000   90.0000
   1 H     0.64523900000000D+01  0.29204700000000D+01  0.15217950000000D+01
   2 H     0.83081000000000D+00  0.12846300000000D+01  0.49501450000000D+01
   3 H     0.28107900000000D+01  0.12846300000000D+01  0.15217950000000D+01
   4 H     0.44724100000000D+01  0.29204700000000D+01  0.49501450000000D+01
   5 H     0.69078400000000D+01  0.33769800000000D+01  0.19065550000000D+01
   6 H     0.37536000000000D+00  0.82812000000000D+00  0.53349050000000D+01
   7 H     0.32662400000000D+01  0.82812000000000D+00  0.19065550000000D+01
   8 H     0.40169600000000D+01  0.33769800000000D+01  0.53349050000000D+01

  F 1.96V0                                                      
    8.2027    4.7360    7.7224
   90.0000   90.0000   90.0000
   1 H     0.72958400000000D+01  0.33181325000000D+01  0.17383300000000D+01
   2 H     0.90686000000000D+00  0.14178625000000D+01  0.55995300000000D+01
   3 H     0.31944900000000D+01  0.14178625000000D+01  0.17383300000000D+01
   4 H     0.50082100000000D+01  0.33181325000000D+01  0.55995300000000D+01
   5 H     0.77510300000000D+01  0.37743625000000D+01  0.21228700000000D+01
   6 H     0.45167000000000D+00  0.96164250000000D+00  0.59840700000000D+01
   7 H     0.36496800000000D+01  0.96164250000000D+00  0.21228700000000D+01
   8 H     0.45530200000000D+01  0.37743625000000D+01  0.59840700000000D+01

  F 2.29V0                                                      
    8.6352    4.9857    8.1295
   90.0000   90.0000   90.0000
   1 H     0.76925500000000D+01  0.35051400000000D+01  0.18401750000000D+01
   2 H     0.94265000000000D+00  0.14805600000000D+01  0.59049250000000D+01
   3 H     0.33749500000000D+01  0.14805600000000D+01  0.18401750000000D+01
   4 H     0.52602500000000D+01  0.35051400000000D+01  0.59049250000000D+01
   5 H     0.81476900000000D+01  0.39613000000000D+01  0.22245750000000D+01
   6 H     0.48751000000000D+00  0.10244000000000D+01  0.62893250000000D+01
   7 H     0.38300900000000D+01  0.10244000000000D+01  0.22245750000000D+01
   8 H     0.48051100000000D+01  0.39613000000000D+01  0.62893250000000D+01

  C H2-molec                                                    
   1 H     0.40000000000000D+02  0.40000000000000D+02  0.39629590000000D+02
   2 H     0.40000000000000D+02  0.40000000000000D+02  0.40370410000000D+02

