   1   -0.000006
   2   -0.000006
   3    0.000008
   4    0.000008
   5   -0.000015
   6   -0.000015
   7    0.000013
   8    0.000013
   1   -0.000093
   2   -0.000082
   3    0.000124
   4    0.000156
   5    0.000041
   6    0.000057
   7   -0.000111
   8   -0.000091
   1   -0.000017
   2    0.000032
   3   -0.000037
   4    0.000044
   5    0.000003
   6   -0.000016
   7    0.000052
   8   -0.000060
   1    0.000027
   2   -0.000057
   3    0.000043
   4    0.000028
   5   -0.000051
   6    0.000066
   7    0.000003
   8   -0.000058
   1    0.000276
   2    0.000279
   3   -0.000038
   4    0.000061
   5   -0.000250
   6   -0.000231
   7    0.000013
   8   -0.000110
   1   -0.000028
   2    0.000025
   3   -0.000009
   4    0.000017
   5    0.000036
   6   -0.000034
   7    0.000001
   8   -0.000007
   1    0.000057
   2    0.000007
   3    0.000071
   4   -0.000074
   5   -0.000014
   6   -0.000088
   7   -0.000059
   8    0.000100
   1   -0.000162
   2    0.000111
   3    0.000240
   4    0.000328
   5    0.000159
   6   -0.000194
   7   -0.000236
   8   -0.000246
   1    0.000024
   2    0.000098
   3   -0.000103
   4    0.000053
   5   -0.000035
   6   -0.000065
   7    0.000111
   8   -0.000084
   1    0.000179
   2   -0.000072
   3    0.000238
   4    0.000258
   5   -0.000262
   6    0.000097
   7   -0.000178
   8   -0.000258
   1    0.000052
   2    0.000008
   3    0.000010
   4   -0.000051
   5   -0.000044
   6   -0.000004
   7   -0.000018
   8    0.000048
   1   -0.000040
   2    0.000008
   3    0.000094
   4    0.000043
   5    0.000035
   6   -0.000019
   7   -0.000103
   8   -0.000019
   1    0.000054
   2    0.000092
   3   -0.000008
   4   -0.000034
   5   -0.000047
   6   -0.000093
   7    0.000002
   8    0.000034
   1    0.000042
   2   -0.000025
   3    0.000057
   4    0.000052
   5    0.000039
   6   -0.000042
   7   -0.000071
   8   -0.000049
   1    0.000179
   2    0.000095
   3   -0.000046
   4    0.000056
   5   -0.000194
   6   -0.000109
   7    0.000072
   8   -0.000053
   1   -0.000028
   2    0.000006
   3    0.000039
   4    0.000047
   5   -0.000035
   6    0.000040
   7   -0.000027
   8   -0.000043
   1    0.000048
   2    0.000148
   3    0.000036
   4   -0.000052
   5   -0.000050
   6   -0.000167
   7   -0.000024
   8    0.000060
   1   -0.000010
   2   -0.000002
   3    0.000021
   4    0.000009
   5    0.000010
   6    0.000001
   7   -0.000021
   8   -0.000007
   1    0.000019
   2    0.000045
   3   -0.000011
   4   -0.000023
   5   -0.000014
   6   -0.000037
   7    0.000000
   8    0.000028
   1    0.000047
   2    0.000015
   3    0.000024
   4    0.000080
   5   -0.000088
   6    0.000006
   7   -0.000009
   8   -0.000077
   1    0.000013
   2    0.000136
   3    0.000149
   4    0.000007
   5   -0.000008
   6   -0.000151
   7   -0.000135
   8   -0.000012
   1   -0.000000
   2   -0.000000
   3    0.000000
   4    0.000000
   5    0.000000
   6    0.000000
   7   -0.000000
   8   -0.000000
   1    0.000000
   2    0.000000
   3   -0.000000
   4   -0.000000
   5   -0.000000
   6   -0.000000
   7    0.000000
   8    0.000000
   1   -0.000001
   2   -0.000001
   3    0.000001
   4    0.000001
   5    0.000001
   6    0.000001
   7   -0.000001
   8   -0.000000
   1    0.000010
   2    0.000014
   3   -0.000015
   4   -0.000008
   5   -0.000007
   6   -0.000012
   7    0.000012
   8    0.000004
   1   -0.000039
   2    0.000002
   3   -0.000030
   4   -0.000004
   5    0.000003
   6    0.000044
   7   -0.000009
   8    0.000032
   1    0.000008
   2    0.000001
   3   -0.000019
   4    0.000002
   5   -0.000008
   6    0.000000
   7    0.000019
   8   -0.000003
   1   -0.000032
   2   -0.000005
   3   -0.000012
   4   -0.000048
   5    0.000060
   6    0.000007
   7   -0.000011
   8    0.000042
   1   -0.000083
   2   -0.000072
   3   -0.000087
   4   -0.000049
   5    0.000052
   6    0.000112
   7    0.000055
   8    0.000071
   1   -0.000034
   2    0.000046
   3    0.000008
   4   -0.000048
   5    0.000037
   6   -0.000045
   7   -0.000010
   8    0.000046
   1   -0.000005
   2   -0.000019
   3   -0.000065
   4   -0.000031
   5    0.000009
   6    0.000016
   7    0.000070
   8    0.000025
   1   -0.000027
   2    0.000007
   3    0.000004
   4   -0.000050
   5    0.000024
   6    0.000004
   7    0.000003
   8    0.000035
   1    0.000037
   2    0.000012
   3   -0.000041
   4   -0.000038
   5   -0.000039
   6    0.000016
   7    0.000014
   8    0.000040
   1   -0.000006
   2    0.000024
   3    0.000002
   4    0.000002
   5   -0.000001
   6   -0.000020
   7    0.000002
   8   -0.000004
   1    0.000050
   2   -0.000041
   3    0.000010
   4    0.000040
   5   -0.000057
   6    0.000055
   7   -0.000020
   8   -0.000036
   1   -0.000014
   2    0.000070
   3    0.000107
   4    0.000019
   5   -0.000042
   6   -0.000042
   7   -0.000073
   8   -0.000025
   1    0.000047
   2   -0.000003
   3   -0.000018
   4    0.000055
   5   -0.000050
   6    0.000006
   7    0.000023
   8   -0.000059
   1    0.000034
   2    0.000028
   3    0.000037
   4    0.000033
   5   -0.000003
   6   -0.000071
   7   -0.000069
   8    0.000011
   1    0.000077
   2   -0.000077
