  F H2-120GPa                                                   
    3.2059    1.8510    2.9397
   90.0000   90.0000   90.0000
   1 H     0.111322000000000D+01 0.235800000000000D+00 0.128551000000000D+01
   2 H     0.209268000000000D+01 0.161520000000000D+01 0.275536000000000D+01
   3 H     0.271617000000000D+01 0.161520000000000D+01 0.128551000000000D+01
   4 H     0.489730000000000D+00 0.235800000000000D+00 0.275536000000000D+01
   5 H     0.156140000000000D+01 0.684940000000000D+00 0.165419000000000D+01
   6 H     0.164450000000000D+01 0.116606000000000D+01 0.184340000000000D+00
   7 H     0.316436000000000D+01 0.116606000000000D+01 0.165419000000000D+01
   8 H     0.415400000000002D-01 0.684940000000000D+00 0.184340000000000D+00

  F H2-110GPa                                                   
    3.2447    1.8734    2.9787
   90.0000   90.0000   90.0000
   1 H     0.112931000000000D+01 0.241330000000000D+00 0.130470000000000D+01
   2 H     0.211539000000000D+01 0.163207000000000D+01 0.279405000000000D+01
   3 H     0.275166000000000D+01 0.163207000000000D+01 0.130470000000000D+01
   4 H     0.493040000000000D+00 0.241330000000000D+00 0.279405000000000D+01
   5 H     0.157769000000000D+01 0.690680000000000D+00 0.167400000000000D+01
   6 H     0.166701000000000D+01 0.118272000000000D+01 0.184650000000000D+00
   7 H     0.320004000000000D+01 0.118272000000000D+01 0.167400000000000D+01
   8 H     0.446600000000002D-01 0.690680000000000D+00 0.184650000000000D+00

  F H2-100GPa                                                   
    3.2872    1.8979    3.0217
   90.0000   90.0000   90.0000
   1 H     0.114696875000000D+01 0.247400000000000D+00 0.570400000000000D+00
   2 H     0.214022875000000D+01 0.165050000000000D+01 0.208125000000000D+01
   3 H     0.279056875000000D+01 0.165050000000000D+01 0.570400000000000D+00
   4 H     0.496628750000000D+00 0.247400000000000D+00 0.208125000000000D+01
   5 H     0.159552875000000D+01 0.696940000000000D+00 0.940450000000000D+00
   6 H     0.169167875000000D+01 0.120096000000000D+01 0.245130000000000D+01
   7 H     0.323912875000000D+01 0.120096000000000D+01 0.940450000000000D+00
   8 H     0.480687500000003D-01 0.696940000000000D+00 0.245130000000000D+01

  F H2-90GPa                                                    
    3.3342    1.9251    3.0695
   90.0000   90.0000   90.0000
   1 H     0.116647000000000D+01 0.254097500000000D+00 0.581955000000000D+00
   2 H     0.216773000000000D+01 0.167099750000000D+01 0.211670500000000D+01
   3 H     0.283357000000000D+01 0.167099750000000D+01 0.581955000000000D+00
   4 H     0.500630000000000D+00 0.254097500000000D+00 0.211670500000000D+01
   5 H     0.161522000000000D+01 0.703897500000000D+00 0.952795000000000D+00
   6 H     0.171898000000000D+01 0.122120750000000D+01 0.248754500000000D+01
   7 H     0.328232000000000D+01 0.122120750000000D+01 0.952795000000000D+00
   8 H     0.518799999999998D-01 0.703897500000000D+00 0.248754500000000D+01

  F H2-80GPa                                                    
    3.3868    1.9554    3.1231
   90.0000   90.0000   90.0000
   1 H     0.118831000000000D+01 0.261580000000000D+00 0.594915000000000D+00
   2 H     0.219849000000000D+01 0.169382000000000D+01 0.215646500000000D+01
   3 H     0.288171000000000D+01 0.169382000000000D+01 0.594915000000000D+00
   4 H     0.505090000000000D+00 0.261580000000000D+00 0.215646500000000D+01
   5 H     0.163729000000000D+01 0.711600000000000D+00 0.966635000000000D+00
   6 H     0.174951000000000D+01 0.124380000000000D+01 0.252818500000000D+01
   7 H     0.333069000000000D+01 0.124380000000000D+01 0.966635000000000D+00
   8 H     0.561100000000000D-01 0.711600000000000D+00 0.252818500000000D+01

  F H2-70GPa                                                    
    3.4465    1.9899    3.1841
   90.0000   90.0000   90.0000
   1 H     0.121249000000000D+01 0.272720000000000D+00 0.608640000000000D+00
   2 H     0.223401000000000D+01 0.171718000000000D+01 0.220069000000000D+01
   3 H     0.293574000000000D+01 0.171718000000000D+01 0.608640000000000D+00
   4 H     0.510760000000000D+00 0.272720000000000D+00 0.220069000000000D+01
   5 H     0.165981000000000D+01 0.721830000000000D+00 0.983410000000000D+00
   6 H     0.178669000000000D+01 0.126807000000000D+01 0.257546000000000D+01
   7 H     0.338306000000000D+01 0.126807000000000D+01 0.983410000000000D+00
   8 H     0.634399999999998D-01 0.721830000000000D+00 0.257546000000000D+01

  F H2-60GPa                                                    
    3.5157    2.0299    3.2547
   90.0000   90.0000   90.0000
   1 H     0.124112000000000D+01 0.282700000000000D+00 0.625235000000000D+00
   2 H     0.227458000000000D+01 0.174720000000000D+01 0.225258500000000D+01
   3 H     0.299897000000000D+01 0.174720000000000D+01 0.625235000000000D+00
   4 H     0.516730000000000D+00 0.282700000000000D+00 0.225258500000000D+01
   5 H     0.168914000000000D+01 0.732950000000000D+00 0.100211500000000D+01
   6 H     0.182656000000000D+01 0.129695000000000D+01 0.262946500000000D+01
   7 H     0.344699000000000D+01 0.129695000000000D+01 0.100211500000000D+01
   8 H     0.687100000000000D-01 0.732950000000000D+00 0.262946500000000D+01

  F H2-50GPa                                                    
    3.5979    2.0773    3.3382
   90.0000   90.0000   90.0000
   1 H     0.127557000000000D+01 0.292240000000000D+00 0.646490000000000D+00
   2 H     0.232233000000000D+01 0.178506000000000D+01 0.231559000000000D+01
   3 H     0.307452000000000D+01 0.178506000000000D+01 0.646490000000000D+00
   4 H     0.523380000000000D+00 0.292240000000000D+00 0.231559000000000D+01
   5 H     0.172545000000000D+01 0.743660000000000D+00 0.102261000000000D+01
   6 H     0.187245000000000D+01 0.133364000000000D+01 0.269171000000000D+01
   7 H     0.352440000000000D+01 0.133364000000000D+01 0.102261000000000D+01
   8 H     0.735000000000000D-01 0.743660000000000D+00 0.269171000000000D+01

  F H2-40GPa                                                    
    3.6989    2.1356    3.4401
   90.0000   90.0000   90.0000
   1 H     0.131760000000000D+01 0.305910000000000D+00 0.671660000000001D+00
   2 H     0.238130000000000D+01 0.182969000000000D+01 0.239171000000000D+01
   3 H     0.316705000000000D+01 0.182969000000000D+01 0.671660000000001D+00
   4 H     0.531850000000000D+00 0.305910000000000D+00 0.239171000000000D+01
   5 H     0.176824000000000D+01 0.757840000000000D+00 0.104839000000000D+01
   6 H     0.193066000000000D+01 0.137776000000000D+01 0.276844000000000D+01
   7 H     0.361769000000000D+01 0.137776000000000D+01 0.104839000000000D+01
   8 H     0.812100000000000D-01 0.757840000000000D+00 0.276844000000000D+01

  F H2-30GPa                                                    
    3.8299    2.2113    3.5711
   90.0000   90.0000   90.0000
   1 H     0.137216875000000D+01 0.324280000000000D+00 0.703940000000000D+00
   2 H     0.245773875000000D+01 0.188702000000000D+01 0.248949000000000D+01
   3 H     0.328711875000000D+01 0.188702000000000D+01 0.703940000000000D+00
   4 H     0.542778750000000D+00 0.324280000000000D+00 0.248949000000000D+01
   5 H     0.182323875000000D+01 0.776510000000000D+00 0.108161000000000D+01
   6 H     0.200665875000000D+01 0.143479000000000D+01 0.286716000000000D+01
   7 H     0.373818875000000D+01 0.143479000000000D+01 0.108161000000000D+01
   8 H     0.917087499999998D-01 0.776510000000000D+00 0.286716000000000D+01

  F H2-20GPa                                                    
    4.0155    2.3185    3.7546
   90.0000   90.0000   90.0000
   1 H     0.144930000000000D+01 0.351930000000000D+00 0.748950000000000D+00
   2 H     0.256620000000000D+01 0.196657000000000D+01 0.262625000000000D+01
   3 H     0.345705000000000D+01 0.196657000000000D+01 0.748950000000000D+00
   4 H     0.558450000000000D+00 0.351930000000000D+00 0.262625000000000D+01
   5 H     0.190005000000000D+01 0.804190000000000D+00 0.112835000000000D+01
   6 H     0.211545000000000D+01 0.151431000000000D+01 0.300565000000000D+01
   7 H     0.390780000000000D+01 0.151431000000000D+01 0.112835000000000D+01
   8 H     0.107700000000000D+00 0.804190000000000D+00 0.300565000000000D+01

  F H2-10GPa                                                    
    4.3342    2.5024    4.0644
   90.0000   90.0000   90.0000
   1 H     0.158184000000000D+01 0.396300000000000D+00 0.825387500000000D+00
   2 H     0.275236000000000D+01 0.210610000000000D+01 0.285759750000000D+01
   3 H     0.374894000000000D+01 0.210610000000000D+01 0.825387500000000D+00
   4 H     0.585260000000000D+00 0.396300000000000D+00 0.285759750000000D+01
   5 H     0.203420000000000D+01 0.850000000000000D+00 0.120680750000000D+01
   6 H     0.230000000000000D+01 0.165240000000000D+01 0.323900750000000D+01
   7 H     0.420130000000000D+01 0.165240000000000D+01 0.120680750000000D+01
   8 H     0.132900000000000D+00 0.850000000000000D+00 0.323900750000000D+01

  F 0.37V0                                                      
    4.7186    2.7244    4.4423
   90.0000   90.0000   90.0000
   1 H     0.174160000000000D+01 0.450380000000000D+00 0.918795000000000D+00
   2 H     0.297700000000000D+01 0.227402000000000D+01 0.313994500000000D+01
   3 H     0.410090000000000D+01 0.227402000000000D+01 0.918795000000000D+00
   4 H     0.617700000000000D+00 0.450380000000000D+00 0.313994500000000D+01
   5 H     0.219545000000000D+01 0.905360000000000D+00 0.130235500000000D+01
   6 H     0.252315000000000D+01 0.181904000000000D+01 0.352350500000000D+01
   7 H     0.455475000000000D+01 0.181904000000000D+01 0.130235500000000D+01
   8 H     0.163850000000000D+00 0.905360000000000D+00 0.352350500000000D+01

  F 0.45V0                                                      
    5.0048    2.8896    4.7099
   90.0000   90.0000   90.0000
   1 H     0.186069000000000D+01 0.491330000000000D+00 0.985450000000000D+00
   2 H     0.314411000000000D+01 0.239827000000000D+01 0.334040000000000D+01
   3 H     0.436309000000000D+01 0.239827000000000D+01 0.985450000000000D+00
   4 H     0.641710000000001D+00 0.491330000000000D+00 0.334040000000000D+01
   5 H     0.231508000000000D+01 0.946880000000000D+00 0.136950000000000D+01
   6 H     0.268972000000000D+01 0.194272000000000D+01 0.372445000000000D+01
   7 H     0.481748000000000D+01 0.194272000000000D+01 0.136950000000000D+01
   8 H     0.187320000000000D+00 0.946880000000000D+00 0.372445000000000D+01

  F 0.53V0                                                      
    5.3148    3.0686    5.0036
   90.0000   90.0000   90.0000
   1 H     0.198979000000000D+01 0.535410000000000D+00 0.105866500000000D+01
   2 H     0.332501000000000D+01 0.253319000000000D+01 0.356046500000000D+01
   3 H     0.464719000000000D+01 0.253319000000000D+01 0.105866500000000D+01
   4 H     0.667610000000000D+00 0.535410000000000D+00 0.356046500000000D+01
   5 H     0.244480000000000D+01 0.991520000000000D+00 0.144313500000000D+01
   6 H     0.287000000000000D+01 0.207708000000000D+01 0.394493500000000D+01
   7 H     0.510220000000000D+01 0.207708000000000D+01 0.144313500000000D+01
   8 H     0.212600000000000D+00 0.991520000000000D+00 0.394493500000000D+01

  F 0.61V0                                                      
    5.5684    3.2151    5.2423
   90.0000   90.0000   90.0000
   1 H     0.209545000000000D+01 0.571710000000000D+00 0.111826500000000D+01
   2 H     0.347295000000000D+01 0.264339000000000D+01 0.373941500000000D+01
   3 H     0.487965000000000D+01 0.264339000000000D+01 0.111826500000000D+01
   4 H     0.688750000000000D+00 0.571710000000000D+00 0.373941500000000D+01
   5 H     0.255075000000000D+01 0.102808000000000D+01 0.150288500000000D+01
   6 H     0.301765000000000D+01 0.218702000000000D+01 0.412403500000000D+01
   7 H     0.533495000000000D+01 0.218702000000000D+01 0.150288500000000D+01
   8 H     0.233450000000000D+00 0.102808000000000D+01 0.412403500000000D+01

  F 0.69V0                                                      
    5.8009    3.3493    5.4611
   90.0000   90.0000   90.0000
   1 H     0.219233000000000D+01 0.605000000000000D+00 0.117290500000000D+01
   2 H     0.360857000000000D+01 0.274430000000000D+01 0.390345500000000D+01
   3 H     0.509278000000000D+01 0.274430000000000D+01 0.117290500000000D+01
   4 H     0.708120000000000D+00 0.605000000000000D+00 0.390345500000000D+01
   5 H     0.264781000000000D+01 0.106155000000000D+01 0.155764500000000D+01
   6 H     0.315309000000000D+01 0.228775000000000D+01 0.428819500000000D+01
   7 H     0.554826000000000D+01 0.228775000000000D+01 0.155764500000000D+01
   8 H     0.252640000000000D+00 0.106155000000000D+01 0.428819500000000D+01

  F 0.77V0                                                      
    6.0160    3.4735    5.6637
   90.0000   90.0000   90.0000
   1 H     0.228204125000000D+01 0.635860000000000D+00 0.122349000000000D+01
   2 H     0.373395125000000D+01 0.283764000000000D+01 0.405534000000000D+01
   3 H     0.529004125000000D+01 0.283764000000000D+01 0.122349000000000D+01
   4 H     0.725961250000000D+00 0.635860000000000D+00 0.405534000000000D+01
   5 H     0.273763125000000D+01 0.109248000000000D+01 0.160836000000000D+01
   6 H     0.327836125000000D+01 0.238102000000000D+01 0.444021000000000D+01
   7 H     0.574564125000000D+01 0.238102000000000D+01 0.160836000000000D+01
   8 H     0.270371250000000D+00 0.109248000000000D+01 0.444021000000000D+01

  F 0.33V0                                                      
    4.5141    2.6063    4.2498
   90.0000   90.0000   90.0000
   1 H     0.165660000000000D+01 0.421340000000000D+00 0.870975000000000D+00
   2 H     0.285750000000000D+01 0.218496000000000D+01 0.299587500000000D+01
   3 H     0.391365000000000D+01 0.218496000000000D+01 0.870975000000000D+00
   4 H     0.600450000000000D+00 0.421340000000000D+00 0.299587500000000D+01
   5 H     0.210982000000000D+01 0.875650000000000D+00 0.125392500000000D+01
   6 H     0.240428000000000D+01 0.173065000000000D+01 0.337882500000000D+01
   7 H     0.436687000000000D+01 0.173065000000000D+01 0.125392500000000D+01
   8 H     0.147230000000000D+00 0.875650000000000D+00 0.337882500000000D+01

  F 0.90V0                                                      
    6.3245    3.6516    5.9541
   90.0000   90.0000   90.0000
   1 H     0.241071000000000D+01 0.680130000000000D+00 0.129607250000000D+01
   2 H     0.391379000000000D+01 0.297147000000000D+01 0.427312250000000D+01
   3 H     0.557296000000000D+01 0.297147000000000D+01 0.129607250000000D+01
   4 H     0.751540000000000D+00 0.680130000000000D+00 0.427312250000000D+01
   5 H     0.286638000000000D+01 0.113682000000000D+01 0.168097250000000D+01
   6 H     0.345812000000000D+01 0.251478000000000D+01 0.465803250000000D+01
   7 H     0.602863000000000D+01 0.251478000000000D+01 0.168097250000000D+01
   8 H     0.295870000000000D+00 0.113682000000000D+01 0.465803250000000D+01

  F 0.95V0                                                      
    6.4395    3.7180    6.0624
   90.0000   90.0000   90.0000
   1 H     0.245867000000000D+01 0.696650000000000D+00 0.132313000000000D+01
   2 H     0.398083000000000D+01 0.302135000000000D+01 0.435433000000000D+01
   3 H     0.567842000000000D+01 0.302135000000000D+01 0.132313000000000D+01
   4 H     0.761080000000000D+00 0.696650000000000D+00 0.435433000000000D+01
   5 H     0.291432000000000D+01 0.115334000000000D+01 0.170807000000000D+01
   6 H     0.352518000000000D+01 0.256466000000000D+01 0.473927000000000D+01
   7 H     0.613407000000000D+01 0.256466000000000D+01 0.170807000000000D+01
   8 H     0.305430000000000D+00 0.115334000000000D+01 0.473927000000000D+01

  F 0.98V0                                                      
    6.5066    3.7567    6.1255
   90.0000   90.0000   90.0000
   1 H     0.248666000000000D+01 0.706270000000000D+00 0.133892250000000D+01
   2 H     0.401994000000000D+01 0.305043000000000D+01 0.440167250000000D+01
   3 H     0.573996000000000D+01 0.305043000000000D+01 0.133892250000000D+01
   4 H     0.766640000000000D+00 0.706270000000000D+00 0.440167250000000D+01
   5 H     0.294231000000000D+01 0.116298000000000D+01 0.172382250000000D+01
   6 H     0.356429000000000D+01 0.259372000000000D+01 0.478658250000000D+01
   7 H     0.619561000000000D+01 0.259372000000000D+01 0.172382250000000D+01
   8 H     0.310990000000000D+00 0.116298000000000D+01 0.478658250000000D+01

  F 1.00V0                                                      
    6.5505    3.7821    6.1669
   90.0000   90.0000   90.0000
   1 H     0.250497000000000D+01 0.712580000000000D+00 0.134929000000000D+01
   2 H     0.404553000000000D+01 0.306952000000000D+01 0.443274000000000D+01
   3 H     0.578022000000000D+01 0.306952000000000D+01 0.134929000000000D+01
   4 H     0.770280000000000D+00 0.712580000000000D+00 0.443274000000000D+01
   5 H     0.296063000000000D+01 0.116930000000000D+01 0.173416000000000D+01
   6 H     0.358987000000000D+01 0.261280000000000D+01 0.481761000000000D+01
   7 H     0.623588000000000D+01 0.261280000000000D+01 0.173416000000000D+01
   8 H     0.314620000000000D+00 0.116930000000000D+01 0.481761000000000D+01

  F 0.99V0                                                      
    6.5286    3.7694    6.1463
   90.0000   90.0000   90.0000
   1 H     0.249588000000000D+01 0.709440000000000D+00 0.134410500000000D+01
   2 H     0.403272000000000D+01 0.305996000000000D+01 0.441725500000000D+01
   3 H     0.576018000000000D+01 0.305996000000000D+01 0.134410500000000D+01
   4 H     0.768419999999999D+00 0.709440000000000D+00 0.441725500000000D+01
   5 H     0.295151000000000D+01 0.116613000000000D+01 0.172904500000000D+01
   6 H     0.357709000000000D+01 0.260327000000000D+01 0.480219500000000D+01
   7 H     0.621581000000000D+01 0.260327000000000D+01 0.172904500000000D+01
   8 H     0.312789999999999D+00 0.116613000000000D+01 0.480219500000000D+01

  F 0.39V0                                                      
    4.7970    2.7696    4.5161
   90.0000   90.0000   90.0000
   1 H     0.177421000000000D+01 0.461522500000000D+00 0.937165000000000D+00
   2 H     0.302279000000000D+01 0.230808250000000D+01 0.319521500000000D+01
   3 H     0.417271000000000D+01 0.230808250000000D+01 0.937165000000000D+00
   4 H     0.624289999999999D+00 0.461522500000000D+00 0.319521500000000D+01
   5 H     0.222830000000000D+01 0.916702500000000D+00 0.132088500000000D+01
   6 H     0.256870000000000D+01 0.185289250000000D+01 0.357893500000000D+01
   7 H     0.462680000000000D+01 0.185289250000000D+01 0.132088500000000D+01
   8 H     0.170200000000000D+00 0.916702500000000D+00 0.357893500000000D+01

  F 1.10V0                                                      
    6.7620    3.9042    6.3660
   90.0000   90.0000   90.0000
   1 H     0.597423000000000D+01 0.269509000000000D+01 0.139905500000000D+01
   2 H     0.787770000000000D+00 0.120911000000000D+01 0.458205500000000D+01
   3 H     0.259323000000000D+01 0.120911000000000D+01 0.139905500000000D+01
   4 H     0.416877000000000D+01 0.269509000000000D+01 0.458205500000000D+01
   5 H     0.642984000000000D+01 0.315174000000000D+01 0.178394500000000D+01
   6 H     0.332160000000000D+00 0.752460000000000D+00 0.496694500000000D+01
   7 H     0.304884000000000D+01 0.752460000000000D+00 0.178394500000000D+01
   8 H     0.371316000000000D+01 0.315174000000000D+01 0.496694500000000D+01

  F 1.01V0                                                      
    6.5723    3.7947    6.1874
   90.0000   90.0000   90.0000
   1 H     0.251405000000000D+01 0.715740000000000D+00 0.135441500000000D+01
   2 H     0.405825000000000D+01 0.307896000000000D+01 0.444811500000000D+01
   3 H     0.580021000000000D+01 0.307896000000000D+01 0.135441500000000D+01
   4 H     0.772090000000000D+00 0.715740000000000D+00 0.444811500000000D+01
   5 H     0.296974000000000D+01 0.117242000000000D+01 0.173928500000000D+01
   6 H     0.360256000000000D+01 0.262228000000000D+01 0.483298500000000D+01
   7 H     0.625589000000000D+01 0.262228000000000D+01 0.173928500000000D+01
   8 H     0.316410000000000D+00 0.117242000000000D+01 0.483298500000000D+01

  F 1.02V0                                                      
    6.5939    3.8071    6.2078
   90.0000   90.0000   90.0000
   1 H     0.252312000000000D+01 0.718810000000000D+00 0.135950500000000D+01
   2 H     0.407078000000000D+01 0.308829000000000D+01 0.446340500000000D+01
   3 H     0.582007000000000D+01 0.308829000000000D+01 0.135950500000000D+01
   4 H     0.773830000000000D+00 0.718810000000000D+00 0.446340500000000D+01
   5 H     0.297876000000000D+01 0.117552000000000D+01 0.174439500000000D+01
   6 H     0.361514000000000D+01 0.263158000000000D+01 0.484829500000000D+01
   7 H     0.627571000000000D+01 0.263158000000000D+01 0.174439500000000D+01
   8 H     0.318190000000000D+00 0.117552000000000D+01 0.484829500000000D+01

  F 0.46V0                                                      
    5.0499    2.9157    4.7542
   90.0000   90.0000   90.0000
   1 H     0.187942000000000D+01 0.497580000000000D+00 0.996462500000000D+00
   2 H     0.317048000000000D+01 0.241812000000000D+01 0.337356250000000D+01
   3 H     0.440437000000000D+01 0.241812000000000D+01 0.996462500000000D+00
   4 H     0.645530000000000D+00 0.497580000000000D+00 0.337356250000000D+01
   5 H     0.233407000000000D+01 0.953310000000000D+00 0.138063250000000D+01
   6 H     0.271583000000000D+01 0.196239000000000D+01 0.375774250000000D+01
   7 H     0.485902000000000D+01 0.196239000000000D+01 0.138063250000000D+01
   8 H     0.190880000000000D+00 0.953310000000000D+00 0.375774250000000D+01

  F 1.05V0                                                      
    6.6579    3.8441    6.2680
   90.0000   90.0000   90.0000
   1 H     0.587873000000000D+01 0.728020000000000D+00 0.137457500000000D+01
   2 H     0.779170000000000D+00 0.311608000000000D+01 0.450857500000000D+01
   3 H     0.254978000000000D+01 0.311608000000000D+01 0.137457500000000D+01
   4 H     0.410812000000000D+01 0.728020000000000D+00 0.450857500000000D+01
   5 H     0.633439000000000D+01 0.118471000000000D+01 0.175942500000000D+01
   6 H     0.323510000000000D+00 0.265939000000000D+01 0.489342500000000D+01
   7 H     0.300544000000000D+01 0.265939000000000D+01 0.175942500000000D+01
   8 H     0.365246000000000D+01 0.118471000000000D+01 0.489342500000000D+01

  F 1.18V0                                                      
    6.9132    3.9915    6.5084
   90.0000   90.0000   90.0000
   1 H     0.611295000000000D+01 0.276047000000000D+01 0.143466000000000D+01
   2 H     0.800250000000000D+00 0.123103000000000D+01 0.468886000000000D+01
   3 H     0.265635000000000D+01 0.123103000000000D+01 0.143466000000000D+01
   4 H     0.425685000000000D+01 0.276047000000000D+01 0.468886000000000D+01
   5 H     0.656848000000000D+01 0.321710000000000D+01 0.181954000000000D+01
   6 H     0.344720000000000D+00 0.774400000000000D+00 0.507374000000000D+01
   7 H     0.311188000000000D+01 0.774400000000000D+00 0.181954000000000D+01
   8 H     0.380132000000000D+01 0.321710000000000D+01 0.507374000000000D+01

  F 1.58V0                                                      
    7.6236    4.4017    7.1771
   90.0000   90.0000   90.0000
   1 H     0.676461000000000D+01 0.306773000000000D+01 0.160194500000000D+01
   2 H     0.858990000000000D+00 0.133397000000000D+01 0.519049500000000D+01
   3 H     0.295281000000000D+01 0.133397000000000D+01 0.160194500000000D+01
   4 H     0.467079000000000D+01 0.306773000000000D+01 0.519049500000000D+01
   5 H     0.721997000000000D+01 0.352413000000000D+01 0.198660500000000D+01
   6 H     0.403630000000000D+00 0.877570000000000D+00 0.557515500000000D+01
   7 H     0.340817000000000D+01 0.877570000000000D+00 0.198660500000000D+01
   8 H     0.421543000000000D+01 0.352413000000000D+01 0.557515500000000D+01

  F 0.49V0                                                      
    5.1674    2.9835    4.8648
   90.0000   90.0000   90.0000
   1 H     0.192836000000000D+01 0.514340000000000D+00 0.102404500000000D+01
   2 H     0.323904000000000D+01 0.246916000000000D+01 0.345644500000000D+01
   3 H     0.451206000000000D+01 0.246916000000000D+01 0.102404500000000D+01
   4 H     0.655340000000000D+00 0.514340000000000D+00 0.345644500000000D+01
   5 H     0.238319000000000D+01 0.970260000000000D+00 0.140835500000000D+01
   6 H     0.278421000000000D+01 0.201324000000000D+01 0.384075500000000D+01
   7 H     0.496689000000000D+01 0.201324000000000D+01 0.140835500000000D+01
   8 H     0.200510000000000D+00 0.970260000000000D+00 0.384075500000000D+01

  F 2.78V0                                                      
    9.2095    5.3173    8.6701
   90.0000   90.0000   90.0000
   1 H     0.821935000000000D+01 0.375348000000000D+01 0.197535000000000D+01
   2 H     0.990150000000000D+00 0.156382000000000D+01 0.631040000000000D+01
   3 H     0.361460000000000D+01 0.156382000000000D+01 0.197535000000000D+01
   4 H     0.559490000000000D+01 0.375348000000000D+01 0.631040000000000D+01
   5 H     0.867437000000000D+01 0.420955000000000D+01 0.235970000000000D+01
   6 H     0.535130000000000D+00 0.110775000000000D+01 0.669475000000000D+01
   7 H     0.406962000000000D+01 0.110775000000000D+01 0.235970000000000D+01
   8 H     0.513988000000000D+01 0.420955000000000D+01 0.669475000000000D+01

  F 0.82V0                                                      
    6.1429    3.5467    5.7832
   90.0000   90.0000   90.0000
   1 H     0.233497000000000D+01 0.654030000000000D+00 0.125334000000000D+01
   2 H     0.380793000000000D+01 0.289267000000000D+01 0.414494000000000D+01
   3 H     0.540642000000000D+01 0.289267000000000D+01 0.125334000000000D+01
   4 H     0.736480000000000D+00 0.654030000000000D+00 0.414494000000000D+01
   5 H     0.279060000000000D+01 0.111069000000000D+01 0.163826000000000D+01
   6 H     0.335230000000000D+01 0.243601000000000D+01 0.452986000000000D+01
   7 H     0.586205000000000D+01 0.243601000000000D+01 0.163826000000000D+01
   8 H     0.280850000000000D+00 0.111069000000000D+01 0.452986000000000D+01

  F 1.37V0                                                      
    7.2832    4.2051    6.8567
   90.0000   90.0000   90.0000
   1 H     0.645239000000000D+01 0.292047000000000D+01 0.152179500000000D+01
   2 H     0.830810000000000D+00 0.128463000000000D+01 0.495014500000000D+01
   3 H     0.281079000000000D+01 0.128463000000000D+01 0.152179500000000D+01
   4 H     0.447241000000000D+01 0.292047000000000D+01 0.495014500000000D+01
   5 H     0.690784000000000D+01 0.337698000000000D+01 0.190655500000000D+01
   6 H     0.375360000000000D+00 0.828120000000000D+00 0.533490500000000D+01
   7 H     0.326624000000000D+01 0.828120000000000D+00 0.190655500000000D+01
   8 H     0.401696000000000D+01 0.337698000000000D+01 0.533490500000000D+01

  F 1.96V0                                                      
    8.2027    4.7360    7.7224
   90.0000   90.0000   90.0000
   1 H     0.729584000000000D+01 0.331813250000000D+01 0.173833000000000D+01
   2 H     0.906860000000000D+00 0.141786250000000D+01 0.559953000000000D+01
   3 H     0.319449000000000D+01 0.141786250000000D+01 0.173833000000000D+01
   4 H     0.500821000000000D+01 0.331813250000000D+01 0.559953000000000D+01
   5 H     0.775103000000000D+01 0.377436250000000D+01 0.212287000000000D+01
   6 H     0.451670000000000D+00 0.961642500000000D+00 0.598407000000000D+01
   7 H     0.364968000000000D+01 0.961642500000000D+00 0.212287000000000D+01
   8 H     0.455302000000000D+01 0.377436250000000D+01 0.598407000000000D+01

  F 2.29V0                                                      
    8.6352    4.9857    8.1295
   90.0000   90.0000   90.0000
   1 H     0.769255000000000D+01 0.350514000000000D+01 0.184017500000000D+01
   2 H     0.942650000000000D+00 0.148056000000000D+01 0.590492500000000D+01
   3 H     0.337495000000000D+01 0.148056000000000D+01 0.184017500000000D+01
   4 H     0.526025000000000D+01 0.350514000000000D+01 0.590492500000000D+01
   5 H     0.814769000000000D+01 0.396130000000000D+01 0.222457500000000D+01
   6 H     0.487510000000000D+00 0.102440000000000D+01 0.628932500000000D+01
   7 H     0.383009000000000D+01 0.102440000000000D+01 0.222457500000000D+01
   8 H     0.480511000000000D+01 0.396130000000000D+01 0.628932500000000D+01

  F H2-molec                                                    
   -1.0000    4.9857    8.1295
   90.0000   90.0000   90.0000
   1 H     0.400000000000000D+02 0.400000000000000D+02 0.396295900000000D+02
   2 H     0.400000000000000D+02 0.400000000000000D+02 0.403704100000000D+02

