   8
H2-120GPa                                    0     1227.14   3.21   1.85   2.94  90.00  90.00  90.00
H    1.11322   0.23580   1.28551     1
H    2.09268   1.61520   2.75536     2
H    2.71617   1.61520   1.28551     3
H    0.48973   0.23580   2.75536     4
H    1.56140   0.68494   1.65419     1
H    1.64450   1.16606   0.18434     2
H    3.16436   1.16606   1.65419     3
H    0.04154   0.68494   0.18434     4
   8
H2-120GPa                                    0     1227.14   3.21   1.85   2.94  90.00  90.00  90.00
H    1.11322   0.23580   1.28551     1
H    2.09268   1.61520   2.75536     2
H    2.71617   1.61520   1.28551     3
H    0.48973   0.23580   2.75536     4
H    1.56140   0.68494   1.65419     1
H    1.64450   1.16606   0.18434     2
H    3.16436   1.16606   1.65419     3
H    0.04154   0.68494   0.18434     4
   8
H2-110GPa                                    0     1208.58   3.24   1.87   2.98  90.00  90.00  90.00
H    1.12931   0.24133   1.30470     1
H    2.11539   1.63207   2.79405     2
H    2.75166   1.63207   1.30470     3
H    0.49304   0.24133   2.79405     4
H    1.57769   0.69068   1.67400     1
H    1.66701   1.18272   0.18465     2
H    3.20004   1.18272   1.67400     3
H    0.04466   0.69068   0.18465     4
   8
H2-110GPa                                    0     1208.58   3.24   1.87   2.98  90.00  90.00  90.00
H    1.12931   0.24133   1.30470     1
H    2.11539   1.63207   2.79405     2
H    2.75166   1.63207   1.30470     3
H    0.49304   0.24133   2.79405     4
H    1.57769   0.69068   1.67400     1
H    1.66701   1.18272   0.18465     2
H    3.20004   1.18272   1.67400     3
H    0.04466   0.69068   0.18465     4
   8
H2-100GPa                                    0     1189.55   3.29   1.90   3.02  90.00  90.00  90.00
H    1.14697   0.24740   0.57040     1
H    2.14023   1.65050   2.08125     2
H    2.79057   1.65050   0.57040     3
H    0.49663   0.24740   2.08125     4
H    1.59553   0.69694   0.94045     1
H    1.69168   1.20096   2.45130     2
H    3.23913   1.20096   0.94045     3
H    0.04807   0.69694   2.45130     4
   8
H2-100GPa                                    0     1189.55   3.29   1.90   3.02  90.00  90.00  90.00
H    1.14697   0.24740   0.57040     1
H    2.14023   1.65050   2.08125     2
H    2.79057   1.65050   0.57040     3
H    0.49663   0.24740   2.08125     4
H    1.59553   0.69694   0.94045     1
H    1.69168   1.20096   2.45130     2
H    3.23913   1.20096   0.94045     3
H    0.04807   0.69694   2.45130     4
   8
H2-90GPa                                     0     1169.68   3.33   1.93   3.07  90.00  90.00  90.00
H    1.16647   0.25410   0.58196     1
H    2.16773   1.67100   2.11671     2
H    2.83357   1.67100   0.58196     3
H    0.50063   0.25410   2.11671     4
H    1.61522   0.70390   0.95280     1
H    1.71898   1.22121   2.48754     2
H    3.28232   1.22121   0.95280     3
H    0.05188   0.70390   2.48754     4
   8
H2-90GPa                                     0     1169.68   3.33   1.93   3.07  90.00  90.00  90.00
H    1.16647   0.25410   0.58196     1
H    2.16773   1.67100   2.11671     2
H    2.83357   1.67100   0.58196     3
H    0.50063   0.25410   2.11671     4
H    1.61522   0.70390   0.95280     1
H    1.71898   1.22121   2.48754     2
H    3.28232   1.22121   0.95280     3
H    0.05188   0.70390   2.48754     4
   8
H2-80GPa                                     0     1149.23   3.39   1.96   3.12  90.00  90.00  90.00
H    1.18831   0.26158   0.59492     1
H    2.19849   1.69382   2.15646     2
H    2.88171   1.69382   0.59492     3
H    0.50509   0.26158   2.15647     4
H    1.63729   0.71160   0.96664     1
H    1.74951   1.24380   2.52819     2
H    3.33069   1.24380   0.96664     3
H    0.05611   0.71160   2.52819     4
   8
H2-80GPa                                     0     1149.23   3.39   1.96   3.12  90.00  90.00  90.00
H    1.18831   0.26158   0.59492     1
H    2.19849   1.69382   2.15646     2
H    2.88171   1.69382   0.59492     3
H    0.50509   0.26158   2.15647     4
H    1.63729   0.71160   0.96664     1
H    1.74951   1.24380   2.52819     2
H    3.33069   1.24380   0.96664     3
H    0.05611   0.71160   2.52819     4
   8
H2-70GPa                                     0     1138.09   3.45   1.99   3.18  90.00  90.00  90.00
H    1.21249   0.27272   0.60864     1
H    2.23401   1.71718   2.20069     2
H    2.93574   1.71718   0.60864     3
H    0.51076   0.27272   2.20069     4
H    1.65981   0.72183   0.98341     1
H    1.78669   1.26807   2.57546     2
H    3.38306   1.26807   0.98341     3
H    0.06344   0.72183   2.57546     4
   8
H2-70GPa                                     0     1138.09   3.45   1.99   3.18  90.00  90.00  90.00
H    1.21249   0.27272   0.60864     1
H    2.23401   1.71718   2.20069     2
H    2.93574   1.71718   0.60864     3
H    0.51076   0.27272   2.20069     4
H    1.65981   0.72183   0.98341     1
H    1.78669   1.26807   2.57546     2
H    3.38306   1.26807   0.98341     3
H    0.06344   0.72183   2.57546     4
   8
H2-60GPa                                     0     1099.21   3.52   2.03   3.25  90.00  90.00  90.00
H    1.24112   0.28270   0.62524     1
H    2.27458   1.74720   2.25259     2
H    2.99897   1.74720   0.62523     3
H    0.51673   0.28270   2.25258     4
H    1.68914   0.73295   1.00212     1
H    1.82656   1.29695   2.62946     2
H    3.44699   1.29695   1.00212     3
H    0.06871   0.73295   2.62946     4
   8
H2-60GPa                                     0     1099.21   3.52   2.03   3.25  90.00  90.00  90.00
H    1.24112   0.28270   0.62524     1
H    2.27458   1.74720   2.25259     2
H    2.99897   1.74720   0.62523     3
H    0.51673   0.28270   2.25258     4
H    1.68914   0.73295   1.00212     1
H    1.82656   1.29695   2.62946     2
H    3.44699   1.29695   1.00212     3
H    0.06871   0.73295   2.62946     4
   8
H2-50GPa                                     0     1069.68   3.60   2.08   3.34  90.00  90.00  90.00
H    1.27557   0.29224   0.64649     1
H    2.32233   1.78506   2.31559     2
H    3.07452   1.78506   0.64649     3
H    0.52338   0.29224   2.31559     4
H    1.72545   0.74366   1.02261     1
H    1.87245   1.33364   2.69171     2
H    3.52440   1.33364   1.02261     3
H    0.07350   0.74366   2.69171     4
   8
H2-50GPa                                     0     1069.68   3.60   2.08   3.34  90.00  90.00  90.00
H    1.27557   0.29224   0.64649     1
H    2.32233   1.78506   2.31559     2
H    3.07452   1.78506   0.64649     3
H    0.52338   0.29224   2.31559     4
H    1.72545   0.74366   1.02261     1
H    1.87245   1.33364   2.69171     2
H    3.52440   1.33364   1.02261     3
H    0.07350   0.74366   2.69171     4
   8
H2-40GPa                                     0     1044.64   3.70   2.14   3.44  90.00  90.00  90.00
H    1.31760   0.30591   0.67166     1
H    2.38130   1.82969   2.39171     2
H    3.16705   1.82969   0.67166     3
H    0.53185   0.30591   2.39171     4
H    1.76824   0.75784   1.04839     1
H    1.93066   1.37776   2.76844     2
H    3.61769   1.37776   1.04839     3
H    0.08121   0.75784   2.76844     4
   8
H2-40GPa                                     0     1044.64   3.70   2.14   3.44  90.00  90.00  90.00
H    1.31760   0.30591   0.67166     1
H    2.38130   1.82969   2.39171     2
H    3.16705   1.82969   0.67166     3
H    0.53185   0.30591   2.39171     4
H    1.76824   0.75784   1.04839     1
H    1.93066   1.37776   2.76844     2
H    3.61769   1.37776   1.04839     3
H    0.08121   0.75784   2.76844     4
   8
H2-30GPa                                     0     1021.28   3.83   2.21   3.57  90.00  90.00  90.00
H    1.37217   0.32428   0.70394     1
H    2.45774   1.88702   2.48949     2
H    3.28712   1.88702   0.70394     3
H    0.54278   0.32428   2.48949     4
H    1.82324   0.77651   1.08161     1
H    2.00666   1.43479   2.86716     2
H    3.73819   1.43479   1.08161     3
H    0.09171   0.77651   2.86716     4
   8
H2-30GPa                                     0     1021.28   3.83   2.21   3.57  90.00  90.00  90.00
H    1.37217   0.32428   0.70394     1
H    2.45774   1.88702   2.48949     2
H    3.28712   1.88702   0.70394     3
H    0.54278   0.32428   2.48949     4
H    1.82324   0.77651   1.08161     1
H    2.00666   1.43479   2.86716     2
H    3.73819   1.43479   1.08161     3
H    0.09171   0.77651   2.86716     4
   8
H2-20GPa                                     0     1000.14   4.02   2.32   3.75  90.00  90.00  90.00
H    1.44930   0.35193   0.74895     1
H    2.56620   1.96657   2.62625     2
H    3.45705   1.96657   0.74895     3
H    0.55845   0.35193   2.62625     4
H    1.90005   0.80419   1.12835     1
H    2.11545   1.51431   3.00565     2
H    3.90780   1.51431   1.12835     3
H    0.10770   0.80419   3.00565     4
   8
H2-20GPa                                     0     1000.14   4.02   2.32   3.75  90.00  90.00  90.00
H    1.44930   0.35193   0.74895     1
H    2.56620   1.96657   2.62625     2
H    3.45705   1.96657   0.74895     3
H    0.55845   0.35193   2.62625     4
H    1.90005   0.80419   1.12835     1
H    2.11545   1.51431   3.00565     2
H    3.90780   1.51431   1.12835     3
H    0.10770   0.80419   3.00565     4
   8
H2-10GPa                                     0      952.67   4.33   2.50   4.06  90.00  90.00  90.00
H    1.58184   0.39630   0.82539     1
H    2.75236   2.10610   2.85760     2
H    3.74894   2.10610   0.82539     3
H    0.58526   0.39630   2.85760     4
H    2.03420   0.85000   1.20681     1
H    2.30000   1.65240   3.23901     2
H    4.20130   1.65240   1.20681     3
H    0.13290   0.85000   3.23901     4
   8
H2-10GPa                                     0      952.67   4.33   2.50   4.06  90.00  90.00  90.00
H    1.58184   0.39630   0.82539     1
H    2.75236   2.10610   2.85760     2
H    3.74894   2.10610   0.82539     3
H    0.58526   0.39630   2.85760     4
H    2.03420   0.85000   1.20681     1
H    2.30000   1.65240   3.23901     2
H    4.20130   1.65240   1.20681     3
H    0.13290   0.85000   3.23901     4
   8
0.37V0                                       0      912.64   4.72   2.72   4.44  90.00  90.00  90.00
H    1.74160   0.45038   0.91880     1
H    2.97700   2.27402   3.13994     2
H    4.10090   2.27402   0.91879     3
H    0.61770   0.45038   3.13994     4
H    2.19545   0.90536   1.30236     1
H    2.52315   1.81904   3.52350     2
H    4.55475   1.81904   1.30236     3
H    0.16385   0.90536   3.52350     4
   8
0.37V0                                       0      912.64   4.72   2.72   4.44  90.00  90.00  90.00
H    1.74160   0.45038   0.91880     1
H    2.97700   2.27402   3.13994     2
H    4.10090   2.27402   0.91879     3
H    0.61770   0.45038   3.13994     4
H    2.19545   0.90536   1.30236     1
H    2.52315   1.81904   3.52350     2
H    4.55475   1.81904   1.30236     3
H    0.16385   0.90536   3.52350     4
   8
0.45V0                                       0      899.54   5.00   2.89   4.71  90.00  90.00  90.00
H    1.86069   0.49133   0.98545     1
H    3.14411   2.39827   3.34040     2
H    4.36309   2.39827   0.98545     3
H    0.64171   0.49133   3.34040     4
H    2.31508   0.94688   1.36950     1
H    2.68972   1.94272   3.72445     2
H    4.81748   1.94272   1.36950     3
H    0.18732   0.94688   3.72445     4
   8
0.45V0                                       0      899.54   5.00   2.89   4.71  90.00  90.00  90.00
H    1.86069   0.49133   0.98545     1
H    3.14411   2.39827   3.34040     2
H    4.36309   2.39827   0.98545     3
H    0.64171   0.49133   3.34040     4
H    2.31508   0.94688   1.36950     1
H    2.68972   1.94272   3.72445     2
H    4.81748   1.94272   1.36950     3
H    0.18732   0.94688   3.72445     4
   8
0.53V0                                       0      888.01   5.31   3.07   5.00  90.00  90.00  90.00
H    1.98979   0.53541   1.05866     1
H    3.32501   2.53319   3.56046     2
H    4.64719   2.53319   1.05866     3
H    0.66761   0.53541   3.56046     4
H    2.44480   0.99152   1.44313     1
H    2.87000   2.07708   3.94493     2
H    5.10220   2.07708   1.44313     3
H    0.21260   0.99152   3.94493     4
   8
0.53V0                                       0      888.01   5.31   3.07   5.00  90.00  90.00  90.00
H    1.98979   0.53541   1.05866     1
H    3.32501   2.53319   3.56046     2
H    4.64719   2.53319   1.05866     3
H    0.66761   0.53541   3.56046     4
H    2.44480   0.99152   1.44313     1
H    2.87000   2.07708   3.94493     2
H    5.10220   2.07708   1.44313     3
H    0.21260   0.99152   3.94493     4
   8
0.61V0                                       0      883.39   5.57   3.22   5.24  90.00  90.00  90.00
H    2.09545   0.57171   1.11827     1
H    3.47295   2.64339   3.73942     2
H    4.87965   2.64339   1.11827     3
H    0.68875   0.57171   3.73942     4
H    2.55075   1.02808   1.50289     1
H    3.01765   2.18702   4.12404     2
H    5.33495   2.18702   1.50289     3
H    0.23345   1.02808   4.12404     4
   8
0.61V0                                       0      883.39   5.57   3.22   5.24  90.00  90.00  90.00
H    2.09545   0.57171   1.11827     1
H    3.47295   2.64339   3.73942     2
H    4.87965   2.64339   1.11827     3
H    0.68875   0.57171   3.73942     4
H    2.55075   1.02808   1.50289     1
H    3.01765   2.18702   4.12404     2
H    5.33495   2.18702   1.50289     3
H    0.23345   1.02808   4.12404     4
   8
0.69V0                                       0      880.67   5.80   3.35   5.46  90.00  90.00  90.00
H    2.19233   0.60500   1.17291     1
H    3.60857   2.74430   3.90346     2
H    5.09278   2.74430   1.17291     3
H    0.70812   0.60500   3.90346     4
H    2.64781   1.06155   1.55765     1
H    3.15309   2.28775   4.28819     2
H    5.54826   2.28775   1.55765     3
H    0.25264   1.06155   4.28819     4
   8
0.69V0                                       0      880.67   5.80   3.35   5.46  90.00  90.00  90.00
H    2.19233   0.60500   1.17291     1
H    3.60857   2.74430   3.90346     2
H    5.09278   2.74430   1.17291     3
H    0.70812   0.60500   3.90346     4
H    2.64781   1.06155   1.55765     1
H    3.15309   2.28775   4.28819     2
H    5.54826   2.28775   1.55765     3
H    0.25264   1.06155   4.28819     4
   8
0.77V0                                       0      879.29   6.02   3.47   5.66  90.00  90.00  90.00
H    2.28204   0.63586   1.22349     1
H    3.73395   2.83764   4.05534     2
H    5.29004   2.83764   1.22349     3
H    0.72596   0.63586   4.05534     4
H    2.73763   1.09248   1.60836     1
H    3.27836   2.38102   4.44021     2
H    5.74564   2.38102   1.60836     3
H    0.27037   1.09248   4.44021     4
   8
0.77V0                                       0      879.29   6.02   3.47   5.66  90.00  90.00  90.00
H    2.28204   0.63586   1.22349     1
H    3.73395   2.83764   4.05534     2
H    5.29004   2.83764   1.22349     3
H    0.72596   0.63586   4.05534     4
H    2.73763   1.09248   1.60836     1
H    3.27836   2.38102   4.44021     2
H    5.74564   2.38102   1.60836     3
H    0.27037   1.09248   4.44021     4
   8
0.33V0                                       0      928.61   4.51   2.61   4.25  90.00  90.00  90.00
H    1.65660   0.42134   0.87097     1
H    2.85750   2.18496   2.99588     2
H    3.91365   2.18496   0.87097     3
H    0.60045   0.42134   2.99588     4
H    2.10982   0.87565   1.25393     1
H    2.40428   1.73065   3.37882     2
H    4.36687   1.73065   1.25393     3
H    0.14723   0.87565   3.37883     4
   8
0.33V0                                       0      928.61   4.51   2.61   4.25  90.00  90.00  90.00
H    1.65660   0.42134   0.87097     1
H    2.85750   2.18496   2.99588     2
H    3.91365   2.18496   0.87097     3
H    0.60045   0.42134   2.99588     4
H    2.10982   0.87565   1.25393     1
H    2.40428   1.73065   3.37882     2
H    4.36687   1.73065   1.25393     3
H    0.14723   0.87565   3.37883     4
   8
0.90V0                                       0      879.16   6.32   3.65   5.95  90.00  90.00  90.00
H    2.41071   0.68013   1.29607     1
H    3.91379   2.97147   4.27312     2
H    5.57296   2.97147   1.29607     3
H    0.75154   0.68013   4.27312     4
H    2.86638   1.13682   1.68097     1
H    3.45812   2.51478   4.65803     2
H    6.02863   2.51478   1.68097     3
H    0.29587   1.13682   4.65803     4
   8
0.90V0                                       0      879.16   6.32   3.65   5.95  90.00  90.00  90.00
H    2.41071   0.68013   1.29607     1
H    3.91379   2.97147   4.27312     2
H    5.57296   2.97147   1.29607     3
H    0.75154   0.68013   4.27312     4
H    2.86638   1.13682   1.68097     1
H    3.45812   2.51478   4.65803     2
H    6.02863   2.51478   1.68097     3
H    0.29587   1.13682   4.65803     4
   8
0.95V0                                       0      879.53   6.44   3.72   6.06  90.00  90.00  90.00
H    2.45867   0.69665   1.32313     1
H    3.98083   3.02135   4.35433     2
H    5.67842   3.02135   1.32313     3
H    0.76108   0.69665   4.35433     4
H    2.91432   1.15334   1.70807     1
H    3.52518   2.56466   4.73927     2
H    6.13407   2.56466   1.70807     3
H    0.30543   1.15334   4.73927     4
   8
0.95V0                                       0      879.53   6.44   3.72   6.06  90.00  90.00  90.00
H    2.45867   0.69665   1.32313     1
H    3.98083   3.02135   4.35433     2
H    5.67842   3.02135   1.32313     3
H    0.76108   0.69665   4.35433     4
H    2.91432   1.15334   1.70807     1
H    3.52518   2.56466   4.73927     2
H    6.13407   2.56466   1.70807     3
H    0.30543   1.15334   4.73927     4
   8
0.98V0                                       0      879.84   6.51   3.76   6.13  90.00  90.00  90.00
H    2.48666   0.70627   1.33892     1
H    4.01994   3.05043   4.40167     2
H    5.73996   3.05043   1.33892     3
H    0.76664   0.70627   4.40167     4
H    2.94231   1.16298   1.72382     1
H    3.56429   2.59372   4.78658     2
H    6.19561   2.59372   1.72382     3
H    0.31099   1.16298   4.78658     4
   8
0.98V0                                       0      879.84   6.51   3.76   6.13  90.00  90.00  90.00
H    2.48666   0.70627   1.33892     1
H    4.01994   3.05043   4.40167     2
H    5.73996   3.05043   1.33892     3
H    0.76664   0.70627   4.40167     4
H    2.94231   1.16298   1.72382     1
H    3.56429   2.59372   4.78658     2
H    6.19561   2.59372   1.72382     3
H    0.31099   1.16298   4.78658     4
   8
1.00V0                                       0      880.08   6.55   3.78   6.17  90.00  90.00  90.00
H    2.50497   0.71258   1.34929     1
H    4.04553   3.06952   4.43274     2
H    5.78022   3.06952   1.34929     3
H    0.77028   0.71258   4.43274     4
H    2.96063   1.16930   1.73416     1
H    3.58987   2.61280   4.81761     2
H    6.23588   2.61280   1.73416     3
H    0.31462   1.16930   4.81761     4
   8
1.00V0                                       0      880.08   6.55   3.78   6.17  90.00  90.00  90.00
H    2.50497   0.71258   1.34929     1
H    4.04553   3.06952   4.43274     2
H    5.78022   3.06952   1.34929     3
H    0.77028   0.71258   4.43274     4
H    2.96063   1.16930   1.73416     1
H    3.58987   2.61280   4.81761     2
H    6.23588   2.61280   1.73416     3
H    0.31462   1.16930   4.81761     4
   8
0.99V0                                       0      880.00   6.53   3.77   6.15  90.00  90.00  90.00
H    2.49588   0.70944   1.34411     1
H    4.03272   3.05996   4.41725     2
H    5.76018   3.05996   1.34411     3
H    0.76842   0.70944   4.41725     4
H    2.95151   1.16613   1.72905     1
H    3.57709   2.60327   4.80220     2
H    6.21581   2.60327   1.72904     3
H    0.31279   1.16613   4.80220     4
   8
0.99V0                                       0      880.00   6.53   3.77   6.15  90.00  90.00  90.00
H    2.49588   0.70944   1.34411     1
H    4.03272   3.05996   4.41725     2
H    5.76018   3.05996   1.34411     3
H    0.76842   0.70944   4.41725     4
H    2.95151   1.16613   1.72905     1
H    3.57709   2.60327   4.80220     2
H    6.21581   2.60327   1.72904     3
H    0.31279   1.16613   4.80220     4
   8
0.39V0                                       0      907.72   4.80   2.77   4.52  90.00  90.00  90.00
H    1.77421   0.46152   0.93717     1
H    3.02279   2.30808   3.19521     2
H    4.17271   2.30808   0.93717     3
H    0.62429   0.46152   3.19521     4
H    2.22830   0.91670   1.32088     1
H    2.56870   1.85289   3.57893     2
H    4.62680   1.85289   1.32088     3
H    0.17020   0.91670   3.57894     4
   8
0.39V0                                       0      907.72   4.80   2.77   4.52  90.00  90.00  90.00
H    1.77421   0.46152   0.93717     1
H    3.02279   2.30808   3.19521     2
H    4.17271   2.30808   0.93717     3
H    0.62429   0.46152   3.19521     4
H    2.22830   0.91670   1.32088     1
H    2.56870   1.85289   3.57893     2
H    4.62680   1.85289   1.32088     3
H    0.17020   0.91670   3.57894     4
   8
1.10V0                                       0      881.58   6.76   3.90   6.37  90.00  90.00  90.00
H    5.97423   2.69509   1.39906     1
H    0.78777   1.20911   4.58206     2
H    2.59323   1.20911   1.39906     3
H    4.16877   2.69509   4.58206     4
H    6.42984   3.15174   1.78395     1
H    0.33216   0.75246   4.96695     2
H    3.04884   0.75246   1.78395     3
H    3.71316   3.15174   4.96695     4
   8
1.10V0                                       0      881.58   6.76   3.90   6.37  90.00  90.00  90.00
H    5.97423   2.69509   1.39906     1
H    0.78777   1.20911   4.58206     2
H    2.59323   1.20911   1.39906     3
H    4.16877   2.69509   4.58206     4
H    6.42984   3.15174   1.78395     1
H    0.33216   0.75246   4.96695     2
H    3.04884   0.75246   1.78395     3
H    3.71316   3.15174   4.96695     4
   8
1.01V0                                       0      880.26   6.57   3.79   6.19  90.00  90.00  90.00
H    2.51405   0.71574   1.35441     1
H    4.05825   3.07896   4.44811     2
H    5.80021   3.07896   1.35441     3
H    0.77209   0.71574   4.44812     4
H    2.96974   1.17242   1.73929     1
H    3.60256   2.62228   4.83299     2
H    6.25589   2.62228   1.73928     3
H    0.31641   1.17242   4.83299     4
   8
1.01V0                                       0      880.26   6.57   3.79   6.19  90.00  90.00  90.00
H    2.51405   0.71574   1.35441     1
H    4.05825   3.07896   4.44811     2
H    5.80021   3.07896   1.35441     3
H    0.77209   0.71574   4.44812     4
H    2.96974   1.17242   1.73929     1
H    3.60256   2.62228   4.83299     2
H    6.25589   2.62228   1.73928     3
H    0.31641   1.17242   4.83299     4
   8
1.02V0                                       0      880.33   6.59   3.81   6.21  90.00  90.00  90.00
H    2.52312   0.71881   1.35950     1
H    4.07078   3.08829   4.46340     2
H    5.82007   3.08829   1.35950     3
H    0.77383   0.71881   4.46340     4
H    2.97876   1.17552   1.74439     1
H    3.61514   2.63158   4.84830     2
H    6.27571   2.63158   1.74439     3
H    0.31819   1.17552   4.84829     4
   8
1.02V0                                       0      880.33   6.59   3.81   6.21  90.00  90.00  90.00
H    2.52312   0.71881   1.35950     1
H    4.07078   3.08829   4.46340     2
H    5.82007   3.08829   1.35950     3
H    0.77383   0.71881   4.46340     4
H    2.97876   1.17552   1.74439     1
H    3.61514   2.63158   4.84830     2
H    6.27571   2.63158   1.74439     3
H    0.31819   1.17552   4.84829     4
   8
0.46V0                                       0      895.56   5.05   2.92   4.75  90.00  90.00  90.00
H    1.87942   0.49758   0.99646     1
H    3.17048   2.41812   3.37356     2
H    4.40437   2.41812   0.99646     3
H    0.64553   0.49758   3.37356     4
H    2.33407   0.95331   1.38063     1
H    2.71583   1.96239   3.75774     2
H    4.85902   1.96239   1.38063     3
H    0.19088   0.95331   3.75774     4
   8
0.46V0                                       0      895.56   5.05   2.92   4.75  90.00  90.00  90.00
H    1.87942   0.49758   0.99646     1
H    3.17048   2.41812   3.37356     2
H    4.40437   2.41812   0.99646     3
H    0.64553   0.49758   3.37356     4
H    2.33407   0.95331   1.38063     1
H    2.71583   1.96239   3.75774     2
H    4.85902   1.96239   1.38063     3
H    0.19088   0.95331   3.75774     4
   8
1.05V0                                       0      880.80   6.66   3.84   6.27  90.00  90.00  90.00
H    5.87873   0.72802   1.37457     1
H    0.77917   3.11608   4.50858     2
H    2.54978   3.11608   1.37457     3
H    4.10812   0.72802   4.50857     4
H    6.33439   1.18471   1.75942     1
H    0.32351   2.65939   4.89342     2
H    3.00544   2.65939   1.75943     3
H    3.65246   1.18471   4.89342     4
   8
1.05V0                                       0      880.80   6.66   3.84   6.27  90.00  90.00  90.00
H    5.87873   0.72802   1.37457     1
H    0.77917   3.11608   4.50858     2
H    2.54978   3.11608   1.37457     3
H    4.10812   0.72802   4.50857     4
H    6.33439   1.18471   1.75942     1
H    0.32351   2.65939   4.89342     2
H    3.00544   2.65939   1.75943     3
H    3.65246   1.18471   4.89342     4
   8
1.18V0                                       0      882.87   6.91   3.99   6.51  90.00  90.00  90.00
H    6.11295   2.76047   1.43466     1
H    0.80025   1.23103   4.68886     2
H    2.65635   1.23103   1.43466     3
H    4.25685   2.76047   4.68886     4
H    6.56848   3.21710   1.81954     1
H    0.34472   0.77440   5.07374     2
H    3.11188   0.77440   1.81954     3
H    3.80132   3.21710   5.07374     4
   8
1.18V0                                       0      882.87   6.91   3.99   6.51  90.00  90.00  90.00
H    6.11295   2.76047   1.43466     1
H    0.80025   1.23103   4.68886     2
H    2.65635   1.23103   1.43466     3
H    4.25685   2.76047   4.68886     4
H    6.56848   3.21710   1.81954     1
H    0.34472   0.77440   5.07374     2
H    3.11188   0.77440   1.81954     3
H    3.80132   3.21710   5.07374     4
   8
1.58V0                                       0      889.17   7.62   4.40   7.18  90.00  90.00  90.00
H    6.76461   3.06773   1.60195     1
H    0.85899   1.33397   5.19050     2
H    2.95281   1.33397   1.60195     3
H    4.67079   3.06773   5.19050     4
H    7.21997   3.52413   1.98661     1
H    0.40363   0.87757   5.57516     2
H    3.40817   0.87757   1.98661     3
H    4.21543   3.52413   5.57516     4
   8
1.58V0                                       0      889.17   7.62   4.40   7.18  90.00  90.00  90.00
H    6.76461   3.06773   1.60195     1
H    0.85899   1.33397   5.19050     2
H    2.95281   1.33397   1.60195     3
H    4.67079   3.06773   5.19050     4
H    7.21997   3.52413   1.98661     1
H    0.40363   0.87757   5.57516     2
H    3.40817   0.87757   1.98661     3
H    4.21543   3.52413   5.57516     4
   8
0.49V0                                       0      891.77   5.17   2.98   4.86  90.00  90.00  90.00
H    1.92836   0.51434   1.02404     1
H    3.23904   2.46916   3.45644     2
H    4.51206   2.46916   1.02404     3
H    0.65534   0.51434   3.45644     4
H    2.38319   0.97026   1.40836     1
H    2.78421   2.01324   3.84075     2
H    4.96689   2.01324   1.40835     3
H    0.20051   0.97026   3.84075     4
   8
0.49V0                                       0      891.77   5.17   2.98   4.86  90.00  90.00  90.00
H    1.92836   0.51434   1.02404     1
H    3.23904   2.46916   3.45644     2
H    4.51206   2.46916   1.02404     3
H    0.65534   0.51434   3.45644     4
H    2.38319   0.97026   1.40836     1
H    2.78421   2.01324   3.84075     2
H    4.96689   2.01324   1.40835     3
H    0.20051   0.97026   3.84075     4
   8
2.78V0                                       0      898.38   9.21   5.32   8.67  90.00  90.00  90.00
H    8.21935   3.75348   1.97535     1
H    0.99015   1.56382   6.31040     2
H    3.61460   1.56382   1.97535     3
H    5.59490   3.75348   6.31040     4
H    8.67437   4.20955   2.35970     1
H    0.53513   1.10775   6.69475     2
H    4.06962   1.10775   2.35970     3
H    5.13988   4.20955   6.69475     4
   8
2.78V0                                       0      898.38   9.21   5.32   8.67  90.00  90.00  90.00
H    8.21935   3.75348   1.97535     1
H    0.99015   1.56382   6.31040     2
H    3.61460   1.56382   1.97535     3
H    5.59490   3.75348   6.31040     4
H    8.67437   4.20955   2.35970     1
H    0.53513   1.10775   6.69475     2
H    4.06962   1.10775   2.35970     3
H    5.13988   4.20955   6.69475     4
   8
0.82V0                                       0      878.90   6.14   3.55   5.78  90.00  90.00  90.00
H    2.33497   0.65403   1.25334     1
H    3.80793   2.89267   4.14494     2
H    5.40642   2.89267   1.25334     3
H    0.73648   0.65403   4.14494     4
H    2.79060   1.11069   1.63826     1
H    3.35230   2.43601   4.52986     2
H    5.86205   2.43601   1.63826     3
H    0.28085   1.11069   4.52986     4
   8
0.82V0                                       0      878.90   6.14   3.55   5.78  90.00  90.00  90.00
H    2.33497   0.65403   1.25334     1
H    3.80793   2.89267   4.14494     2
H    5.40642   2.89267   1.25334     3
H    0.73648   0.65403   4.14494     4
H    2.79060   1.11069   1.63826     1
H    3.35230   2.43601   4.52986     2
H    5.86205   2.43601   1.63826     3
H    0.28085   1.11069   4.52986     4
   8
1.37V0                                       0      886.20   7.28   4.21   6.86  90.00  90.00  90.00
H    6.45239   2.92047   1.52180     1
H    0.83081   1.28463   4.95015     2
H    2.81079   1.28463   1.52180     3
H    4.47241   2.92047   4.95015     4
H    6.90784   3.37698   1.90655     1
H    0.37536   0.82812   5.33491     2
H    3.26624   0.82812   1.90656     3
H    4.01696   3.37698   5.33491     4
   8
1.37V0                                       0      886.20   7.28   4.21   6.86  90.00  90.00  90.00
H    6.45239   2.92047   1.52180     1
H    0.83081   1.28463   4.95015     2
H    2.81079   1.28463   1.52180     3
H    4.47241   2.92047   4.95015     4
H    6.90784   3.37698   1.90655     1
H    0.37536   0.82812   5.33491     2
H    3.26624   0.82812   1.90656     3
H    4.01696   3.37698   5.33491     4
   8
1.96V0                                       0      893.60   8.20   4.74   7.72  90.00  90.00  90.00
H    7.29584   3.31813   1.73833     1
H    0.90686   1.41786   5.59953     2
H    3.19449   1.41786   1.73833     3
H    5.00821   3.31813   5.59953     4
H    7.75103   3.77436   2.12287     1
H    0.45167   0.96164   5.98407     2
H    3.64968   0.96164   2.12287     3
H    4.55302   3.77436   5.98407     4
   8
1.96V0                                       0      893.60   8.20   4.74   7.72  90.00  90.00  90.00
H    7.29584   3.31813   1.73833     1
H    0.90686   1.41786   5.59953     2
H    3.19449   1.41786   1.73833     3
H    5.00821   3.31813   5.59953     4
H    7.75103   3.77436   2.12287     1
H    0.45167   0.96164   5.98407     2
H    3.64968   0.96164   2.12287     3
H    4.55302   3.77436   5.98407     4
   8
2.29V0                                       0      895.95   8.64   4.99   8.13  90.00  90.00  90.00
H    7.69255   3.50514   1.84017     1
H    0.94265   1.48056   5.90493     2
H    3.37495   1.48056   1.84018     3
H    5.26025   3.50514   5.90492     4
H    8.14769   3.96130   2.22458     1
H    0.48751   1.02440   6.28932     2
H    3.83009   1.02440   2.22458     3
H    4.80511   3.96130   6.28932     4
   8
2.29V0                                       0      895.95   8.64   4.99   8.13  90.00  90.00  90.00
H    7.69255   3.50514   1.84017     1
H    0.94265   1.48056   5.90493     2
H    3.37495   1.48056   1.84018     3
H    5.26025   3.50514   5.90492     4
H    8.14769   3.96130   2.22458     1
H    0.48751   1.02440   6.28932     2
H    3.83009   1.02440   2.22458     3
H    4.80511   3.96130   6.28932     4
   2
H2-molec                                     0      252.22  80.00  80.00  80.00  90.00  90.00  90.00
H   40.00000  40.00000  39.62959     1
H   40.00000  40.00000  40.37041     1
   2
H2-molec                                     0      252.22  80.00  80.00  80.00  90.00  90.00  90.00
H   40.00000  40.00000  39.62959     1
H   40.00000  40.00000  40.37041     1
