  F CC-Opt                                                      
    1.0000    1.0000    1.0000
   90.0000   90.0000   90.0000
   1 C     0.23482400000000D+01 -0.56612750000000D+00 -0.12739950000000D+01
   2 C    -0.13482400000000D+01  0.15661225000000D+01  0.22739950000000D+01
   3 C    -0.11966000000000D+00  0.85744250000000D+00 -0.12739950000000D+01
   4 C     0.11196600000000D+01  0.14256250000000D+00  0.22739950000000D+01

  F CC-70959                                                    
    1.0000    1.0000    1.0000
   90.0000   90.0000   90.0000
   1 C     0.23482400000000D+01 -0.56612750000000D+00 -0.12739950000000D+01
   2 C    -0.13482400000000D+01  0.15661225000000D+01  0.22739950000000D+01
   3 C    -0.11966000000000D+00  0.85744250000000D+00 -0.12739950000000D+01
   4 C     0.11196600000000D+01  0.14256250000000D+00  0.22739950000000D+01

  F CC-70296                                                    
    1.0000    1.0000    1.0000
   90.0000   90.0000   90.0000
   1 C     0.23482400000000D+01 -0.56612750000000D+00 -0.12574100000000D+01
   2 C    -0.13482400000000D+01  0.15661225000000D+01  0.22574100000000D+01
   3 C    -0.11966000000000D+00  0.85744250000000D+00 -0.12574100000000D+01
   4 C     0.11196600000000D+01  0.14256250000000D+00  0.22574100000000D+01

  F CC-69633                                                    
    1.0000    1.0000    1.0000
   90.0000   90.0000   90.0000
   1 C     0.23482400000000D+01 -0.56612750000000D+00 -0.12408400000000D+01
   2 C    -0.13482400000000D+01  0.15661225000000D+01  0.22408400000000D+01
   3 C    -0.11966000000000D+00  0.85744250000000D+00 -0.12408400000000D+01
   4 C     0.11196600000000D+01  0.14256250000000D+00  0.22408400000000D+01

  F CC-68970                                                    
    1.0000    1.0000    1.0000
   90.0000   90.0000   90.0000
   1 C     0.23482400000000D+01 -0.56612750000000D+00 -0.12242500000000D+01
   2 C    -0.13482400000000D+01  0.15661225000000D+01  0.22242500000000D+01
   3 C    -0.11966000000000D+00  0.85744250000000D+00 -0.12242500000000D+01
   4 C     0.11196600000000D+01  0.14256250000000D+00  0.22242500000000D+01

  F CC-68307                                                    
    1.0000    1.0000    1.0000
   90.0000   90.0000   90.0000
   1 C     0.23482400000000D+01 -0.56612750000000D+00 -0.12076800000000D+01
   2 C    -0.13482400000000D+01  0.15661225000000D+01  0.22076800000000D+01
   3 C    -0.11966000000000D+00  0.85744250000000D+00 -0.12076800000000D+01
   4 C     0.11196600000000D+01  0.14256250000000D+00  0.22076800000000D+01

  F CC-67643                                                    
    1.0000    1.0000    1.0000
   90.0000   90.0000   90.0000
   1 C     0.23482400000000D+01 -0.56612750000000D+00 -0.11910950000000D+01
   2 C    -0.13482400000000D+01  0.15661225000000D+01  0.21910950000000D+01
   3 C    -0.11966000000000D+00  0.85744250000000D+00 -0.11910950000000D+01
   4 C     0.11196600000000D+01  0.14256250000000D+00  0.21910950000000D+01

  F CC-66980                                                    
    1.0000    1.0000    1.0000
   90.0000   90.0000   90.0000
   1 C     0.23482400000000D+01 -0.56612750000000D+00 -0.11745100000000D+01
   2 C    -0.13482400000000D+01  0.15661225000000D+01  0.21745100000000D+01
   3 C    -0.11966000000000D+00  0.85744250000000D+00 -0.11745100000000D+01
   4 C     0.11196600000000D+01  0.14256250000000D+00  0.21745100000000D+01

  F CC-66317                                                    
    1.0000    1.0000    1.0000
   90.0000   90.0000   90.0000
   1 C     0.23482400000000D+01 -0.56612750000000D+00 -0.11579400000000D+01
   2 C    -0.13482400000000D+01  0.15661225000000D+01  0.21579400000000D+01
   3 C    -0.11966000000000D+00  0.85744250000000D+00 -0.11579400000000D+01
   4 C     0.11196600000000D+01  0.14256250000000D+00  0.21579400000000D+01

  F CC-65654                                                    
    1.0000    1.0000    1.0000
   90.0000   90.0000   90.0000
   1 C     0.23482400000000D+01 -0.56612750000000D+00 -0.11413600000000D+01
   2 C    -0.13482400000000D+01  0.15661225000000D+01  0.21413600000000D+01
   3 C    -0.11966000000000D+00  0.85744250000000D+00 -0.11413600000000D+01
   4 C     0.11196600000000D+01  0.14256250000000D+00  0.21413600000000D+01

  F CC-64991                                                    
    1.0000    1.0000    1.0000
   90.0000   90.0000   90.0000
   1 C     0.23482400000000D+01 -0.56612750000000D+00 -0.11247800000000D+01
   2 C    -0.13482400000000D+01  0.15661225000000D+01  0.21247800000000D+01
   3 C    -0.11966000000000D+00  0.85744250000000D+00 -0.11247800000000D+01
   4 C     0.11196600000000D+01  0.14256250000000D+00  0.21247800000000D+01

  F CC-64327                                                    
    1.0000    1.0000    1.0000
   90.0000   90.0000   90.0000
   1 C     0.23482400000000D+01 -0.56612750000000D+00 -0.11082000000000D+01
   2 C    -0.13482400000000D+01  0.15661225000000D+01  0.21082000000000D+01
   3 C    -0.11966000000000D+00  0.85744250000000D+00 -0.11082000000000D+01
   4 C     0.11196600000000D+01  0.14256250000000D+00  0.21082000000000D+01

  F CC-63664                                                    
    1.0000    1.0000    1.0000
   90.0000   90.0000   90.0000
   1 C     0.23482400000000D+01 -0.56612750000000D+00 -0.10916200000000D+01
   2 C    -0.13482400000000D+01  0.15661225000000D+01  0.20916200000000D+01
   3 C    -0.11966000000000D+00  0.85744250000000D+00 -0.10916200000000D+01
   4 C     0.11196600000000D+01  0.14256250000000D+00  0.20916200000000D+01

  F CC-63001                                                    
    1.0000    1.0000    1.0000
   90.0000   90.0000   90.0000
   1 C     0.23482400000000D+01 -0.56612750000000D+00 -0.10750400000000D+01
   2 C    -0.13482400000000D+01  0.15661225000000D+01  0.20750400000000D+01
   3 C    -0.11966000000000D+00  0.85744250000000D+00 -0.10750400000000D+01
   4 C     0.11196600000000D+01  0.14256250000000D+00  0.20750400000000D+01

  F CC-62338                                                    
    1.0000    1.0000    1.0000
   90.0000   90.0000   90.0000
   1 C     0.23482400000000D+01 -0.56612750000000D+00 -0.10584600000000D+01
   2 C    -0.13482400000000D+01  0.15661225000000D+01  0.20584600000000D+01
   3 C    -0.11966000000000D+00  0.85744250000000D+00 -0.10584600000000D+01
   4 C     0.11196600000000D+01  0.14256250000000D+00  0.20584600000000D+01

  F CC-61675                                                    
    1.0000    1.0000    1.0000
   90.0000   90.0000   90.0000
   1 C     0.23482400000000D+01 -0.56612750000000D+00 -0.10418900000000D+01
   2 C    -0.13482400000000D+01  0.15661225000000D+01  0.20418900000000D+01
   3 C    -0.11966000000000D+00  0.85744250000000D+00 -0.10418900000000D+01
   4 C     0.11196600000000D+01  0.14256250000000D+00  0.20418900000000D+01

