       0     1.000000     1.000000     1.000000 ************ 14297.183663 ************     0.000000     1.000000
       0     1.000000     1.000000     1.000000 ************ 14297.183663 ************     0.000000     1.000000
       0     1.000000     1.000000     1.000000 ************ 22683.056321 ************     0.000000     1.000000
       0     1.000000     1.000000     1.000000 ************ 22219.292580 72612.258011     0.000000     1.000000
       0     1.000000     1.000000     1.000000 ************ 12889.709428 ************     0.000000     1.000000
       0     1.000000     1.000000     1.000000 ************ -5618.911517 ************     0.000000     1.000000
       0     1.000000     1.000000     1.000000 ************ ************ ************     0.000000     1.000000
       0     1.000000     1.000000     1.000000 ************ ************ ************     0.000000     1.000000
       0     1.000000     1.000000     1.000000 ************ ************ ************     0.000000     1.000000
       0     1.000000     1.000000     1.000000 ************ ************ ************     0.000000     1.000000
       0     1.000000     1.000000     1.000000 ************ ************ ************     0.000000     1.000000
       0     1.000000     1.000000     1.000000 ************ ************ ************     0.000000     1.000000
       0     1.000000     1.000000     1.000000 84032.670634 ************ ************     0.000000     1.000000
       0     1.000000     1.000000     1.000000 47963.063468 ************ ************     0.000000     1.000000
       0     1.000000     1.000000     1.000000  9743.197405 ************ ************     0.000000     1.000000
       0     1.000000     1.000000     1.000000 ************ ************ ************     0.000000     1.000000
       0     1.000000     1.000000     1.000000 ************ 30602.951662 ************     0.000000     1.000000
       0     1.000000     1.000000     1.000000 ************ 30602.951662 ************     0.000000     1.000000
       0     1.000000     1.000000     1.000000 ************ 38973.800345 ************     0.000000     1.000000
       0     1.000000     1.000000     1.000000 ************ 38506.246645 92086.532039     0.000000     1.000000
       0     1.000000     1.000000     1.000000 ************ 29184.090498 ************     0.000000     1.000000
       0     1.000000     1.000000     1.000000 ************ 10693.499769 ************     0.000000     1.000000
       0     1.000000     1.000000     1.000000 ************ ************ ************     0.000000     1.000000
       0     1.000000     1.000000     1.000000 ************ ************ ************     0.000000     1.000000
       0     1.000000     1.000000     1.000000 ************ ************ ************     0.000000     1.000000
       0     1.000000     1.000000     1.000000 ************ ************ ************     0.000000     1.000000
       0     1.000000     1.000000     1.000000 ************ ************ ************     0.000000     1.000000
       0     1.000000     1.000000     1.000000 ************ ************ ************     0.000000     1.000000
       0     1.000000     1.000000     1.000000 88751.511729 ************ ************     0.000000     1.000000
       0     1.000000     1.000000     1.000000 52489.851553 ************ ************     0.000000     1.000000
       0     1.000000     1.000000     1.000000 14109.932347 ************ ************     0.000000     1.000000
       0     1.000000     1.000000     1.000000 ************ ************ ************     0.000000     1.000000
       0     1.000000     1.000000     1.000000 ************ 22450.067662 ************     0.000000     1.000000
       0     1.000000     1.000000     1.000000 ************ 22450.067662 ************     0.000000     1.000000
       0     1.000000     1.000000     1.000000 ************ 30828.428333 ************     0.000000     1.000000
       0     1.000000     1.000000     1.000000 ************ 30362.769612 82349.395025     0.000000     1.000000
       0     1.000000     1.000000     1.000000 ************ 21036.899963 ************     0.000000     1.000000
       0     1.000000     1.000000     1.000000 ************  2537.294126 ************     0.000000     1.000000
       0     1.000000     1.000000     1.000000 ************ ************ ************     0.000000     1.000000
       0     1.000000     1.000000     1.000000 ************ ************ ************     0.000000     1.000000
       0     1.000000     1.000000     1.000000 ************ ************ ************     0.000000     1.000000
       0     1.000000     1.000000     1.000000 ************ ************ ************     0.000000     1.000000
       0     1.000000     1.000000     1.000000 ************ ************ ************     0.000000     1.000000
       0     1.000000     1.000000     1.000000 ************ ************ ************     0.000000     1.000000
       0     1.000000     1.000000     1.000000 86392.091181 ************ ************     0.000000     1.000000
       0     1.000000     1.000000     1.000000 50226.457510 ************ ************     0.000000     1.000000
       0     1.000000     1.000000     1.000000 11926.564876 ************ ************     0.000000     1.000000
       0     1.000000     1.000000     1.000000 ************ ************ ************     0.000000     1.000000
       0     1.000000     1.000000     1.000000 ************ 30668.174733 ************     0.000000     1.000000
       0     1.000000     1.000000     1.000000 ************ 30668.174733 ************     0.000000     1.000000
       0     1.000000     1.000000     1.000000 ************ 39038.963321 ************     0.000000     1.000000
