        _
  _ __ | |__   ___  _ __   ___   _ __  _   _
 | '_ \| '_ \ / _ \| '_ \ / _ \ | '_ \| | | |
 | |_) | | | | (_) | | | | (_) || |_) | |_| |
 | .__/|_| |_|\___/|_| |_|\___(_) .__/ \__, |
 |_|                            |_|    |___/
                                     1.10.10

Python version 2.7.6
Spglib version 1.9.2
Mesh sampling mode
Settings:
  Sampling mesh: [9 9 4]
  Supercell: [2 2 2]
Spacegroup: Cmcm (63)
Computing force constants...
Number of irreducible q-points on sampling mesh: 50/324
Calculating thermal properties...
#      T [K]      F [kJ/mol]    S [J/K/mol]  C_v [J/K/mol]     E [kJ/mol]
       0.000      48.0262328      0.0000000      0.0000000     48.0262328
      10.000      48.0262320      0.0006635      0.0042125     48.0262386
      20.000      48.0261629      0.0183387      0.0712224     48.0265297
      30.000      48.0257120      0.0819334      0.2875063     48.0281700
      40.000      48.0242897      0.2152913      0.6884220     48.0329013
      50.000      48.0211450      0.4266700      1.2510285     48.0424785
      60.000      48.0155028      0.7139571      1.9392399     48.0583402
      70.000      48.0066350      1.0704799      2.7192621     48.0815686
      80.000      47.9938894      1.4881398      3.5640504     48.1129406
      90.000      47.9766952      1.9589056      4.4531652     48.1529967
     100.000      47.9545589      2.4754182      5.3714681     48.2021007
     110.000      47.9270561      3.0311858      6.3080206     48.2604866
     120.000      47.8938231      3.6206129      7.2553184     48.3282966
     130.000      47.8545475      4.2389647      8.2086980     48.4056129
     140.000      47.8089606      4.8823013      9.1657879     48.4924828
     150.000      47.7568290      5.5473987     10.1259607     48.5889388
     160.000      47.6979488      6.2316582     11.0897955     48.6950141
     170.000      47.6321389      6.9330134     12.0585804     48.8107512
     180.000      47.5592370      7.6498359     13.0338868     48.9362075
     190.000      47.4790950      8.3808465     14.0172327     49.0714558
     200.000      47.3915762      9.1250344     15.0098424     49.2165830
     210.000      47.2965531      9.8815862     16.0124967     49.3716862
     220.000      47.1939055     10.6498269     17.0254605     49.5368674
     230.000      47.0835195     11.4291713     18.0484718     49.7122289
     240.000      46.9652868     12.2190876     19.0807748     49.8978679
     250.000      46.8391042     13.0190690     20.1211821     50.0938715
     260.000      46.7048736     13.8286148     21.1681529     50.3003134
     270.000      46.5625017     14.6472173     22.2198773     50.5172504
     280.000      46.4119008     15.4743550     23.2743593     50.7447202
     290.000      46.2529880     16.3094889     24.3294934     50.9827398
     300.000      46.0856862     17.1520628     25.3831328     51.2313050
     310.000      45.9099238     18.0015048     26.4331468     51.4903903
     320.000      45.7256351     18.8572308     27.4774675     51.7599490
     330.000      45.5327602     19.7186481     28.5141267     52.0399141
     340.000      45.3312452     20.5851607     29.5412825     52.3301998
     350.000      45.1210420     21.4561726     30.5572386     52.6307024
     360.000      44.9021087     22.3310928     31.5604556     52.9413021
     370.000      44.6744091     23.2093389     32.5495571     53.2618645
     380.000      44.4379128     24.0903405     33.5233309     53.5922422
     390.000      44.1925950     24.9735424     34.4807257     53.9322765
     400.000      43.9384364     25.8584067     35.4208462     54.2817991
     410.000      43.6754230     26.7444154     36.3429454     54.6406333
     420.000      43.4035459     27.6310713     37.2464154     55.0085959
     430.000      43.1228010     28.5178998     38.1307776     55.3854979
     440.000      42.8331888     29.4044492     38.9956724     55.7711465
     450.000      42.5347144     30.2902917     39.8408485     56.1653456
     460.000      42.2273867     31.1750228     40.6661528     56.5678972
     470.000      41.9112189     32.0582624     41.4715198     56.9786022
     480.000      41.5862276     32.9396533     42.2569626     57.3972612
     490.000      41.2524331     33.8188616     43.0225629     57.8236753
     500.000      40.9098587     34.6955761     43.7684635     58.2576468
     510.000      40.5585309     35.5695072     44.4948593     58.6989796
     520.000      40.1984788     36.4403866     45.2019908     59.1474798
     530.000      39.8297341     37.3079660     45.8901373     59.6029561
     540.000      39.4523312     38.1720168     46.5596103     60.0652203
     550.000      39.0663063     39.0323289     47.2107489     60.5340872
     560.000      38.6716977     39.8887100     47.8439141     61.0093753
     570.000      38.2685458     40.7409843     48.4594850     61.4909068
     580.000      37.8568923     41.5889921     49.0578542     61.9785077
     590.000      37.4367806     42.4325886     49.6394253     62.4720079
     600.000      37.0082556     43.2716432     50.2046090     62.9712416
     610.000      36.5713633     44.1060386     50.7538206     63.4760468
     620.000      36.1261507     44.9356700     51.2874780     63.9862661
     630.000      35.6726661     45.7604442     51.8059995     64.5017460
     640.000      35.2109583     46.5802793     52.3098016     65.0223371
     650.000      34.7410772     47.3951032     52.7992981     65.5478943
     660.000      34.2630732     48.2048538     53.2748987     66.0782767
     670.000      33.7769972     49.0094777     53.7370075     66.6133473
     680.000      33.2829009     49.8089299     54.1860225     67.1529732
     690.000      32.7808360     50.6031731     54.6223346     67.6970254
     700.000      32.2708549     51.3921771     55.0463273     68.2453788
     710.000      31.7530100     52.1759185     55.4583756     68.7979121
     720.000      31.2273541     52.9543801     55.8588463     69.3545078
     730.000      30.6939400     53.7275502     56.2480973     69.9150517
     740.000      30.1528207     54.4954226     56.6264774     70.4794335
     750.000      29.6040492     55.2579959     56.9943262     71.0475461
     760.000      29.0476785     56.0152730     57.3519742     71.6192860
     770.000      28.4837614     56.7672614     57.6997423     72.1945527
     780.000      27.9123508     57.5139719     58.0379425     72.7732489
     790.000      27.3334995     58.2554192     58.3668772     73.3552806
     800.000      26.7472599     58.9916208     58.6868399     73.9405566
     810.000      26.1536845     59.7225975     58.9981150     74.5289885
     820.000      25.5528253     60.4483726     59.3009779     75.1204908
     830.000      24.9447343     61.1689718     59.5956954     75.7149809
     840.000      24.3294631     61.8844231     59.8825257     76.3123785
     850.000      23.7070629     62.5947565     60.1617186     76.9126059
     860.000      23.0775849     63.3000038     60.4335158     77.5155882
     870.000      22.4410797     64.0001985     60.6981508     78.1212524
     880.000      21.7975976     64.6953755     60.9558495     78.7295281
     890.000      21.1471888     65.3855710     61.2068303     79.3403470
     900.000      20.4899027     66.0708226     61.4513041     79.9536430
     910.000      19.8257887     66.7511686     61.6894747     80.5693521
     920.000      19.1548955     67.4266485     61.9215390     81.1874121
     930.000      18.4772718     68.0973025     62.1476873     81.8077631
     940.000      17.7929654     68.7631716     62.3681032     82.4303468
     950.000      17.1020242     69.4242974     62.5829643     83.0551067
     960.000      16.4044952     70.0807218     62.7924418     83.6819881
     970.000      15.7004253     70.7324875     62.9967012     84.3109381
     980.000      14.9898608     71.3796372     63.1959023     84.9419053
     990.000      14.2728478     72.0222142     63.3901996     85.5748398
    1000.000      13.5494316     72.6602618     63.5797418     86.2096934
                 _
   ___ _ __   __| |
  / _ \ '_ \ / _` |
 |  __/ | | | (_| |
  \___|_| |_|\__,_|

