        _
  _ __ | |__   ___  _ __   ___   _ __  _   _
 | '_ \| '_ \ / _ \| '_ \ / _ \ | '_ \| | | |
 | |_) | | | | (_) | | | | (_) || |_) | |_| |
 | .__/|_| |_|\___/|_| |_|\___(_) .__/ \__, |
 |_|                            |_|    |___/
                                     1.10.10

Python version 2.7.6
Spglib version 1.9.2
Mesh sampling mode
Settings:
  Sampling mesh: [9 9 4]
  Supercell: [2 2 2]
Spacegroup: Cmcm (63)
Computing force constants...
Number of irreducible q-points on sampling mesh: 50/324
Calculating thermal properties...
#      T [K]      F [kJ/mol]    S [J/K/mol]  C_v [J/K/mol]     E [kJ/mol]
       0.000      65.8802829      0.0000000      0.0000000     65.8802829
      10.000      65.8802511      0.0124695      0.0282687     65.8803758
      20.000      65.8799778      0.0429981      0.0682212     65.8808377
      30.000      65.8793409      0.0892851      0.1901104     65.8820194
      40.000      65.8780521      0.1769553      0.4562782     65.8851304
      50.000      65.8756177      0.3195163      0.8572913     65.8915935
      60.000      65.8714677      0.5202782      1.3813148     65.9026844
      70.000      65.8650145      0.7803339      2.0308244     65.9196379
      80.000      65.8556590      1.1009763      2.8110288     65.9437371
      90.000      65.8427889      1.4834123      3.7222975     65.9762960
     100.000      65.8257829      1.9281868      4.7589508     66.0186016
     110.000      65.8040186      2.4349080      5.9105262     66.0718585
     120.000      65.7768826      3.0022281      7.1634207     66.1371500
     130.000      65.7437793      3.6279574      8.5023533     66.2154137
     140.000      65.7041383      4.3092362      9.9115838     66.3074313
     150.000      65.6574205      5.0427223     11.3758823     66.4138288
     160.000      65.6031219      5.8247733     12.8812362     66.5350856
     170.000      65.5407757      6.6516075     14.4152909     66.6715490
     180.000      65.4699531      7.5194378     15.9675489     66.8234519
     190.000      65.3902627      8.4245739     17.5293739     66.9909317
     200.000      65.3013491      9.3634952     19.0938567     67.1740481
     210.000      65.2028912     10.3328970     20.6555989     67.3727996
     220.000      65.0945998     11.3297149     22.2104604     67.5871370
     230.000      64.9762149     12.3511321     23.7553059     67.8169753
     240.000      64.8475037     13.3945754     25.2877704     68.0622018
     250.000      64.7082578     14.4577023     26.8060591     68.3226834
     260.000      64.5582912     15.5383842     28.3087826     68.5982711
     270.000      64.3974381     16.6346865     29.7948302     68.8888034
     280.000      64.2255513     17.7448490     31.2632753     69.1941090
     290.000      64.0425003     18.8672666     32.7133090     69.5140076
     300.000      63.8481700     20.0004712     34.1441971     69.8483113
     310.000      63.6424594     21.1431162     35.5552528     70.1968254
     320.000      63.4252803     22.2939618     36.9458235     70.5593481
     330.000      63.1965566     23.4518632     38.3152858     70.9356715
     340.000      62.9562231     24.6157600     39.6630464     71.3255815
     350.000      62.7042247     25.7846671     40.9885461     71.7288582
     360.000      62.4405161     26.9576677     42.2912654     72.1452765
     370.000      62.1650606     28.1339065     43.5707312     72.5746060
     380.000      61.8778299     29.3125850     44.8265215     73.0166122
     390.000      61.5788033     30.4929565     46.0582712     73.4710563
     400.000      61.2679674     31.6743225     47.2656745     73.9376964
     410.000      60.9453157     32.8560296     48.4484881     74.4162878
     420.000      60.6108477     34.0374664     49.6065315     74.9065836
     430.000      60.2645692     35.2180612     50.7396871     75.4083355
     440.000      59.9064911     36.3972798     51.8478988     75.9212942
     450.000      59.5366298     37.5746233     52.9311703     76.4452103
     460.000      59.1550064     38.7496266     53.9895619     76.9798347
     470.000      58.7616465     39.9218563     55.0231875     77.5249190
     480.000      58.3565799     41.0909094     56.0322109     78.0802164
     490.000      57.9398402     42.2564117     57.0168419     78.6454819
     500.000      57.5114647     43.4180162     57.9773319     79.2204728
     510.000      57.0714939     44.5754022     58.9139705     79.8049490
     520.000      56.6199717     45.7282732     59.8270808     80.3986738
     530.000      56.1569444     46.8763566     60.7170155     81.0014134
     540.000      55.6824613     48.0194014     61.5841536     81.6129381
     550.000      55.1965740     49.1571779     62.4288959     82.2330218
     560.000      54.6993360     50.2894762     63.2516625     82.8614427
     570.000      54.1908033     51.4161051     64.0528888     83.4979833
     580.000      53.6710334     52.5368910     64.8330228     84.1424302
     590.000      53.1400855     53.6516770     65.5925225     84.7945749
     600.000      52.5980204     54.7603218     66.3318531     85.4542134
     610.000      52.0449000     55.8626990     67.0514849     86.1211463
     620.000      51.4807876     56.9586958     67.7518910     86.7951790
     630.000      50.9057477     58.0482127     68.4335458     87.4761217
     640.000      50.3198453     59.1311621     69.0969229     88.1637890
     650.000      49.7231466     60.2074680     69.7424939     88.8580008
     660.000      49.1157183     61.2770649     70.3707270     89.5585811
     670.000      48.4976278     62.3398974     70.9820859     90.2653591
     680.000      47.8689430     63.3959192     71.5770287     90.9781681
     690.000      47.2297323     64.4450930     72.1560073     91.6968464
     700.000      46.5800641     65.4873892     72.7194662     92.4212365
     710.000      45.9200075     66.5227859     73.2678425     93.1511855
     720.000      45.2496314     67.5512682     73.8015647     93.8865445
     730.000      44.5690052     68.5728276     74.3210529     94.6271693
     740.000      43.8781980     69.5874615     74.8267181     95.3729195
     750.000      43.1772790     70.5951732     75.3189619     96.1236589
     760.000      42.4663176     71.5959707     75.7981768     96.8792553
     770.000      41.7453826     72.5898671     76.2647452     97.6395803
     780.000      41.0145432     73.5768797     76.7190402     98.4045093
     790.000      40.2738679     74.5570298     77.1614251     99.1739214
     800.000      39.5234254     75.5303424     77.5922533     99.9476993
     810.000      38.7632838     76.4968461     78.0118686    100.7257291
     820.000      37.9935110     77.4565724     78.4206054    101.5079004
     830.000      37.2141748     78.4095557     78.8187884    102.2941060
     840.000      36.4253423     79.3558331     79.2067327    103.0842420
     850.000      35.6270803     80.2954438     79.5847446    103.8782076
     860.000      34.8194555     81.2284295     79.9531210    104.6759048
     870.000      34.0025337     82.1548335     80.3121499    105.4772389
     880.000      33.1763806     83.0747011     80.6621105    106.2821176
     890.000      32.3410613     83.9880791     81.0032735    107.0904517
     900.000      31.4966405     84.8950157     81.3359014    107.9021546
     910.000      30.6431823     85.7955603     81.6602481    108.7171422
     920.000      29.7807504     86.6897635     81.9765600    109.5353328
     930.000      28.9094080     87.5776768     82.2850755    110.3566474
     940.000      28.0292177     88.4593526     82.5860254    111.1810091
     950.000      27.1402416     89.3348441     82.8796332    112.0083434
     960.000      26.2425412     90.2042050     83.1661155    112.8385780
     970.000      25.3361777     91.0674896     83.4456815    113.6716427
     980.000      24.4212115     91.9247528     83.7185342    114.5074693
     990.000      23.4977025     92.7760496     83.9848697    115.3459916
    1000.000      22.5657102     93.6214353     84.2448779    116.1871456
                 _
   ___ _ __   __| |
  / _ \ '_ \ / _` |
 |  __/ | | | (_| |
  \___|_| |_|\__,_|

