        _
  _ __ | |__   ___  _ __   ___   _ __  _   _
 | '_ \| '_ \ / _ \| '_ \ / _ \ | '_ \| | | |
 | |_) | | | | (_) | | | | (_) || |_) | |_| |
 | .__/|_| |_|\___/|_| |_|\___(_) .__/ \__, |
 |_|                            |_|    |___/
                                     1.10.10

Python version 2.7.12
Spglib version 1.9.2
Mesh sampling mode
Settings:
  Sampling mesh: [6 6 4]
  Supercell: [2 2 2]
Spacegroup: Cmmm (65)
Computing force constants...
Number of irreducible q-points on sampling mesh: 24/144
Calculating thermal properties...
#      T [K]      F [kJ/mol]    S [J/K/mol]  C_v [J/K/mol]     E [kJ/mol]
       0.000      28.7368795      0.0000000      0.0000000     28.7368795
      10.000      28.7368795      0.0000300      0.0003389     28.7368798
      20.000      28.7368590      0.0073122      0.0386185     28.7370052
      30.000      28.7366390      0.0414482      0.1429273     28.7378824
      40.000      28.7359498      0.0997752      0.2726996     28.7399408
      50.000      28.7345801      0.1773111      0.4352949     28.7434456
      60.000      28.7323381      0.2745515      0.6468932     28.7488112
      70.000      28.7290160      0.3936862      0.9154454     28.7565741
      80.000      28.7243849      0.5366284      1.2424258     28.7673152
      90.000      28.7182001      0.7045691      1.6259669     28.7816113
     100.000      28.7102084      0.8980335      2.0626481     28.8000117
     110.000      28.7001542      1.1170278      2.5482297     28.8230273
     120.000      28.6877840      1.3611614      3.0779066     28.8511234
     130.000      28.6728495      1.6297346      3.6464527     28.8847150
     140.000      28.6551110      1.9218057      4.2484001     28.9241638
     150.000      28.6343388      2.2362480      4.8782542     28.9697760
     160.000      28.6103156      2.5718032      5.5307041     29.0218041
     170.000      28.5828369      2.9271294      6.2007910     29.0804489
     180.000      28.5517117      3.3008442      6.8840179     29.1458637
     190.000      28.5167633      3.6915598      7.5764018     29.2181597
     200.000      28.4778284      4.0979111      8.2744793     29.2974106
     210.000      28.4347574      4.5185758      8.9752795     29.3836583
     220.000      28.3874134      4.9522883      9.6762779     29.4769169
     230.000      28.3356721      5.3978488     10.3753421     29.5771774
     240.000      28.2794207      5.8541271     11.0706764     29.6844112
     250.000      28.2185574      6.3200640     11.7607696     29.7985734
     260.000      28.1529906      6.7946705     12.4443493     29.9196049
     270.000      28.0826382      7.2770256     13.1203428     30.0474351
     280.000      28.0074271      7.7662727     13.7878443     30.1819834
     290.000      27.9272924      8.2616162     14.4460889     30.3231611
     300.000      27.8421769      8.7623176     15.0944312     30.4708722
     310.000      27.7520305      9.2676916     15.7323283     30.6250149
     320.000      27.6568096      9.7771025     16.3593264     30.7854824
     330.000      27.5564769     10.2899603     16.9750500     30.9521638
     340.000      27.4510007     10.8057178     17.5791928     31.1249448
     350.000      27.3403546     11.3238675     18.1715106     31.3037083
     360.000      27.2245170     11.8439388     18.7518152     31.4883350
     370.000      27.1034709     12.3654950     19.3199688     31.6787041
     380.000      26.9772035     12.8881316     19.8758795     31.8746935
     390.000      26.8457059     13.4114737     20.4194969     32.0761807
     400.000      26.7089728     13.9351740     20.9508084     32.2830424
     410.000      26.5670023     14.4589111     21.4698355     32.4951559
     420.000      26.4197955     14.9823878     21.9766304     32.7123984
     430.000      26.2673563     15.5053294     22.4712733     32.9346480
     440.000      26.1096915     16.0274822     22.9538687     33.1617837
     450.000      25.9468101     16.5486122     23.4245436     33.3936856
     460.000      25.7787234     17.0685041     23.8834439     33.6302353
     470.000      25.6054448     17.5869595     24.3307330     33.8713158
     480.000      25.4269896     18.1037963     24.7665886     34.1168118
     490.000      25.2433748     18.6188474     25.1912015     34.3666101
     500.000      25.0546191     19.1319599     25.6047729     34.6205991
     510.000      24.8607426     19.6429938     26.0075132     34.8786694
     520.000      24.6617666     20.1518218     26.3996400     35.1407140
     530.000      24.4577139     20.6583278     26.7813768     35.4066276
     540.000      24.2486081     21.1624064     27.1529515     35.6763076
     550.000      24.0344742     21.6639625     27.5145954     35.9496535
     560.000      23.8153376     22.1629100     27.8665417     36.2265672
     570.000      23.5912249     22.6591718     28.2090251     36.5069528
     580.000      23.3621633     23.1526786     28.5422801     36.7907169
     590.000      23.1281807     23.6433690     28.8665411     37.0777684
     600.000      22.8893055     24.1311884     29.1820411     37.3680186
     610.000      22.6455667     24.6160887     29.4890112     37.6613808
     620.000      22.3969936     25.0980282     29.7876802     37.9577711
     630.000      22.1436161     25.5769705     30.0782739     38.2571075
     640.000      21.8854643     26.0528845     30.3610151     38.5593104
     650.000      21.6225686     26.5257442     30.6361229     38.8643024
     660.000      21.3549597     26.9955280     30.9038125     39.1720081
     670.000      21.0826684     27.4622183     31.1642950     39.4823546
     680.000      20.8057257     27.9258015     31.4177772     39.7952707
     690.000      20.5241627     28.3862678     31.6644616     40.1106875
     700.000      20.2380107     28.8436103     31.9045458     40.4285379
     710.000      19.9473009     29.2978255     32.1382230     40.7487570
     720.000      19.6520646     29.7489125     32.3656815     41.0712817
     730.000      19.3523331     30.1968732     32.5871051     41.3960506
     740.000      19.0481376     30.6417117     32.8026725     41.7230043
     750.000      18.7395093     31.0834344     33.0125578     42.0520851
     760.000      18.4264793     31.5220497     33.2169303     42.3832370
     770.000      18.1090786     31.9575679     33.4159546     42.7164058
     780.000      17.7873382     32.3900008     33.6097907     43.0515388
     790.000      17.4612888     32.8193621     33.7985938     43.3885849
     800.000      17.1309611     33.2456666     33.9825148     43.7274944
     810.000      16.7963856     33.6689306     34.1616999     44.0682194
     820.000      16.4575926     34.0891714     34.3362911     44.4107131
     830.000      16.1146122     34.5064074     34.5064260     44.7549304
     840.000      15.7674744     34.9206581     34.6722380     45.1008272
     850.000      15.4162089     35.3319438     34.8338564     45.4483611
     860.000      15.0608453     35.7402854     34.9914066     45.7974908
     870.000      14.7014130     36.1457048     35.1450099     46.1481761
     880.000      14.3379409     36.5482242     35.2947838     46.5003782
     890.000      13.9704581     36.9478667     35.4408422     46.8540594
     900.000      13.5989931     37.3446555     35.5832955     47.2091831
     910.000      13.2235744     37.7386146     35.7222502     47.5657137
     920.000      12.8442302     38.1297680     35.8578098     47.9236167
     930.000      12.4609883     38.5181404     35.9900742     48.2828589
     940.000      12.0738765     38.9037564     36.1191402     48.6434076
     950.000      11.6829223     39.2866411     36.2451017     49.0052313
     960.000      11.2881527     39.6668196     36.3680491     49.3682996
     970.000      10.8895948     40.0443173     36.4880703     49.7325826
     980.000      10.4872752     40.4191594     36.6052503     50.0980515
     990.000      10.0812204     40.7913717     36.7196711     50.4646784
    1000.000       9.6714565     41.1609795     36.8314123     50.8324360
                 _
   ___ _ __   __| |
  / _ \ '_ \ / _` |
 |  __/ | | | (_| |
  \___|_| |_|\__,_|

