16   
1    

1    
  0.0100000000000000   0.0000000000000000   0.0000000000000000
  -0.3435840800   -0.0026696900   -0.0018877600
   0.0536012200    0.0000256200    0.0000181100
   0.0006197600    0.0305460600   -0.0100504600
   0.0006600800   -0.0306042500    0.0099704800
   0.0006197600    0.0007063600    0.0321492500
   0.0006600800   -0.0008011600   -0.0321774600
  -0.0006676400   -0.0000317400   -0.0000224400
   0.0036861100    0.0000188800    0.0000133500
   0.0848861300    0.0103371200    0.0073094500
   0.0807501500   -0.0078267800   -0.0055343700
   0.0671309700    0.0001774400    0.0001612200
  -0.0058501700   -0.0000557300    0.0000159600
   0.0671309700    0.0002111500    0.0001135500
  -0.0058501700   -0.0000035300   -0.0000578700
  -0.0019061200   -0.0022992400   -0.0016258100
  -0.0018870600    0.0022694900    0.0016047700
