        _
  _ __ | |__   ___  _ __   ___   _ __  _   _
 | '_ \| '_ \ / _ \| '_ \ / _ \ | '_ \| | | |
 | |_) | | | | (_) | | | | (_) || |_) | |_| |
 | .__/|_| |_|\___/|_| |_|\___(_) .__/ \__, |
 |_|                            |_|    |___/
                                     1.10.10

Python version 2.7.12
Spglib version 1.9.2
Mesh sampling mode
Settings:
  Sampling mesh: [9 9 4]
  Supercell: [2 2 2]
Spacegroup: Fd-3m (227)
Computing force constants...
Number of irreducible q-points on sampling mesh: 324/324
Calculating thermal properties...
#      T [K]      F [kJ/mol]    S [J/K/mol]  C_v [J/K/mol]     E [kJ/mol]
       0.000      33.0976486      0.0000000      0.0000000     33.0976486
      10.000      33.0976486      0.0000000      0.0000000     33.0976486
      20.000      33.0976486      0.0000070      0.0000851     33.0976487
      30.000      33.0976474      0.0004040      0.0032888     33.0976595
      40.000      33.0976328      0.0031412      0.0195723     33.0977584
      50.000      33.0975669      0.0111478      0.0577284     33.0981243
      60.000      33.0973837      0.0269895      0.1228933     33.0990030
      70.000      33.0969940      0.0527721      0.2198558     33.1006880
      80.000      33.0962885      0.0904606      0.3544017     33.1035254
      90.000      33.0951385      0.1420364      0.5326212     33.1079217
     100.000      33.0933950      0.2094591      0.7597041     33.1143409
     110.000      33.0908904      0.2945481      1.0391780     33.1232907
     120.000      33.0874398      0.3988766      1.3727807     33.1353050
     130.000      33.0828444      0.5237166      1.7607402     33.1509276
     140.000      33.0768939      0.6700306      2.2021773     33.1706982
     150.000      33.0693700      0.8384935      2.6954504     33.1951440
     160.000      33.0600488      1.0295249      3.2383820     33.2247728
     170.000      33.0487035      1.2433235      3.8283789     33.2600685
     180.000      33.0351064      1.4798947      4.4624884     33.3014874
     190.000      33.0190303      1.7390746      5.1374289     33.3494544
     200.000      33.0002506      2.0205482      5.8496218     33.4043602
     210.000      32.9785465      2.3238658      6.5952369     33.4665583
     220.000      32.9537023      2.6484575      7.3702530     33.5363630
     230.000      32.9255087      2.9936475      8.1705310     33.6140476
     240.000      32.8937633      3.3586691      8.9918908     33.6998439
     250.000      32.8582720      3.7426795      9.8301881     33.7939418
     260.000      32.8188494      4.1447739     10.6813847     33.8964906
     270.000      32.7753194      4.5640008     11.5416084     34.0075996
     280.000      32.7275155      4.9993753     12.4072019     34.1273406
     290.000      32.6752814      5.4498922     13.2747592     34.2557502
     300.000      32.6184706      5.9145377     14.1411504     34.3928319
     310.000      32.5569469      6.3922995     15.0035356     34.5385598
     320.000      32.4905842      6.8821766     15.8593703     34.6928807
     330.000      32.4192663      7.3831864     16.7064024     34.8557178
     340.000      32.3428866      7.8943714     17.5426643     35.0269729
     350.000      32.2613480      8.4148042     18.3664595     35.2065295
     360.000      32.1745627      8.9435917     19.1763466     35.3942557
     370.000      32.0824512      9.4798779     19.9711215     35.5900060
     380.000      31.9849428     10.0228463     20.7497977     35.7936244
     390.000      31.8819746     10.5717207     21.5115869     36.0049457
     400.000      31.7734912     11.1257666     22.2558794     36.2237978
     410.000      31.6594444     11.6842904     22.9822251     36.4500034
     420.000      31.5397926     12.2466400     23.6903156     36.6833814
     430.000      31.4145008     12.8122033     24.3799671     36.9237483
     440.000      31.2835398     13.3804075     25.0511048     37.1709191
     450.000      31.1468857     13.9507178     25.7037480     37.4247087
     460.000      31.0045200     14.5226362     26.3379974     37.6849327
     470.000      30.8564291     15.0956995     26.9540227     37.9514079
     480.000      30.7026037     15.6694781     27.5520520     38.2239532
     490.000      30.5430385     16.2435742     28.1323622     38.5023899
     500.000      30.3777324     16.8176201     28.6952704     38.7865424
     510.000      30.2066874     17.3912765     29.2411264     39.0762384
     520.000      30.0299092     17.9642311     29.7703057     39.3713093
     530.000      29.8474061     18.5361966     30.2832044     39.6715903
     540.000      29.6591894     19.1069094     30.7802334     39.9769205
     550.000      29.4652729     19.6761283     31.2618144     40.2871435
     560.000      29.2656726     20.2436325     31.7283761     40.6021067
     570.000      29.0604066     20.8092206     32.1803506     40.9216624
     580.000      28.8494952     21.3727093     32.6181712     41.2456666
     590.000      28.6329600     21.9339323     33.0422696     41.5739800
     600.000      28.4108246     22.4927385     33.4530739     41.9064677
     610.000      28.1831137     23.0489916     33.8510074     42.2429986
     620.000      27.9498537     23.6025688     34.2364868     42.5834463
     630.000      27.7110717     24.1533596     34.6099212     42.9276882
     640.000      27.4667961     24.7012653     34.9717112     43.2756059
     650.000      27.2170563     25.2461979     35.3222483     43.6270849
     660.000      26.9618823     25.7880793     35.6619143     43.9820146
     670.000      26.7013051     26.3268405     35.9910807     44.3402882
     680.000      26.4353561     26.8624211     36.3101088     44.7018025
     690.000      26.1640674     27.3947686     36.6193492     45.0664578
     700.000      25.8874717     27.9238376     36.9191418     45.4341579
     710.000      25.6056017     28.4495894     37.2098157     45.8048102
     720.000      25.3184910     28.9719915     37.4916895     46.1783249
     730.000      25.0261732     29.4910171     37.7650710     46.5546157
     740.000      24.7286820     30.0066446     38.0302578     46.9335990
     750.000      24.4260517     30.5188571     38.2875370     47.3151945
     760.000      24.1183163     31.0276422     38.5371857     47.6993243
     770.000      23.8055103     31.5329914     38.7794711     48.0859137
     780.000      23.4876679     32.0349002     39.0146510     48.4748901
     790.000      23.1648237     32.5333672     39.2429735     48.8661838
     800.000      22.8370121     33.0283943     39.4646778     49.2597275
     810.000      22.5042673     33.5199861     39.6799941     49.6554561
     820.000      22.1666238     34.0081501     39.8891444     50.0533068
     830.000      21.8241157     34.4928957     40.0923419     50.4532191
     840.000      21.4767772     34.9742349     40.2897922     50.8551345
     850.000      21.1246423     35.4521814     40.4816930     51.2589965
     860.000      20.7677448     35.9267508     40.6682345     51.6647505
     870.000      20.4061185     36.3979602     40.8495998     52.0723439
     880.000      20.0397968     36.8658285     41.0259650     52.4817258
     890.000      19.6688130     37.3303754     41.1974995     52.8928471
     900.000      19.2932003     37.7916222     41.3643663     53.3056603
     910.000      18.9129915     38.2495911     41.5267223     53.7201194
     920.000      18.5282193     38.7043053     41.6847183     54.1361802
     930.000      18.1389161     39.1557888     41.8384994     54.5537997
     940.000      17.7451142     39.6040664     41.9882054     54.9729366
     950.000      17.3468454     40.0491634     42.1339706     55.3935507
     960.000      16.9441414     40.4911061     42.2759243     55.8156033
     970.000      16.5370337     40.9299208     42.4141910     56.2390569
     980.000      16.1255534     41.3656345     42.5488904     56.6638752
     990.000      15.7097313     41.7982747     42.6801377     57.0900232
    1000.000      15.2895980     42.2278688     42.8080441     57.5174668
                 _
   ___ _ __   __| |
  / _ \ '_ \ / _` |
 |  __/ | | | (_| |
  \___|_| |_|\__,_|

