32   
4    

1    
  0.0046685869985228   0.0000000029510167   0.0088433192545115
   0.0269571700   -0.0019012300   -0.1069169900
   0.0206338800   -0.0001286300    0.0024852600
   0.0286647500    0.0045452400    0.0024400100
   0.0288224400   -0.0048203000    0.0025317500
  -0.0017488200   -0.0000008500   -0.0004797000
  -0.0006202300   -0.0000200000    0.0021410000
  -0.0013396800   -0.0004227100    0.0021388100
  -0.0013746800    0.0004286700    0.0021427900
   0.0052916100   -0.0000157800    0.0047195400
   0.0012549500   -0.0007140900    0.0005451100
   0.0024192400    0.0006762500    0.0008420700
   0.0011844300    0.0000466200    0.0001958500
   0.0051762800   -0.0000188000    0.0049390600
   0.0012374200    0.0007172100    0.0004686700
   0.0011419000   -0.0000491800    0.0001644100
   0.0023879600   -0.0006570700    0.0008264900
  -0.0220345100    0.0005237500    0.0137968100
  -0.0050561400    0.0000727900    0.0063022700
  -0.0411723500    0.0112821300    0.0140566500
  -0.0390018400   -0.0095650500    0.0135545300
   0.0014049500    0.0000083200   -0.0000861400
   0.0016764600   -0.0000020100    0.0002924200
   0.0013798300    0.0000164400   -0.0000875400
   0.0013672100   -0.0000212300   -0.0000838300
  -0.0050721100   -0.0028106900    0.0051776700
  -0.0013419900    0.0006272200    0.0057644100
  -0.0027762900    0.0000055900    0.0001802900
  -0.0002304600    0.0021878100    0.0054623500
  -0.0013305300   -0.0006611000    0.0056984800
  -0.0049588800    0.0027255200    0.0051550700
  -0.0027287900    0.0000049200    0.0001978400
  -0.0002131800   -0.0020597300    0.0054345700

1    
 -0.0046685869985228  -0.0000000029510167  -0.0088433192545115
  -0.0270093800   -0.0018984300    0.1069030700
  -0.0205607500   -0.0001282200   -0.0024871300
  -0.0287753100   -0.0048312000   -0.0025336300
  -0.0286180000    0.0045564600   -0.0024419400
   0.0018074500   -0.0000003200    0.0004790000
   0.0006825800   -0.0000200900   -0.0021407900
   0.0014375700    0.0004279000   -0.0021430800
   0.0014022000   -0.0004232000   -0.0021389800
  -0.0052407400   -0.0000158800   -0.0049391100
  -0.0013023000    0.0007178600   -0.0004693900
  -0.0024513000   -0.0006587200   -0.0008270400
  -0.0012059700   -0.0000486700   -0.0001650000
  -0.0053564700   -0.0000187200   -0.0047199500
  -0.0013193100   -0.0007141100   -0.0005460500
  -0.0012485800    0.0000469900   -0.0001962100
  -0.0024826200    0.0006786300   -0.0008428300
   0.0220157300    0.0005230500   -0.0137918000
   0.0050164500    0.0000724400   -0.0062999400
   0.0390107000   -0.0095844300   -0.0135490700
   0.0411763300    0.0112980500   -0.0140516300
  -0.0014497500    0.0000084900    0.0000838500
  -0.0017248900   -0.0000015300   -0.0002925100
  -0.0014106900   -0.0000203900    0.0000828300
  -0.0014234800    0.0000161900    0.0000864200
   0.0050086000    0.0027275200   -0.0051535000
   0.0013769600   -0.0006610100   -0.0056967700
   0.0027778400    0.0000052700   -0.0001971700
   0.0002571200   -0.0020630400   -0.0054326600
   0.0013886200    0.0006269700   -0.0057623100
   0.0051215600   -0.0028134100   -0.0051762500
   0.0028253700    0.0000047200   -0.0001798500
   0.0002744500    0.0021908500   -0.0054606100

17   
  0.0046685869985228   0.0000000029510167   0.0088433192545115
  -0.0248728600   -0.0005749600    0.0131948200
  -0.0053000900   -0.0001331300    0.0059883700
  -0.0450833800    0.0113874600    0.0129601100
  -0.0472462300   -0.0132032100    0.0134460500
   0.0015494700    0.0000081600   -0.0000193700
   0.0018510500   -0.0000008700    0.0003704200
   0.0015282600    0.0000122700   -0.0000252500
   0.0015074700   -0.0000260100   -0.0000132800
  -0.0002443300    0.0007428300    0.0053164400
  -0.0029942700   -0.0000164800    0.0001957100
  -0.0028306200    0.0014946000    0.0064898900
  -0.0041841600   -0.0022700100    0.0040491800
  -0.0002822400   -0.0007524100    0.0051938500
  -0.0030320300   -0.0000158200    0.0002358500
  -0.0040383500    0.0021718400    0.0040566900
  -0.0028024400   -0.0014525300    0.0064237700
   0.0425174900    0.0020362000   -0.1208419100
   0.0223995500    0.0001066700    0.0034215400
   0.0290250200    0.0039792000    0.0034643300
   0.0288985900   -0.0035959100    0.0033801200
  -0.0013729600    0.0000007600    0.0012282600
  -0.0009559800   -0.0000052600    0.0005601200
  -0.0014646900   -0.0002961100    0.0005576100
  -0.0014671400    0.0002945800    0.0005614100
   0.0009149200    0.0002196900    0.0042368800
   0.0014961100    0.0001211400    0.0045699800
   0.0012926600   -0.0003295100    0.0043982000
   0.0057816100    0.0000433300    0.0017630500
   0.0015138400   -0.0001762200    0.0044930000
   0.0009896100   -0.0001186200    0.0042387100
   0.0012011900    0.0003065500    0.0043709500
   0.0057048900    0.0000417800    0.0017345100

17   
 -0.0046685869985228  -0.0000000029510167  -0.0088433192545115
   0.0249143200   -0.0005751300   -0.0132004600
   0.0053697600   -0.0001328200   -0.0059914700
   0.0472575600   -0.0131859600   -0.0134517000
   0.0450904100    0.0113658500   -0.0129663200
  -0.0014822700    0.0000080600    0.0000192900
  -0.0017800000   -0.0000006600   -0.0003699500
  -0.0014366200   -0.0000261100    0.0000131800
  -0.0014569900    0.0000129400    0.0000251300
   0.0002121200   -0.0007482300   -0.0051957700
   0.0029573900   -0.0000174100   -0.0002353100
   0.0027317800   -0.0014529500   -0.0064223200
   0.0039617400    0.0021703700   -0.0040605500
   0.0001739700    0.0007384400   -0.0053186200
   0.0029199200   -0.0000158400   -0.0001951600
   0.0041081500   -0.0022690300   -0.0040535600
   0.0027599900    0.0014950600   -0.0064881400
  -0.0424375300    0.0020395300    0.1208639100
  -0.0224576700    0.0001066600   -0.0034195700
  -0.0289399900   -0.0035862700   -0.0033777200
  -0.0290671200    0.0039697800   -0.0034618800
   0.0013192200    0.0000005200   -0.0012299700
   0.0008991200   -0.0000053900   -0.0005595800
   0.0014142800    0.0002952800   -0.0005620400
   0.0014123900   -0.0002967000   -0.0005580700
  -0.0009365700   -0.0001191700   -0.0042399500
  -0.0014555600   -0.0001763400   -0.0044924800
  -0.0011441600    0.0003067000   -0.0043705100
  -0.0056476500    0.0000430500   -0.0017329400
  -0.0014374400    0.0001218200   -0.0045691200
  -0.0008620600    0.0002207900   -0.0042386100
  -0.0012357400   -0.0003292300   -0.0043979800
  -0.0057247400    0.0000423800   -0.0017617600
