    653.9112
    667.2596
    595.6451
    595.5423
    596.7918
    604.3410
    595.5399
    594.8404
    651.6502
    667.8584
    594.8404
    594.8404
    600.0830
    599.6073
    594.8404
    594.8404
    651.6502
    667.8584
    594.8404
    594.5944
    596.2457
    602.9918
    594.5944
    594.0396
    653.0651
    664.9305
    594.0396
    594.0396
    598.6844
    599.4110
    594.0396
    594.0396
    653.0651
    664.9305
    594.0396
    594.0112
    595.0622
    603.0155
    594.0112
    593.2310
    650.7954
    665.5299
    593.2310
    593.2310
    598.2738
    598.2002
    593.2310
    593.2310
    650.7954
    665.5299
    593.2310
    593.0588
    594.5094
    601.6595
    593.0588
    592.4390
    648.5430
    666.1452
    592.4390
    592.4390
    597.8796
    597.0061
    592.4390
    592.4436
    652.2243
    662.6147
    592.4436
    592.4890
    593.3390
    601.6968
    592.4890
    591.6282
    649.9477
    663.2075
    591.6282
    591.6282
    596.4710
    596.7998
    591.6282
    591.6636
    646.3079
    666.7765
    591.6636
    591.2043
    593.4532
    598.9980
    591.2043
    590.8541
    651.3908
    660.3049
    590.8541
    590.9735
    604.5518
    609.6508
    590.8541
    590.9735
    595.1322
    594.5094
    590.8541
    590.8541
    595.0986
    596.6306
    590.8541
    590.8294
    647.6884
    663.8162
    590.8294
    590.5875
    592.2365
    598.9879
    590.5875
    590.0319
    649.1072
    660.8910
    590.0319
    590.0319
    594.6746
    595.4061
    590.0319
    590.0472
    645.4464
    664.4409
    590.0472
    589.6618
    591.7099
    597.6588
    589.6618
    589.2264
    646.8410
    661.4932
    589.2264
    589.2264
    594.2670
    594.1985
    589.2264
    589.2264
    646.8410
    661.4932
    589.2264
    589.0584
    590.5064
    597.6624
    589.0584
    588.4423
    648.2739
    658.5806
    588.4423
    588.4423
    592.8846
    594.0193
    588.4423
    588.4375
    644.5920
    662.1113
    588.4375
    588.1259
    589.9731
    596.3264
    588.1259
    587.6300
    646.0007
    659.1762
    587.6300
    587.5360
    588.7827
    596.3436
    587.5360
    586.8343
    643.7448
    659.7877
    586.8343
    586.8343
    592.0724
    591.6071
    586.8343
    586.8343
    643.7448
    659.7877
    586.8343
    586.5967
    588.2427
    595.0008
    586.5967
    586.0402
    645.1676
    656.8652
    586.0402
    586.0402
    590.6801
    591.4178
    586.0402
    586.0402
    645.1676
    656.8652
    586.0402
    586.0202
    587.0656
    595.0316
    586.0202
    585.2377
    642.9047
    657.4701
    585.2377
    585.2377
    590.2754
    590.2133
    585.2377
    585.2377
    642.9047
    657.4701
    585.2377
    585.0741
    586.5188
    593.6820
    585.0741
    584.4518
    640.6591
    658.0910
    584.4518
    584.1447
    585.9885
    592.3492
    584.1447
    583.6477
    642.0719
    655.1586
    583.6477
    583.6477
    588.4849
    588.8263
    583.6477
    583.6477
    642.0719
    655.1586
    583.6477
    583.5582
    584.8014
    592.3700
    583.5582
    582.8550
    639.8193
    655.7728
    582.8550
    582.8550
    588.0899
    587.6317
    582.8550
    582.8550
    639.8193
    655.7728
    582.8550
    582.6219
    584.2643
    591.0303
    582.6219
    582.0643
    641.2462
    652.8531
    582.0643
    582.0643
    586.7008
    587.4460
    582.0643
    582.0643
    641.2462
    652.8531
    582.0643
    582.0490
    583.0906
    591.0648
    582.0490
    581.2648
    638.9866
    653.4607
    581.2648
    581.2648
    586.2990
    586.2446
    581.2648
    581.2648
    638.9866
    653.4607
    581.2648
    581.1059
    582.5467
    589.7183
    581.1059
    580.4819
    636.7443
    654.0843
    580.4819
    580.4819
    585.9137
    585.0600
    580.4819
    580.4875
    640.4278
    650.5536
    580.4875
    580.5464
    581.3862
    589.7664
    580.5464
    579.7156
    634.5192
    654.7238
    579.7156
    579.2697
    581.5084
    587.0758
    579.2697
    578.9173
    639.6165
    648.2602
    578.9173
    578.9173
    583.1520
    584.7058
    578.9173
    578.8915
    635.9119
    651.7716
    578.8915
    578.6633
    580.3014
    587.0766
    578.6633
    578.1184
    633.6798
    652.4045
    578.1184
    578.1184
    583.7469
    582.4981
    578.1184
    578.1042
    637.3430
    648.8546
    578.1042
    578.0938
    579.1310
    587.1147
    578.0938
    577.3078
    635.0867
    649.4649
    577.3078
    577.3078
    582.3379
    582.2924
    577.3078
    577.3078
    635.0867
    649.4649
    577.3078
    577.1537
    578.5901
    585.7713
    577.1537
    576.5339
    636.5320
    646.5606
    576.5339
    576.5339
    580.9653
    582.1239
    576.5339
    576.5279
    632.8477
    650.0912
    576.5279
    576.2303
    578.0656
    584.4448
    576.2303
    575.7306
    634.2687
    647.1643
    575.7306
    575.7306
    580.5597
    580.9188
    575.7306
    575.7306
    634.2687
    647.1643
    575.7306
    575.6509
    576.8852
    584.4729
    575.6509
    574.9439
    632.0227
    647.7839
    574.9439
    574.9439
    580.1705
    579.7304
    574.9439
    574.9439
    632.0227
    647.7839
    574.9439
    574.7206
    576.3540
    583.1395
    574.7206
    574.1601
    633.4579
    644.8697
    574.1601
    574.1547
    575.1869
    583.1814
    574.1547
    573.3666
    631.2049
    645.4827
    573.3666
    573.3666
    578.3920
    578.3567
    573.3666
    573.3666
    631.2049
    645.4827
    573.3666
    573.2176
    574.6489
    581.8411
    573.2176
    572.5896
    628.9691
    646.1117
    572.5896
    572.5896
    578.0124
    577.1782
    572.5896
    572.5962
    632.6544
    642.5812
    572.5962
    572.6652
    573.4951
    581.8967
    572.6652
    571.8293
    626.7506
    646.7565
    571.8293
    571.8293
    577.6492
    576.0165
    571.8293
    571.7959
    630.3944
    643.1876
    571.7959
    571.7213
    572.9503
    580.5495
    571.7213
    571.0121
    628.1516
    643.8099
    571.0121
    570.7941
    572.4219
    579.2192
    570.7941
    570.2318
    629.5911
    640.8985
    570.2318
    570.2318
    574.8544
    575.6296
    570.2318
    570.2318
    629.5911
    640.8985
    570.2318
    570.2318
    574.8544
    575.6296
    570.2318
    570.2449
    625.9261
    644.4481
    570.2449
    569.8834
    571.9100
    577.9057
    569.8834
    569.4412
    627.3413
    641.5142
    569.4412
    569.2976
    570.7231
    577.9275
    569.2976
    568.6744
    628.7950
    638.6155
    568.6744
    568.6744
    573.0953
    574.2763
    568.6744
    568.6672
    625.1087
    642.1458
    568.6672
    568.3801
    570.2043
    576.6072
    568.3801
    567.8770
    626.5382
    639.2246
    567.8770
    567.8770
    572.6954
    573.0772
    567.8770
    567.8770
    626.5382
    639.2246
    567.8770
    567.8078
    569.0308
    576.6428
    567.8078
    567.0961
    624.2987
    639.8495
    567.0961
    567.0961
    572.3119
    571.8949
    567.0961
    567.0961
    624.2987
    639.8495
    567.0961
    566.8835
    568.5052
    575.3155
    566.8835
    566.3193
    625.7424
    636.9410
    566.3193
    566.3193
    570.9360
    571.7238
    566.3193
    566.3318
    622.0763
    640.4903
    566.3318
    565.9758
    567.9962
    574.0050
    565.9758
    565.5317
    623.4958
    637.5593
    565.5317
    565.3936
    566.8127
    574.0307
    565.3936
    564.7684
    624.9537
    634.6635
    564.7684
    564.7684
    569.1832
    570.3772
    564.7684
    564.7606
    621.2665
    638.1934
    564.7606
    564.4791
    566.2968
    572.7133
    564.4791
    563.9739
    622.7002
    635.2751
    563.9739
    563.9739
    568.7861
    569.1811
    563.9739
    563.9739
    622.7002
    635.2751
    563.9739
    563.9104
    565.1267
    572.7527
    563.9104
    563.1959
    620.4638
    635.9026
    563.1959
    563.1959
    568.4053
    568.0018
    563.1959
    563.1959
    620.4638
    635.9026
    563.1959
    562.9890
    564.6040
    571.4285
    562.9890
    562.4227
    621.9118
    632.9970
    562.4227
    562.4227
    567.0329
    567.8345
    562.4227
    562.4345
    618.2447
    636.5461
    562.4345
    562.0843
    564.0977
    570.1210
    562.0843
    561.6380
    619.6684
    633.6179
    561.6380
    561.6380
    566.6454
    566.6482
    561.6380
    561.6380
    619.6684
    633.6179
    561.6380
    561.5057
    562.9177
    570.1505
    561.5057
    560.8782
    621.1307
    630.7250
    560.8782
    560.8782
    565.2862
    566.4946
    560.8782
    560.8697
    617.4423
    634.2547
    560.8697
    560.5940
    562.4046
    568.8362
    560.5940
    560.0866
    618.8803
    631.3392
    560.0866
    560.0866
    564.8919
    565.3015
    560.0866
    560.0866
    618.8803
    631.3392
    560.0866
    560.0290
    561.2380
    568.8794
    560.0290
    559.3116
    616.6471
    631.9693
    559.3116
    559.3116
    564.5139
    564.1252
    559.3116
    559.3116
    616.6471
    631.9693
    559.3116
    559.1105
    560.7181
    567.5581
    559.1105
    558.5419
    618.0994
    629.0667
    558.5419
    558.5419
    563.1449
    563.9616
    558.5419
    558.5530
    614.4311
    632.6153
    558.5530
    558.2087
    560.2146
    566.2537
    558.2087
    557.7600
    615.8592
    629.6901
    557.7600
    557.6337
    559.0381
    566.2870
    557.6337
    557.0039
    617.3258
    626.8002
    557.0039
    557.0039
    561.4045
    562.6285
    557.0039
    556.9947
    613.6362
    630.3294
    556.9947
    556.7250
    558.5278
    564.9756
    556.7250
    556.2152
    615.0786
    627.4170
    556.2152
    556.2152
    561.0129
    561.4384
    556.2152
    556.2152
    615.0786
    627.4170
    556.2152
    556.1637
    557.3647
    565.0228
    556.1637
    555.4430
    612.8485
    628.0496
    555.4430
    555.4430
    560.6377
    560.2649
    555.4430
    555.4430
    612.8485
    628.0496
    555.4430
    555.2481
    556.8476
    563.7045
    555.2481
    554.6770
    614.3052
    625.1499
    554.6770
    554.6770
    559.2722
    560.1052
    554.6770
    554.6872
    610.6357
    628.6982
    554.6872
    554.3490
    556.3469
    562.4029
    554.3490
    553.8979
    612.0681
    625.7759
    553.8979
    553.8979
    558.8902
    558.9249
    553.8979
    553.8979
    612.0681
    625.7759
    553.8979
    553.7778
    555.1739
    562.4402
    553.7778
    553.1455
    613.5391
    622.8890
    553.1455
    553.1455
    557.5380
    558.7789
    553.1455
    553.1354
    609.8482
    626.4178
    553.1354
    552.8720
    554.6664
    561.1317
    552.8720
    552.3595
    611.2949
    623.5083
    552.3595
    552.3595
    557.1491
    557.5916
    552.3595
    552.3595
    611.2949
    623.5083
    552.3595
    552.3144
    553.5069
    561.1828
    552.3144
    551.5901
    609.0680
    624.1435
    551.5901
    551.4016
    552.9925
    559.8674
    551.4016
    550.8372
    606.8583
    624.7945
    550.8372
    550.8372
    556.4205
    555.2673
    550.8372
    550.8278
    610.5291
    621.2468
    550.8278
    550.8576
    551.8463
    559.9323
    550.8576
    550.0516
    608.2951
    621.8753
    550.0516
    550.0516
    555.0353
    555.0878
    550.0516
    550.0516
    608.2951
    621.8753
    550.0516
    549.9380
    551.3251
    558.6100
    549.9380
    549.2918
    606.0783
    622.5196
    549.2918
    549.2918
    554.6723
    553.9271
    549.2918
    549.3028
    609.7705
    618.9914
    549.3028
    549.4076
    562.9442
    568.1980
    549.3028
    549.4076
    553.5420
    552.9925
    549.3028
    549.3028
    553.6866
    554.9457
    549.3028
    549.2918
    606.0783
    622.5196
    549.2918
    549.0349
    550.8203
    557.3045
    549.0349
    548.5197
    607.5295
    619.6132
    548.5197
    548.5197
    553.3005
    553.7614
    548.5197
    548.5197
    607.5295
    619.6132
    548.5197
    548.4811
    549.6644
    557.3595
    548.4811
    547.7531
    605.3056
    620.2508
    547.7531
    547.7531
    552.9307
    552.5937
    547.7531
    547.7531
    605.3056
    620.2508
    547.7531
    547.5711
    549.1527
    556.0470
    547.5711
    546.9945
    606.7711
    617.3572
    546.9945
    546.9945
    551.5722
    552.4417
    546.9945
    547.0029
    603.0989
    620.9044
    547.0029
    546.6778
    548.6575
    554.7513
    546.6778
    546.2210
    604.5402
    617.9881
    546.2210
    546.1141
    547.4917
    554.7965
    546.1141
    545.4640
    602.3265
    618.6350
    545.4640
    545.4640
    550.8352
    550.1094
    545.4640
    545.4760
    606.0200
    615.1073
    545.4760
    545.5875
    559.1531
    564.3402
    545.4760
    545.5875
    549.7361
    549.1527
    545.4760
    545.4760
    549.8505
    551.1290
    545.4760
    545.4640
    602.3265
    618.6350
    545.4640
    545.2138
    546.9896
    553.4939
    545.2138
    544.6956
    603.7821
    615.7316
    544.6956
    544.6956
    549.4670
    549.9475
    544.6956
    544.6956
    603.7821
    615.7316
    544.6956
    544.6638
    545.8373
    553.5528
    544.6638
    543.9318
    601.5613
    616.3717
    543.9318
    543.9318
    549.0998
    548.7827
    543.9318
    543.9318
    601.5613
    616.3717
    543.9318
    543.7566
    545.3283
    552.2433
    543.7566
    543.1770
    603.0313
    613.4811
    543.1770
    543.1770
    547.7450
    548.6347
    543.1770
    543.1844
    599.3577
    617.0277
    543.1844
    542.8661
    544.8357
    550.9505
    542.8661
    542.4062
    600.8034
    614.1146
    542.4062
    542.4062
    547.3710
    547.4630
    542.4062
    542.4062
    600.8034
    614.1146
    542.4062
    542.3062
    543.6736
    550.9996
    542.3062
    541.6520
    598.5927
    614.7639
    541.6520
    541.6520
    547.0133
    546.3080
    541.6520
    541.6650
    602.2877
    611.2368
    541.6650
    541.7835
    555.3790
    560.4971
    541.6650
    541.7835
    545.9466
    545.3283
    541.6650
    541.6650
    546.0295
    547.3287
    541.6650
    541.6520
    598.5927
    614.7639
    541.6520
    541.4087
    543.1742
    549.6998
    541.4087
    540.8874
    600.0528
    611.8636
    540.8874
    540.8874
    545.6486
    546.1501
    540.8874
    540.8874
    600.0528
    611.8636
    540.8874
    540.8625
    542.0255
    549.7628
    540.8625
    540.1262
    597.8351
    612.5061
    540.1262
    540.1262
    545.2841
    544.9881
    540.1262
    540.1262
    597.8351
    612.5061
    540.1262
    539.9582
    541.5192
    548.4561
    539.9582
    539.3816
    595.6345
    613.1646
    539.3816
    539.0703
    541.0293
    547.1662
    539.0703
    538.6072
    597.0847
    610.2545
    538.6072
    538.6072
    543.5615
    543.6752
    538.6072
    538.6072
    597.0847
    610.2545
    538.6072
    538.5143
    539.8709
    547.2193
    538.5143
    537.8698
    598.5736
    607.3799
    537.8698
    537.8698
    542.2236
    543.5449
    537.8698
    537.8557
    594.8771
    610.9063
    537.8557
    537.6196
    539.3741
    545.9224
    537.6196
    537.0949
    596.3417
    608.0091
    537.0949
    537.0949
    541.8454
    542.3691
    537.0949
    537.0949
    596.3417
    608.0091
    537.0949
    537.0773
    538.2291
    545.9895
    537.0773
    536.3364
    594.1269
    608.6541
    536.3364
    536.3364
    541.4835
    541.2099
    536.3364
    536.3364
    594.1269
    608.6541
    536.3364
    536.1756
    537.7255
    544.6856
    536.1756
    535.5945
    591.9293
    609.3149
    535.5945
    535.5945
    541.1379
    540.0675
    535.5945
    535.5892
    595.6060
    605.7697
    535.5892
    535.6470
    536.5940
    544.7665
    535.6470
    534.8239
    593.3841
    606.4080
    534.8239
    534.8239
    539.7672
    539.9038
    534.8239
    534.8239
    593.3841
    606.4080
    534.8239
    534.7384
    536.0835
    543.4557
    534.7384
    534.0751
    591.1794
    607.0621
    534.0751
    534.0751
    539.4147
    538.7544
    534.0751
    534.0751
    591.1794
    607.0621
    534.0751
    533.8464
    535.5893
    542.1616
    533.8464
    533.3181
    592.6486
    604.1681
    533.3181
    533.3181
    538.0574
    538.6045
    533.3181
    533.3181
    592.6486
    604.1681
    533.3181
    533.3080
    534.4481
    542.2328
    533.3080
    532.5624
    590.4369
    604.8155
    532.5624
    532.5624
    537.6980
    537.4481
    532.5624
    532.5624
    590.4369
    604.8155
    532.5624
    532.4091
    533.9471
    540.9317
    532.4091
    531.8191
    591.9205
    601.9343
    531.8191
    531.8191
    536.3541
    537.3121
    531.8191
    531.8231
    588.2422
    605.4787
    531.8231
    531.5267
    533.4624
    539.6474
    531.5267
    531.0564
    589.7016
    602.5750
    531.0564
    530.9785
    532.3115
    539.7087
    530.9785
    530.3102
    587.4999
    603.2315
    530.3102
    530.3102
    535.6380
    535.0021
    530.3102
    530.3267
    591.1996
    599.7067
    530.3267
    530.3267
    534.6574
    536.0265
    530.3267
    530.3102
    587.4999
    603.2315
    530.3102
    530.0892
    531.8199
    538.4174
    530.0892
    529.5571
    588.9737
    600.3406
    529.5571
    529.5571
    534.2844
    534.8563
    529.5571
    529.5571
    588.9737
    600.3406
    529.5571
    529.5547
    530.6825
    538.4927
    529.5547
    528.8040
    586.7649
    600.9904
    528.8040
    528.8040
    533.9276
    533.7027
    528.8040
    528.8040
    586.7649
    600.9904
    528.8040
    528.6585
    530.1840
    537.1944
    528.6585
    528.0674
    584.5732
    601.6560
    528.0674
    527.7787
    529.7019
    535.9128
    527.7787
    527.3046
    586.0372
    598.7555
    527.3046
    527.3046
    532.2238
    532.4101
    527.3046
    527.3046
    586.0372
    598.7555
    527.3046
    527.2346
    528.5547
    535.9783
    527.2346
    526.5610
    583.8384
    599.4143
    526.5610
    526.5610
    583.8384
    599.4143
    526.5610
    526.3479
    528.0657
    534.6898
    526.3479
    525.8119
    585.3168
    596.5267
    525.8119
    525.8119
    530.5265
    531.1245
    525.8119
    525.8119
    585.3168
    596.5267
    525.8119
    525.8174
    526.9321
    534.7692
    525.8174
    525.0614
    583.1109
    597.1788
    525.0614
    525.0614
    530.1723
    529.9736
    525.0614
    525.0614
    583.1109
    597.1788
    525.0614
    524.9238
    526.4362
    533.4737
    524.9238
    524.3259
    584.6038
    594.3041
    524.3259
    524.3259
    528.8359
    529.8457
    524.3259
    524.3274
    580.9221
    597.8467
    524.3274
    524.0467
    525.9567
    532.1949
    524.0467
    523.5685
    582.3908
    594.9494
    523.5685
    523.5685
    528.4747
    528.6878
    523.5685
    523.5685
    582.3908
    594.9494
    523.5685
    523.5066
    524.8133
    532.2646
    523.5066
    522.8276
    580.1949
    595.6106
    522.8276
    522.8276
    528.1299
    527.5466
    522.8276
    522.8276
    580.1949
    595.6106
    522.8276
    522.6225
    524.3269
    530.9787
    522.6225
    522.0824
    581.6781
    592.7262
    522.0824
    522.0824
    526.7838
    527.4090
    522.0824
    522.0824
    581.6781
    592.7262
    522.0824
    522.0961
    523.1971
    531.0624
    522.0961
    521.3345
    579.4750
    593.3806
    521.3345
    521.3345
    526.4320
    526.2608
    521.3345
    521.3345
    579.4750
    593.3806
    521.3345
    521.2051
    522.7037
    529.7696
    521.2051
    520.6031
    577.2891
    594.0509
    520.6031
    520.3306
    522.2267
    528.4935
    520.3306
    519.8482
    578.7625
    591.1569
    519.8482
    519.8482
    524.7408
    524.9819
    519.8482
    519.8482
    578.7625
    591.1569
    519.8482
    519.8482
    524.7408
    524.9819
    519.8482
    519.8482
    578.7625
    591.1569
    519.8482
    519.7945
    521.0873
    528.5674
    519.7945
    519.1098
    576.5695
    591.8203
    519.1098
    518.9131
    520.6033
    527.2843
    518.9131
    518.3686
    578.0574
    588.9393
    518.3686
    518.3686
    523.0561
    523.7100
    518.3686
    518.3686
    578.0574
    588.9393
    518.3686
    518.3686
    523.0561
    523.7100
    518.3686
    518.3879
    574.3936
    592.4996
    518.3879
    518.0481
    520.1357
    526.0178
    518.0481
    517.6233
    575.8572
    589.5960
    517.6233
    517.5023
    518.9866
    526.0820
    517.5023
    516.8958
    577.3596
    586.7279
    516.8958
    516.8958
    521.3781
    522.4449
    516.8958
    516.8945
    573.6742
    590.2684
    516.8945
    516.6305
    518.5120
    524.8086
    516.6305
    516.1436
    575.1523
    587.3778
    516.1436
    516.1436
    521.0219
    521.2924
    516.1436
    516.1436
    575.1523
    587.3778
    516.1436
    516.0984
    517.3765
    524.8868
    516.0984
    515.4078
    572.9621
    588.0435
    515.4078
    515.4078
    520.6820
    520.1565
    515.4078
    515.4298
    576.6692
    584.5226
    515.4298
    515.4298
    519.7066
    521.1868
    515.4298
    515.4078
    572.9621
    588.0435
    515.4078
    515.2196
    516.8950
    523.6064
    515.2196
    514.6706
    574.4548
    585.1658
    514.6706
    514.6706
    519.3436
    520.0273
    514.6706
    514.6884
    570.7890
    588.7250
    514.6884
    514.3572
    516.4298
    522.3426
    514.3572
    513.9278
    572.2574
    585.8247
    513.9278
    513.8155
    515.2847
    522.4111
    513.8155
    513.2044
    573.7646
    582.9600
    513.2044
    513.2044
    517.6718
    518.7691
    513.2044
    513.2015
    570.0772
    586.4995
    513.2015
    512.9462
    514.8126
    521.1403
    512.9462
    512.4547
    571.5601
    583.6122
    512.4547
    512.4547
    517.3181
    517.6192
    512.4547
    512.4547
    571.5601
    583.6122
    512.4547
    512.4183
    513.6810
    521.2228
    512.4183
    511.7214
    569.3728
    584.2801
    511.7214
    511.7214
    516.9806
    516.4860
    511.7214
    511.7214
    569.3728
    584.2801
    511.7214
    511.5420
    513.2020
    519.9450
    511.5420
    510.9883
    570.8702
    581.4058
    510.9883
    510.9883
    515.6461
    516.3610
    510.9883
    510.9883
    570.8702
    581.4058
    510.9883
    510.9883
    515.6461
    516.3610
    510.9883
    511.0045
    567.2025
    584.9638
    511.0045
    510.6821
    512.7393
    518.6839
    510.6821
    510.2480
    568.6757
    582.0669
    510.2480
    510.1446
    511.5981
    518.7567
    510.1446
    509.5287
    570.1877
    579.2056
    509.5287
    509.5287
    513.9807
    515.1097
    509.5287
    509.5242
    566.4983
    582.7439
    509.5242
    509.2778
    511.1284
    517.4886
    509.2778
    508.7815
    567.9860
    579.8600
    508.7815
    508.7815
    513.6294
    513.9624
    508.7815
    508.7815
    567.9860
    579.8600
    508.7815
    508.7541
    510.0008
    517.5754
    508.7541
    508.0507
    565.8015
    580.5301
    508.0507
    508.0507
    513.2943
    512.8317
    508.0507
    508.0507
    565.8015
    580.5301
    508.0507
    507.8803
    509.5242
    516.3002
    507.8803
    507.3217
    567.3037
    577.6592
    507.3217
    507.3217
    511.9637
    512.7111
    507.3217
    507.3217
    567.3037
    577.6592
    507.3217
    507.3217
    511.9637
    512.7111
    507.3217
    507.3363
    563.6339
    581.2161
    507.3363
    507.0230
    509.0639
    515.0417
    507.0230
    506.5839
    565.1120
    578.3226
    506.5839
    506.4896
    507.9267
    515.1189
    506.4896
    505.8687
    566.6288
    575.4646
    505.8687
    505.8687
    510.3046
    511.4667
    505.8687
    505.8626
    562.9374
    579.0017
    505.8626
    505.6253
    507.4595
    513.8534
    505.6253
    505.1240
    564.4300
    576.1212
    505.1240
    505.1240
    509.9557
    510.3219
    505.1240
    505.1240
    564.4300
    576.1212
    505.1240
    505.1058
    506.3359
    513.9446
    505.1058
    504.3956
    562.2482
    576.7936
    504.3956
    504.3956
    509.6229
    509.1938
    504.3956
    504.3956
    562.2482
    576.7936
    504.3956
    504.2345
    505.8617
    512.6720
    504.2345
    503.6708
    563.7553
    573.9261
    503.6708
    503.6708
    508.2963
    509.0775
    503.6708
    503.6708
    563.7553
    573.9261
    503.6708
    503.6708
    508.2963
    509.0775
    503.6708
    503.6837
    560.0834
    577.4817
    503.6837
    503.3797
    505.4038
    511.4161
    503.3797
    502.9355
    561.5664
    574.5916
    502.9355
    502.8505
    504.2706
    511.4977
    502.8505
    502.2244
    563.0881
    571.7371
    502.2244
    502.2244
    506.6436
    507.8400
    502.2244
    502.2166
    559.3944
    575.2729
    502.2166
    501.9887
    503.8058
    510.2347
    501.9887
    501.4821
    560.8920
    572.3959
    501.4821
    501.4821
    506.2970
    506.6978
    501.4821
    501.4821
    560.8920
    572.3959
    501.4821
    501.4821
    506.2970
    506.6978
    501.4821
    501.5140
    557.2396
    575.9700
    501.5140
    501.1433
    503.3572
    508.9884
    501.1433
    500.7849
    562.4283
    569.5544
    500.7849
    500.7849
    504.9975
    506.6094
    500.7849
    500.7563
    558.7129
    573.0704
    500.7563
    500.6046
    502.2145
    509.0603
    500.6046
    500.0467
    556.5509
    573.7607
    500.0467
    499.7522
    501.7589
    507.8070
    499.7522
    499.3027
    504.3067
    504.3276
    499.3027
    499.3027
    558.0387
    570.8741
    499.3027
    499.3027
    504.3067
    504.3276
    499.3027
    499.3027
    558.0387
    570.8741
    499.3027
    499.2273
    500.6298
    507.8930
    499.2273
    498.5959
    559.5654
    568.0231
    498.5959
    498.5959
    502.9976
    504.2296
    498.5959
    498.5862
    555.8695
    571.5576
    498.5862
    498.3680
    500.1673
    506.6326
    498.3680
    497.8560
    557.3720
    568.6840
    497.8560
    497.8560
    502.6534
    503.0900
    497.8560
    497.8560
    557.3720
    568.6840
    497.8560
    497.8560
    502.6534
    503.0900
    497.8560
    497.8861
    553.7174
    572.2567
    497.8861
    497.5250
    499.7211
    505.3888
    497.5250
    497.1629
    558.9133
    565.8461
    497.1629
    497.1629
    501.3579
    503.0060
    497.1629
    497.1325
    555.1956
    569.3607
    497.1325
    496.9906
    498.5825
    505.4652
    496.9906
    496.4254
    553.0363
    570.0530
    496.4254
    496.1406
    498.1293
    504.2143
    496.1406
    495.6856
    554.5291
    567.1700
    495.6856
    495.6856
    500.6718
    500.7292
    495.6856
    495.6856
    554.5291
    567.1700
    495.6856
    495.6200
    497.0043
    504.3048
    495.6200
    494.9830
    556.0608
    564.3225
    494.9830
    494.9830
    499.3668
    500.6356
    494.9830
    494.9715
    552.3626
    567.8555
    494.9715
    494.9715
    500.3530
    499.6156
    494.9715
    494.9715
    552.3626
    567.8555
    494.9715
    494.7631
    496.5441
    503.0469
    494.7631
    494.2455
    553.8701
    564.9855
    494.2455
    494.2455
    499.0248
    499.4985
    494.2455
    494.2455
    553.8701
    564.9855
    494.2455
    494.2564
    495.4328
    503.1515
    494.2564
    493.5244
    551.6964
    565.6643
    493.5244
    493.5244
    498.6991
    498.3779
    493.5244
    493.5244
    551.6964
    565.6643
    493.5244
    493.3924
    494.9657
    501.8865
    493.3924
    492.8123
    553.2184
    562.8073
    492.8123
    492.8123
    497.3846
    498.2747
    492.8123
    492.8197
    549.5397
    566.3588
    492.8197
    492.5449
    494.5148
    500.6382
    492.5449
    492.0842
    551.0376
    563.4792
    492.0842
    492.0842
    497.0519
    497.1471
    492.0842
    492.0842
    551.0376
    563.4792
    492.0842
    492.0286
    493.3940
    500.7332
    492.0286
    491.3858
    552.5742
    560.6353
    491.3858
    491.3858
    495.7509
    497.0580
    491.3858
    491.3725
    548.8737
    564.1669
    491.3725
    491.1741
    492.9361
    499.4778
    491.1741
    490.6507
    550.3862
    561.3005
    490.6507
    490.6507
    495.4113
    495.9233
    490.6507
    490.6507
    550.3862
    561.3005
    490.6507
    490.6717
    491.8290
    499.5869
    490.6717
    489.9320
    548.2151
    561.9813
    489.9320
    489.9320
    495.0878
    494.8052
    489.9320
    489.9320
    548.2151
    561.9813
    489.9320
    489.8102
    491.3641
    498.3245
    489.8102
    489.2296
    546.0611
    562.6778
    489.2296
    489.2296
    494.7805
    493.7036
    489.2296
    489.2241
    549.7422
    559.1279
    489.2241
    489.3217
    490.2707
    498.4477
    489.3217
    488.4984
    547.5640
    559.8019
    488.4984
    488.4984
    493.4469
    493.5813
    488.4984
    488.4984
    547.5640
    559.8019
    488.4984
    488.4531
    489.7989
    497.1781
    488.4531
    487.7890
    545.4028
    560.4916
    487.7890
    487.7890
    493.1327
    492.4727
    487.7890
    487.7890
    545.4028
    560.4916
    487.7890
    487.6010
    489.3433
    495.9252
    487.6010
    487.0716
    546.9203
    557.6288
    487.0716
    487.0716
    491.8128
    492.3645
    487.0716
    487.0716
    546.9203
    557.6288
    487.0716
    487.1030
    488.2404
    496.0389
    487.1030
    486.3552
    544.7519
    558.3117
    486.3552
    486.3552
    491.4915
    491.2487
    486.3552
    486.3552
    544.7519
    558.3117
    486.3552
    486.2438
    487.7778
    494.7789
    486.2438
    485.6517
    546.2841
    555.4619
    485.6517
    485.6517
    490.1853
    491.1546
    485.6517
    485.6552
    542.6005
    559.0103
    485.6552
    485.4010
    487.3315
    493.5355
    485.4010
    484.9283
    544.1085
    556.1379
    484.9283
    484.9283
    489.8570
    490.0318
    484.9283
    484.9283
    544.1085
    556.1379
    484.9283
    484.8935
    486.2190
    493.6396
    484.8935
    484.2212
    541.9499
    556.8297
    484.2212
    484.2212
    489.5450
    488.9256
    484.2212
    484.2386
    545.6553
    553.3013
    484.2386
    484.2386
    488.5644
    489.9518
    484.2386
    484.2212
    541.9499
    556.8297
    484.2212
    484.0437
    485.7657
    492.3891
    484.0437
    483.5081
    543.4725
    553.9705
    483.5081
    483.5081
    488.2292
    488.8219
    483.5081
    483.5305
    539.8082
    557.5372
    483.5305
    483.2102
    485.3286
    491.1552
    483.2102
    482.8323
    545.0340
    551.1469
    482.8323
    482.8323
    486.9503
    488.7559
    482.8323
    482.7940
    541.3067
    554.6554
    482.7940
    482.6932
    484.2067
    491.2498
    482.6932
    482.0963
    539.1578
    555.3560
    482.0963
    482.0963
    487.6074
    486.6118
    482.0963
    482.0949
    542.8440
    551.8093
    482.0949
    482.2136
    495.8374
    500.9657
    482.0949
    482.2136
    486.3854
    485.7657
    482.0949
    482.0949
    486.6081
    487.6190
    482.0949
    482.0963
    539.1578
    555.3560
    482.0963
    481.8528
    483.7626
    490.0088
    481.8528
    481.3738
    540.6709
    552.4873
    481.3738
    481.3738
    486.2821
    486.4986
    481.3738
    481.3738
    540.6709
    552.4873
    481.3738
    481.3497
    482.6544
    490.1176
    481.3497
    480.6690
    538.5149
    553.1811
    480.6690
    480.6690
    485.9723
    485.3948
    480.6690
    480.6690
    538.5149
    553.1811
    480.6690
    480.5022
    482.2033
    488.8695
    480.5022
    479.9603
    540.0427
    550.3256
    479.9603
    479.9603
    484.6607
    485.2957
    479.9603
    479.9603
    540.0427
    550.3256
    479.9603
    480.0131
    481.1089
    488.9925
    480.0131
    479.2485
    537.8794
    551.0125
    479.2485
    479.2485
    484.3439
    484.1847
    479.2485
    479.2485
    537.8794
    551.0125
    479.2485
    479.1586
    480.6508
    487.7373
    479.1586
    478.5530
    535.7332
    551.7151
    478.5530
    478.5530
    484.0432
    483.0903
    478.5530
    478.5537
    539.4219
    548.1700
    478.5537
    478.6834
    492.3531
    497.3730
    478.5537
    478.6834
    482.8777
    482.2033
    478.5537
    478.5537
    483.0460
    484.0997
    478.5537
    478.5530
    535.7332
    551.7151
    478.5530
    478.3204
    480.2089
    486.4987
    478.3204
    477.8349
    537.2514
    548.8501
    477.8349
    477.8349
    482.7222
    482.9817
    477.8349
    477.8349
    537.2514
    548.8501
    477.8349
    477.8218
    479.1050
    486.6121
    477.8218
    477.1324
    535.0979
    549.5459
    477.1324
    477.1324
    482.4145
    481.8802
    477.1324
    477.1540
    538.8086
    546.0208
    477.1540
    477.3607
    491.3419
    495.5940
    477.1540
    477.3607
    481.7100
    480.6508
    477.1540
    477.1540
    481.4381
    482.9108
    477.1540
    477.1324
    535.0979
    549.5459
    477.1324
    476.9766
    478.6561
    485.3664
    476.9766
    476.4281
    536.6309
    546.6940
    476.4281
    476.4281
    481.1072
    481.7857
    476.4281
    476.4462
    532.9614
    550.2573
    476.4462
    476.1478
    478.2234
    484.1373
    476.1478
    475.7186
    534.4702
    547.3829
    475.7186
    475.7186
    480.7926
    480.6771
    475.7186
    475.7186
    534.4702
    547.3829
    475.7186
    475.6397
    477.1101
    484.2412
    475.6397
    475.0282
    536.0179
    544.5442
    475.0282
    475.0282
    479.4990
    480.5968
    475.0282
    475.0253
    532.3265
    548.0875
    475.0253
    474.8038
    476.6704
    483.0050
    474.8038
    474.3116
    533.8499
    545.2262
    474.3116
    474.3116
    479.1773
    479.4811
    474.3116
    474.3116
    533.8499
    545.2262
    474.3116
    474.3098
    475.5708
    483.1231
    474.3098
    473.6114
    531.6990
    545.9239
    473.6114
    473.6114
    478.8717
    478.3819
    473.6114
    473.6352
    535.4123
    542.4007
    473.6352
    473.6352
    477.8974
    479.4148
    473.6352
    473.6114
    531.6990
    545.9239
    473.6114
    473.4668
    475.1241
    481.8798
    473.4668
    472.9274
    529.5650
    546.6373
    472.9274
    472.6403
    474.6935
    480.6530
    472.6403
    472.2043
    531.0789
    543.7667
    472.2043
    472.2043
    477.2562
    477.1858
    472.2043
    472.2491
    534.8143
    540.2634
    472.2491
    472.2491
    476.3026
    478.2400
    472.2491
    472.2043
    531.0789
    543.7667
    472.2043
    472.1368
    473.5846
    480.7617
    472.1368
    471.5132
    528.9377
    544.4732
    471.5132
    471.5132
    476.9598
    476.0960
    471.5132
    471.5132
    528.9377
    544.4732
    471.5132
    471.3031
    473.1470
    479.5278
    471.3031
    470.8040
    530.4664
    541.6157
    470.8040
    470.8040
    475.6473
    475.9967
    470.8040
    470.8040
    530.4664
    541.6157
    470.8040
    470.8136
    472.0518
    479.6507
    470.8136
    470.1060
    528.3179
    542.3153
    470.1060
    470.1060
    475.3439
    474.8998
    470.1060
    470.1321
    532.0341
    538.7939
    470.1321
    470.3616
    484.4382
    488.4644
    470.1321
    470.3616
    474.7577
    473.5846
    470.1321
    470.1321
    474.3718
    475.9352
    470.1321
    470.1060
    528.3179
    542.3153
    470.1060
    469.9729
    471.6072
    478.4097
    469.9729
    469.4242
    526.1864
    543.0306
    469.4242
    469.4242
    475.0566
    473.8195
    469.4242
    469.4107
    529.8614
    539.4710
    469.4107
    469.4974
    470.5259
    478.5468
    469.4974
    468.7056
    527.7057
    540.1638
    468.7056
    468.7056
    473.7347
    473.7107
    468.7056
    468.7056
    527.7057
    540.1638
    468.7056
    468.6496
    470.0743
    477.2987
    468.6496
    468.0167
    525.5669
    540.8722
    468.0167
    468.0167
    473.4404
    472.6232
    468.0167
    468.0242
    529.2639
    537.3326
    468.0242
    468.1882
    482.0011
    486.6818
    468.0242
    468.1882
    472.4528
    471.6072
    468.0242
    468.0242
    472.4498
    473.6397
    468.0242
    468.0167
    525.5669
    540.8722
    468.0167
    467.8182
    469.6388
    476.0671
    467.8182
    467.3120
    527.1009
    538.0185
    467.3120
    467.3120
    472.1323
    472.5286
    467.3120
    467.3120
    527.1009
    538.0185
    467.3120
    467.3333
    468.5481
    476.1947
    467.3333
    466.6161
    524.9549
    538.7200
    466.6161
    466.6161
    471.8310
    471.4340
    466.6161
    466.6161
    524.9549
    538.7200
    466.6161
    466.4948
    468.1056
    474.9560
    466.4948
    465.9254
    526.5036
    535.8795
    465.9254
    465.9254
    470.5366
    471.3536
    465.9254
    465.9365
    522.8258
    539.4372
    465.9365
    465.6726
    467.6793
    473.7339
    465.6726
    465.2224
    524.3504
    536.5742
    465.2224
    465.2224
    470.2283
    470.2519
    465.2224
    465.2224
    524.3504
    536.5742
    465.2224
    465.1783
    466.5791
    473.8521
    465.1783
    464.5457
    525.9139
    533.7468
    464.5457
    464.5457
    468.9477
    470.1856
    464.5457
    464.5358
    522.2141
    537.2845
    464.5358
    464.5358
    469.9360
    469.1667
    464.5358
    464.5457
    525.9139
    533.7468
    464.5457
    464.7215
    478.5841
    483.1470
    464.5457
    464.7215
    469.0105
    468.1056
    464.5457
    464.5457
    468.9477
    470.1856
    464.5457
    464.5358
    522.2141
    537.2845
    464.5358
    464.3491
    466.1458
    472.6228
    464.3491
    463.8356
    523.7534
    534.4346
    463.8356
    463.8356
    468.6323
    469.0768
    463.8356
    463.8356
    523.7534
    534.4346
    463.8356
    463.8688
    465.0595
    472.7553
    463.8688
    463.1419
    521.6098
    535.1380
    463.1419
    463.1419
    468.3330
    467.9845
    463.1419
    463.1419
    521.6098
    535.1380
    463.1419
    463.0325
    464.6191
    471.5189
    463.0325
    462.4645
    519.4832
    535.8571
    462.4645
    462.4645
    468.0498
    466.9086
    462.4645
    462.4558
    523.1639
    532.3014
    462.4558
    462.5663
    476.1662
    481.3813
    462.4558
    462.5663
    466.7242
    466.1458
    462.4558
    462.4558
    467.0431
    467.9088
    462.4558
    462.4558
    523.1639
    532.3014
    462.4558
    462.5663
    476.1662
    481.3813
    462.4558
    462.5663
    466.7242
    466.1458
    462.4558
    462.4558
    467.0431
    467.9088
    462.4558
    462.4645
    519.4832
    535.8571
    462.4645
    462.2125
    464.1949
    470.2990
    462.2125
    461.7549
    521.0131
    532.9979
    461.7549
    461.7549
    466.7368
    466.8093
    461.7549
    461.7549
    521.0131
    532.9979
    461.7549
    461.7228
    463.0992
    470.4220
    461.7228
    461.0704
    518.8792
    533.7101
    461.0704
    461.0704
    466.4465
    465.7263
    461.0704
    461.0828
    522.5820
    530.1744
    461.0828
    461.2707
    475.1840
    479.6268
    461.0828
    461.2707
    465.5846
    464.6191
    461.0828
    461.0828
    465.4606
    466.7479
    461.0828
    461.0704
    518.8792
    533.7101
    461.0704
    460.8958
    462.6679
    469.1950
    460.8958
    460.3749
    520.4239
    530.8641
    460.3749
    460.3749
    465.1472
    465.6413
    460.3749
    460.3749
    520.4239
    530.8641
    460.3749
    460.4202
    461.5861
    469.3324
    460.4202
    459.6833
    518.2827
    531.5693
    459.6833
    459.6833
    464.8500
    464.5511
    459.6833
    459.6833
    518.2827
    531.5693
    459.6833
    459.5860
    461.1478
    468.0982
    459.5860
    459.0017
    519.8422
    528.7366
    459.0017
    459.0017
    463.5645
    464.4803
    459.0017
    459.0079
    516.1585
    532.2902
    459.0079
    459.0079
    464.5688
    463.4774
    459.0079
    459.0017
    519.8422
    528.7366
    459.0017
    459.1245
    472.7755
    477.8692
    459.0017
    459.1245
    463.3076
    462.6679
    459.0017
    459.0017
    463.5645
    464.4803
    459.0017
    459.0079
    516.1585
    532.2902
    459.0079
    458.7682
    460.7256
    466.8805
    458.7682
    458.3030
    517.6938
    529.4349
    458.3030
    458.3030
    463.2602
    463.3830
    458.3030
    458.3030
    517.6938
    529.4349
    458.3030
    458.2832
    459.6344
    467.0085
    458.2832
    457.6206
    515.5623
    530.1489
    457.6206
    457.6206
    462.9720
    462.3022
    457.6206
    457.6355
    519.2680
    526.6154
    457.6355
    457.8357
    471.8006
    476.1210
    457.6355
    457.8357
    462.1750
    461.1478
    457.6355
    457.6355
    461.9885
    463.3264
    457.6355
    457.6206
    515.5623
    530.1489
    457.6206
    457.4583
    459.2052
    465.7837
    457.4583
    456.9297
    517.1123
    527.3068
    456.9297
    456.9297
    461.6771
    462.2220
    456.9297
    456.9297
    517.1123
    527.3068
    456.9297
    456.9874
    458.1279
    465.9259
    456.9874
    456.2402
    514.9736
    528.0139
    456.2402
    456.2402
    461.3819
    461.1340
    456.2402
    456.2402
    514.9736
    528.0139
    456.2402
    456.1553
    457.6916
    464.6939
    456.1553
    455.5669
    512.8517
    528.7366
    455.5669
    455.5669
    461.1027
    460.0625
    455.5669
    455.5633
    516.5385
    525.1851
    455.5633
    455.6985
    469.4017
    474.3716
    455.5633
    455.6985
    459.9072
    459.2052
    455.5633
    455.5633
    460.1008
    461.0680
    455.5633
    455.5669
    512.8517
    528.7366
    455.5669
    455.3396
    457.2714
    463.4785
    455.3396
    454.8667
    514.3924
    525.8852
    454.8667
    454.8667
    459.7985
    459.9729
    454.8667
    454.8667
    514.3924
    525.8852
    454.8667
    454.8594
    456.1848
    463.6114
    454.8594
    454.2038
    515.9721
    523.0696
    454.2038
    454.2038
    458.5313
    459.9211
    454.2038
    454.1863
    512.2633
    526.6010
    454.1863
    454.1863
    459.5123
    458.8943
    454.1863
    454.1863
    512.2633
    526.6010
    454.1863
    454.0365
    455.7576
    462.3888
    454.0365
    453.5001
    513.8188
    523.7629
    453.5001
    453.5001
    458.2220
    458.8189
    453.5001
    453.5001
    513.8188
    523.7629
    453.5001
    453.5704
    454.6849
    462.5359
    453.5704
    452.8127
    511.6824
    524.4718
    452.8127
    452.8127
    457.9287
    457.7331
    452.8127
    452.8127
    511.6824
    524.4718
    452.8127
    452.7404
    454.2506
    461.3062
    452.7404
    452.1415
    509.5629
    525.1963
    452.1415
    452.1415
    457.6515
    456.6638
    452.1415
    452.1405
    513.2528
    521.6469
    452.1405
    452.2884
    466.0446
    470.8885
    452.1405
    452.2884
    456.5232
    455.7576
    452.1405
    452.1405
    456.6521
    457.6720
    452.1405
    452.1415
    509.5629
    525.1963
    452.1415
    451.9268
    453.8324
    460.0929
    451.9268
    451.4459
    511.1091
    522.3489
    451.4459
    451.4459
    456.3518
    456.5791
    451.4459
    451.4459
    511.1091
    522.3489
    451.4459
    451.4514
    452.7504
    460.2307
    451.4514
    450.7676
    508.9823
    523.0664
    450.7676
    450.7676
    456.0676
    455.5026
    450.7676
    450.7878
    512.6943
    519.5372
    450.7878
    450.7878
    455.0891
    456.5322
    450.7878
    450.7676
    508.9823
    523.0664
    450.7676
    450.6306
    452.3251
    459.0103
    450.6306
    450.0861
    510.5433
    520.2323
    450.0861
    450.0861
    454.7817
    455.4321
    450.0861
    450.1056
    506.8724
    523.7996
    450.1056
    449.8262
    451.9160
    457.8064
    449.8262
    449.4007
    508.4092
    520.9429
    449.4007
    449.3414
    450.8247
    457.9349
    449.3414
    448.7333
    509.9850
    518.1220
    448.7333
    448.7333
    453.2184
    454.2923
    448.7333
    448.7316
    506.2920
    521.6692
    448.7316
    448.7316
    454.2152
    453.2813
    448.7316
    448.7333
    509.9850
    518.1220
    448.7333
    448.8942
    462.7043
    467.4198
    448.7333
    448.8942
    453.1555
    452.3251
    448.7333
    448.7333
    453.2184
    454.2923
    448.7333
    448.7316
    506.2920
    521.6692
    448.7316
    448.5298
    450.4085
    456.7238
    448.5298
    448.0408
    507.8437
    518.8258
    448.0408
    448.0408
    452.9201
    453.2015
    448.0408
    448.0408
    507.8437
    518.8258
    448.0408
    448.0592
    449.3311
    456.8666
    448.0592
    447.3645
    505.7192
    519.5451
    447.3645
    447.3645
    452.6377
    452.1271
    447.3645
    447.3645
    505.7192
    519.5451
    447.3645
    447.2405
    448.9078
    455.6483
    447.2405
    446.6877
    507.2857
    516.7149
    446.6877
    446.6877
    451.3565
    452.0616
    446.6877
    446.6877
    507.2857
    516.7149
    446.6877
    446.7839
    447.8443
    455.8055
    446.7839
    446.0044
    505.1539
    517.4273
    446.0044
    446.0044
    451.0671
    450.9800
    446.0044
    446.0044
    505.1539
    517.4273
    446.0044
    446.0044
    451.0671
    450.9800
    446.0044
    446.0044
    505.1539
    517.4273
    446.0044
    445.9581
    447.4140
    454.5800
    445.9581
    445.3372
    503.0390
    518.1553
    445.3372
    445.1486
    446.9997
    453.3711
    445.1486
    444.6512
    504.5962
    515.3159
    444.6512
    444.6512
    449.5032
    449.8401
    444.6512
    444.6512
    504.5962
    515.3159
    444.6512
    444.6512
    449.5032
    449.8401
    444.6512
    444.6512
    504.5962
    515.3159
    444.6512
    444.6828
    445.9270
    453.5189
    444.6828
    443.9769
    502.4740
    516.0370
    443.9769
    443.9769
    449.2228
    448.7678
    443.9769
    443.9769
    502.4740
    516.0370
    443.9769
    443.8661
    445.5056
    452.3028
    443.8661
    443.3049
    504.0461
    513.2109
    443.3049
    443.3049
    447.9461
    448.7073
    443.3049
    443.3049
    504.0461
    513.2109
    443.3049
    443.3049
    447.9461
    448.7073
    443.3049
    443.3189
    500.3687
    516.7737
    443.3189
    443.0657
    445.1004
    451.1031
    443.0657
    442.6235
    501.9166
    513.9250
    442.6235
    442.5906
    444.0184
    451.2416
    442.5906
    441.9656
    503.5036
    511.1122
    441.9656
    441.9656
    446.3958
    447.5816
    441.9656
    441.9584
    499.8040
    514.6547
    441.9584
    441.9584
    447.3872
    446.5648
    441.9584
    441.9584
    499.8040
    514.6547
    441.9584
    441.7831
    443.6061
    450.0348
    441.7831
    441.2771
    501.3668
    511.8194
    441.2771
    441.2771
    446.1012
    446.4949
    441.2771
    441.2771
    501.3668
    511.8194
    441.2771
    441.3222
    442.5380
    450.1877
    441.3222
    440.6048
    499.2468
    512.5421
    440.6048
    440.6048
    445.8227
    445.4247
    440.6048
    440.6048
    499.2468
    512.5421
    440.6048
    440.5075
    442.1186
    448.9736
    440.5075
    439.9377
    500.8245
    509.7201
    439.9377
    439.9377
    444.5507
    445.3692
    439.9377
    439.9377
    500.8245
    509.7201
    439.9377
    439.9377
    444.5507
    445.3692
    439.9377
    439.9488
    497.1438
    513.2805
    439.9488
    439.7091
    441.7152
    447.7760
    439.7091
    439.2583
    498.6973
    510.4359
    439.2583
    439.2389
    440.6379
    447.9197
    439.2389
    438.6052
    500.2899
    507.6272
    438.6052
    438.6052
    443.0069
    444.2506
    438.6052
    438.5951
    496.5869
    511.1673
    438.5951
    438.5951
    443.9955
    443.2308
    438.5951
    438.5951
    496.5869
    511.1673
    438.5951
    438.4334
    440.2275
    446.7149
    438.4334
    437.9186
    498.1553
    508.3361
    437.9186
    437.9186
    442.7142
    443.1660
    437.9186
    437.9186
    498.1553
    508.3361
    437.9186
    437.9774
    439.1641
    446.8729
    437.9774
    437.2483
    496.0376
    509.0605
    437.2483
    437.2483
    442.4375
    442.0978
    437.2483
    437.2483
    496.0376
    509.0605
    437.2483
    437.1647
    438.7466
    445.6609
    437.1647
    436.5860
    497.6209
    506.2426
    436.5860
    436.5860
    441.1702
    442.0474
    436.5860
    436.5942
    493.9367
    509.8005
    436.5942
    436.3683
    438.3452
    444.4654
    436.3683
    435.9085
    495.4959
    506.9601
    435.9085
    435.9085
    440.8864
    440.9720
    435.9085
    435.9085
    495.4959
    506.9601
    435.9085
    435.9030
    437.2726
    444.6142
    435.9030
    435.2604
    497.0942
    504.1555
    435.2604
    435.2604
    439.6329
    440.9359
    435.2604
    435.2473
    493.3877
    507.6931
    435.2473
    435.2473
    440.6187
    439.9130
    435.2473
    435.2473
    493.3877
    507.6931
    435.2473
    435.0994
    436.8640
    443.4114
    435.0994
    434.5757
    494.9618
    504.8660
    434.5757
    434.5757
    439.3421
    439.8533
    434.5757
    434.5757
    494.9618
    504.8660
    434.5757
    434.6484
    435.8054
    443.5746
    434.6484
    433.9073
    492.8463
    505.5921
    433.9073
    433.9073
    439.0672
    438.7871
    433.9073
    433.9073
    492.8463
    505.5921
    433.9073
    433.8376
    435.3898
    442.3647
    433.8376
    433.2499
    494.4353
    502.7784
    433.2499
    433.2499
    494.4353
    502.7784
    433.2499
    433.2499
    437.8046
    438.7418
    433.2499
    433.2551
    490.7476
    506.3338
    433.2551
    433.0432
    434.9902
    441.1712
    433.0432
    432.5743
    492.3124
    503.4975
    432.5743
    432.5743
    437.5226
    437.6684
    432.5743
    432.5743
    492.3124
    503.4975
    432.5743
    432.5829
    433.9224
    441.3251
    432.5829
    431.9150
    490.2064
    504.2322
    431.9150
    431.9150
    437.2567
    436.6114
    431.9150
    431.9311
    493.9164
    500.6971
    431.9311
    432.1603
    446.2547
    450.2928
    431.9311
    432.1603
    436.5615
    435.3898
    431.9311
    431.9311
    436.2739
    437.6374
    431.9311
    431.9150
    490.2064
    504.2322
    431.9150
    431.7812
    433.5157
    440.1244
    431.7812
    431.2484
    491.7862
    501.4092
    431.2484
    431.2484
    435.9849
    436.5568
    431.2484
    431.2718
    488.1173
    504.9824
    431.2718
    430.9959
    433.1250
    438.9401
    430.9959
    430.6193
    493.4052
    498.6222
    430.6193
    430.6193
    434.7501
    436.5401
    430.6193
    430.5818
    489.6729
    502.1369
    430.5818
    430.5818
    435.7118
    435.4926
    430.5818
    430.5818
    489.6729
    502.1369
    430.5818
    430.5264
    432.0480
    439.0848
    430.5264
    429.9315
    487.5764
    502.8802
    429.9315
    429.9315
    435.4548
    434.4448
    429.9315
    429.9294
    491.2676
    499.3274
    429.9294
    430.0945
    443.9314
    448.6090
    429.9294
    430.0945
    434.3672
    433.5157
    429.9294
    429.9294
    434.4539
    435.4524
    429.9294
    429.9315
    487.5764
    502.8802
    429.9315
    429.7338
    431.6503
    437.8933
    429.7338
    429.2557
    489.1469
    500.0481
    429.2557
    429.2557
    434.1738
    434.3810
    429.2557
    429.2557
    489.1469
    500.0481
    429.2557
    429.2785
    430.5873
    438.0525
    429.2785
    428.5982
    487.0431
    500.7844
    428.5982
    428.5982
    433.9096
    433.3260
    428.5982
    428.6174
    490.7567
    497.2519
    428.6174
    428.6174
    432.9298
    434.3551
    428.6174
    428.5982
    487.0431
    500.7844
    428.5982
    428.4788
    430.1824
    436.8538
    428.4788
    427.9366
    488.6286
    497.9657
    427.9366
    427.9366
    432.6425
    433.2765
    427.9366
    427.9569
    484.9561
    501.5362
    427.9569
    427.6953
    429.7935
    435.6715
    427.6953
    427.2719
    486.5174
    498.6950
    427.2719
    427.2719
    432.3713
    432.2143
    427.2719
    427.3125
    490.2534
    495.1829
    427.3125
    427.6344
    442.1062
    445.2190
    427.3125
    427.6344
    432.2231
    430.5873
    427.3125
    427.3125
    431.4125
    433.2650
    427.3125
    427.2719
    486.5174
    498.6950
    427.2719
    427.2308
    428.7214
    435.8214
    427.2308
    426.6234
    484.4231
    499.4398
    426.6234
    426.6234
    432.1160
    431.1685
    426.6234
    426.6244
    488.1179
    495.8897
    426.6244
    426.8041
    440.7011
    445.2349
    426.6244
    426.8041
    431.1064
    430.1824
    426.6244
    426.6244
    431.1181
    432.1792
    426.6244
    426.6234
    484.4231
    499.4398
    426.6234
    426.4401
    428.3254
    434.6319
    426.4401
    425.9526
    485.9994
    496.6120
    425.9526
    425.9526
    430.8398
    431.1098
    425.9526
    425.9526
    485.9994
    496.6120
    425.9526
    425.9526
    430.8398
    431.1098
    425.9526
    425.9526
    485.9994
    496.6120
    425.9526
    425.9899
    427.2673
    434.7963
    425.9899
    425.2969
    483.8977
    497.3498
    425.2969
    425.2969
    430.5774
    430.0567
    425.2969
    425.2969
    483.8977
    497.3498
    425.2969
    425.1921
    426.8642
    433.5996
    425.1921
    424.6403
    485.4890
    494.5354
    424.6403
    424.6403
    429.3151
    430.0125
    424.6403
    424.6575
    481.8128
    498.1032
    424.6575
    424.4104
    426.4771
    432.4192
    424.4104
    424.0212
    487.1195
    491.7569
    424.0212
    424.0212
    428.0899
    430.0062
    424.0212
    423.9775
    483.3799
    495.2662
    423.9775
    423.9775
    429.0456
    428.9522
    423.9775
    423.9775
    483.3799
    495.2662
    423.9775
    423.9511
    425.4099
    432.5744
    423.9511
    423.3308
    481.2877
    496.0127
    423.3308
    423.1622
    425.0157
    431.3869
    423.1622
    422.6650
    482.8698
    493.1891
    422.6650
    422.6650
    427.5206
    427.8548
    422.6650
    422.6650
    482.8698
    493.1891
    422.6650
    422.6650
    427.5206
    427.8548
    422.6650
    422.6650
    482.8698
    493.1891
    422.6650
    422.7171
    423.9625
    431.5566
    422.7171
    422.0112
    480.7702
    493.9285
    422.0112
    422.0112
    427.2600
    426.8036
    422.0112
    422.0112
    480.7702
    493.9285
    422.0112
    421.9211
    423.5611
    430.3617
    421.9211
    421.3596
    482.3673
    491.1183
    421.3596
    421.3596
    426.0025
    426.7646
    421.3596
    421.3735
    478.6874
    494.6834
    421.3735
    421.1413
    423.1758
    429.1833
    421.1413
    420.6986
    480.2603
    491.8507
    420.6986
    420.6986
    425.7347
    425.7062
    420.6986
    420.6986
    480.2603
    491.8507
    420.6986
    420.6870
    422.1134
    429.3439
    420.6870
    420.0612
    481.8725
    489.0539
    420.0612
    420.0612
    424.4913
    425.6816
    420.0612
    420.0537
    478.1702
    492.5986
    420.0537
    420.0537
    425.4829
    424.6642
    420.0537
    420.0612
    481.8725
    489.0539
    420.0612
    420.2705
    434.2910
    438.5299
    420.0612
    420.2705
    424.6337
    423.5611
    420.0612
    420.0612
    424.4913
    425.6816
    420.0612
    420.0537
    478.1702
    492.5986
    420.0537
    419.9001
    421.7210
    428.1582
    419.9001
    419.3930
    479.7581
    489.7793
    419.3930
    419.3930
    424.2164
    424.6160
    419.3930
    419.3930
    479.7581
    489.7793
    419.3930
    419.4601
    420.6727
    428.3332
    419.4601
    418.7409
    477.6606
    490.5203
    418.7409
    418.7409
    423.9574
    423.5667
    418.7409
    418.7409
    477.6606
    490.5203
    418.7409
    418.6659
    420.2731
    427.1403
    418.6659
    418.0944
    479.2636
    487.7144
    418.0944
    418.0944
    422.7049
    423.5329
    418.0944
    418.1051
    475.5799
    491.2767
    418.1051
    418.1051
    423.7144
    422.5338
    418.1051
    418.0944
    479.2636
    487.7144
    418.0944
    418.2402
    432.0050
    436.8786
    418.0944
    418.2402
    422.4758
    421.7210
    418.0944
    418.0944
    422.7049
    423.5329
    418.0944
    418.1051
    475.5799
    491.2767
    418.1051
    417.8879
    419.8895
    425.9638
    417.8879
    417.4352
    477.1587
    488.4484
    417.4352
    417.4352
    422.4388
    422.4764
    417.4352
    417.4352
    477.1587
    488.4484
    417.4352
    417.4388
    418.8321
    426.1297
    417.4388
    416.8029
    478.7768
    485.6559
    416.8029
    416.8029
    421.2003
    422.4571
    416.8029
    416.7921
    475.0706
    489.1978
    416.7921
    416.6536
    418.4413
    424.9459
    416.6536
    416.1365
    476.6644
    486.3829
    416.1365
    416.1365
    420.9270
    421.3933
    416.1365
    416.1365
    476.6644
    486.3829
    416.1365
    416.1365
    420.9270
    421.3933
    416.1365
    416.1652
    472.9993
    489.9628
    416.1652
    415.8846
    418.0666
    423.7786
    415.8846
    415.5184
    478.2976
    483.6039
    415.5184
    415.5184
    419.7025
    421.3885
    415.5184
    415.4862
    474.5689
    487.1253
    415.4862
    415.4264
    417.0001
    423.9353
    415.4264
    414.8521
    472.4902
    487.8832
    414.8521
    414.8521
    420.4284
    419.3148
    414.8521
    414.8448
    476.1779
    484.3238
    414.8448
    415.0059
    428.8344
    433.5557
    414.8448
    415.0059
    419.2729
    418.4413
    414.8448
    414.8448
    419.4221
    420.3175
    414.8448
    414.8521
    472.4902
    487.8832
    414.8521
    414.6502
    416.6182
    422.7607
    414.6502
    414.1873
    419.1577
    419.2628
    414.1873
    414.1873
    474.0750
    485.0592
    414.1873
    414.1873
    419.1577
    419.2628
    414.1873
    414.1873
    474.0750
    485.0592
    414.1873
    414.2063
    415.5658
    422.9320
    414.2063
    413.5601
    475.6990
    482.2712
    413.5601
    413.5601
    417.9241
    419.2488
    413.5601
    413.5460
    471.9889
    485.8101
    413.5460
    413.5460
    418.9092
    418.2245
    413.5460
    413.5460
    471.9889
    485.8101
    413.5460
    413.4228
    415.1768
    421.7501
    413.4228
    412.8955
    473.5887
    482.9996
    412.8955
    412.8955
    417.6525
    418.1869
    412.8955
    412.8955
    473.5887
    482.9996
    412.8955
    412.9933
    414.1385
    421.9359
    412.9933
    412.2469
    471.4952
    483.7435
    412.2469
    412.2469
    417.3968
    417.1413
    412.2469
    412.2469
    471.4952
    483.7435
    412.2469
    412.2026
    413.7422
    420.7467
    412.2026
    411.6145
    469.4185
    484.5029
    411.6145
    411.6145
    417.1572
    416.1120
    411.6145
    411.6107
    473.1101
    480.9464
    411.6107
    411.6107
    416.1542
    417.1182
    411.6107
    411.6107
    473.1101
    480.9464
    411.6107
    411.7874
    425.6805
    430.2471
    411.6107
    411.7874
    416.0862
    415.1768
    411.6107
    411.6107
    416.1542
    417.1182
    411.6107
    411.6145
    469.4185
    484.5029
    411.6145
    411.4282
    413.3620
    419.5739
    411.4282
    410.9549
    471.0092
    481.6832
    410.9549
    410.9549
    415.8914
    416.0654
    410.9549
    410.9549
    471.0092
    481.6832
    410.9549
    410.9895
    412.3147
    419.7506
    410.9895
    410.3153
    468.9251
    482.4356
    410.3153
    410.3153
    415.6446
    415.0288
    410.3153
    410.3329
    472.6392
    478.8996
    410.3329
    410.3329
    414.6628
    416.0567
    410.3329
    410.3153
    468.9251
    482.4356
    410.3153
    410.2078
    411.9272
    418.5706
    410.2078
    409.6700
    470.5309
    479.6295
    409.6700
    409.6700
    414.3928
    414.9966
    409.6700
    409.6918
    466.8578
    483.2035
    409.6918
    409.4423
    411.5558
    417.4069
    409.4423
    409.0232
    468.4394
    480.3748
    409.0232
    409.0232
    414.1388
    413.9528
    409.0232
    409.0232
    468.4394
    480.3748
    409.0232
    408.9946
    410.4994
    417.5745
    408.9946
    408.3921
    470.0603
    477.5821
    408.3921
    408.3921
    412.9012
    413.9351
    408.3921
    408.3925
    466.3647
    481.1356
    408.3925
    408.2219
    410.1208
    416.4036
    408.2219
    407.7381
    467.9614
    478.3204
    407.7381
    407.7381
    412.6400
    412.8841
    407.7381
    407.7381
    467.9614
    478.3204
    407.7381
    407.7381
    412.6400
    412.8841
    407.7381
    407.7381
    467.9614
    478.3204
    407.7381
    407.7885
    409.0786
    416.5857
    407.7885
    407.1001
    465.8792
    479.0742
    407.1001
    407.1001
    412.3947
    411.8493
    407.1001
    407.1213
    469.5973
    475.5413
    407.1213
    407.3929
    421.6716
    425.2924
    407.1213
    407.3929
    411.8833
    410.4994
    407.1213
    407.1213
    411.4164
    412.8809
    407.1213
    407.1001
    465.8792
    479.0742
    407.1001
    407.0085
    408.6928
    415.4075
    407.0085
    406.4600
    467.4910
    476.2725
    406.4600
    406.4600
    411.1480
    411.8225
    406.4600
    406.4783
    463.8139
    479.8435
    406.4783
    406.2447
    408.3230
    414.2456
    406.2447
    405.8149
    465.4015
    477.0193
    405.8149
    405.8149
    410.8956
    410.7805
    405.8149
    405.8149
    465.4015
    477.0193
    405.8149
    405.8149
    410.8956
    410.7805
    405.8149
    405.8149
    465.4015
    477.0193
    405.8149
    405.8023
    407.2717
    414.4187
    405.8023
    405.1891
    467.0284
    474.2311
    405.1891
    405.1891
    409.6630
    410.7683
    405.1891
    405.1859
    463.3287
    477.7816
    405.1859
    405.0313
    406.8947
    413.2495
    405.0313
    404.5367
    464.9314
    474.9708
    404.5367
    404.5367
    409.4034
    409.7190
    404.5367
    404.5367
    464.9314
    474.9708
    404.5367
    404.6032
    405.8576
    413.4372
    404.6032
    403.9004
    462.8512
    475.7260
    403.9004
    403.9004
    409.1597
    408.6860
    403.9004
    403.9004
    462.8512
    475.7260
    403.9004
    403.9004
    409.1597
    408.6860
    403.9004
    403.9252
    466.5735
    472.1961
    403.9252
    404.2129
    418.5587
    422.0190
    403.9252
    404.2129
    408.7364
    407.2717
    403.9252
    403.9252
    408.1849
    409.7212
    403.9252
    403.9004
    462.8512
    475.7260
    403.9004
    403.8249
    405.4734
    412.2608
    403.8249
    403.2656
    464.4691
    472.9288
    403.2656
    403.2656
    407.9181
    408.6646
    403.2656
    403.2803
    460.7878
    476.4967
    403.2803
    403.0628
    405.1052
    411.1007
    403.0628
    402.6221
    462.3815
    473.6770
    402.6221
    402.6221
    407.6672
    407.6244
    402.6221
    402.6221
