   2779.9634
   2820.0592
   2737.8033
   2736.1274
   2734.4770
   2747.6175
   2736.1138
   2733.9383
   2776.5765
   2815.7401
   2733.9383
   2732.5226
   2734.2524
   2740.6237
   2732.5226
   2732.0141
   2776.6667
   2811.8806
   2732.0141
   2730.8284
   2728.5138
   2743.0176
   2730.8284
   2728.1776
   2773.3007
   2807.5973
   2728.1776
   2727.0057
   2728.0603
   2735.7897
   2727.0057
   2726.2528
   2769.8315
   2807.1616
   2726.2528
   2724.9291
   2726.4107
   2733.2815
   2724.9291
   2724.3475
   2766.3824
   2806.7446
   2724.3475
   2722.6453
   2721.0630
   2734.0948
   2722.6453
   2720.5186
   2766.5840
   2799.0434
   2720.5186
   2719.4388
   2720.2447
   2728.4746
   2719.4388
   2718.5861
   2763.1067
   2798.6002
   2718.5861
   2717.3726
   2715.1121
   2729.5082
   2717.3726
   2714.7793
   2756.2127
   2797.7698
   2714.7793
   2713.2438
   2715.3306
   2720.9855
   2713.2438
   2712.8427
   2756.2908
   2793.8976
   2712.8427
   2711.4173
   2709.4603
   2723.2466
   2711.4173
   2709.0171
   2752.9371
   2789.6238
   2709.0171
   2707.7256
   2709.1367
   2716.1507
   2707.7256
   2707.1209
   2753.0576
   2785.7902
   2707.1209
   2706.1849
   2703.5489
   2718.7009
   2706.1849
   2703.2907
   2746.1395
   2784.9371
   2703.2907
   2701.8936
   2703.6068
   2710.0137
   2701.8936
   2701.3799
   2746.2450
   2781.0891
   2701.3799
   2700.2321
   2697.8992
   2712.4421
   2700.2321
   2697.5683
   2742.9065
   2776.8282
   2697.5683
   2696.4154
   2697.4522
   2705.2196
   2696.4154
   2695.6551
   2739.4495
   2776.4034
   2695.6551
   2694.2957
   2692.2658
   2706.1999
   2694.2957
   2691.8443
   2736.1121
   2772.1429
   2691.8443
   2690.5858
   2691.9245
   2699.0852
   2690.5858
   2689.9466
   2732.6712
   2771.7330
   2689.9466
   2688.3758
   2686.6486
   2699.9745
   2688.3758
   2686.1365
   2729.3348
   2767.4731
   2686.1365
   2684.7725
   2686.4128
   2692.9675
   2684.7725
   2684.2367
   2729.4526
   2763.6349
   2684.2367
   2683.1558
   2680.7489
   2695.4420
   2683.1558
   2680.4450
   2722.5748
   2762.8185
   2680.4450
   2678.9756
   2680.9173
   2686.8664
   2678.9756
   2678.5304
   2722.6774
   2758.9660
   2678.5304
   2677.2384
   2675.1338
   2689.2193
   2677.2384
   2674.7344
   2719.3564
   2754.7189
   2674.7344
   2673.5095
   2674.7741
   2682.0852
   2673.5095
   2672.8605
   2719.5015
   2750.9052
   2672.8605
   2671.8339
   2672.5462
   2680.9679
   2671.8339
   2670.9658
   2712.5026
   2753.9246
   2670.9658
   2669.1587
   2667.7842
   2680.4022
   2669.1587
   2667.1565
   2712.7295
   2746.2377
   2667.1565
   2666.0245
   2667.0380
   2674.8545
   2666.0245
   2665.2546
   2709.2845
   2745.8235
   2665.2546
   2663.9378
   2661.8831
   2675.8692
   2663.9378
   2661.4687
   2705.9746
   2741.5855
   2661.4687
   2660.2315
   2661.5459
   2668.7577
   2660.2315
   2659.5823
   2702.5457
   2741.1861
   2659.5823
   2658.0547
   2656.3017
   2669.6816
   2658.0547
   2655.7971
   2699.2369
   2736.9486
   2655.7971
   2654.4547
   2656.0698
   2662.6774
   2654.4547
   2653.9110
   2699.3703
   2733.1223
   2653.9110
   2652.8743
   2650.4404
   2665.1899
   2652.8743
   2650.1393
   2696.0758
   2728.8972
   2650.1393
   2649.0418
   2649.9786
   2657.9506
   2649.0418
   2648.2861
   2689.1193
   2731.9573
   2648.2861
   2646.3375
   2645.1872
   2657.3562
   2646.3375
   2644.4699
   2689.3411
   2724.2617
   2644.4699
   2643.2673
   2644.5046
   2651.8728
   2643.2673
   2642.6098
   2689.5021
   2720.4599
   2642.6098
   2641.6057
   2642.2902
   2650.7701
   2641.6057
   2640.7234
   2682.5109
   2723.4882
   2640.7234
   2638.9618
   2637.5583
   2650.2370
   2638.9618
   2636.9419
   2682.7695
   2715.8253
   2636.9419
   2635.8328
   2636.8175
   2644.6941
   2635.8328
   2635.0511
   2679.3362
   2715.4216
   2635.0511
   2633.7806
   2631.6957
   2645.7449
   2633.7806
   2631.2901
   2676.0539
   2711.2060
   2631.2901
   2630.0761
   2631.3608
   2638.6346
   2630.0761
   2629.4147
   2672.6366
   2710.8170
   2629.4147
   2627.9341
   2626.1500
   2639.5949
   2627.9341
   2625.6545
   2669.3554
   2706.6018
   2625.6545
   2624.3355
   2625.9201
   2632.5915
   2624.3355
   2623.7824
   2669.5048
   2702.7877
   2623.7824
   2622.6620
   2623.6937
   2631.4769
   2622.6620
   2621.8990
   2666.0793
   2702.3910
   2621.8990
   2620.6062
   2618.5678
   2632.5246
   2620.6062
   2618.1482
   2662.8084
   2698.1845
   2618.1482
   2616.9230
   2618.2543
   2625.4355
   2616.9230
   2616.2802
   2659.3988
   2697.8025
   2616.2802
   2614.7776
   2613.0395
   2626.3928
   2614.7776
   2612.5301
   2656.1289
   2693.5964
   2612.5301
   2611.2002
   2612.8307
   2619.4106
   2611.2002
   2610.6608
   2656.2818
   2689.7844
   2610.6608
   2609.6503
   2607.2296
   2621.9559
   2609.6503
   2606.9242
   2653.0262
   2685.5908
   2606.9242
   2605.8399
   2606.7904
   2614.7381
   2605.8399
   2605.0441
   2649.6043
   2685.1972
   2605.0441
   2603.8081
   2605.1848
   2612.2757
   2603.8081
   2603.1834
   2646.2025
   2684.8222
   2603.1834
   2601.6595
   2599.9664
   2613.2303
   2601.6595
   2599.4435
   2642.9438
   2680.6252
   2599.4435
   2598.0139
   2596.1931
   2609.7140
   2598.0139
   2595.7083
   2639.6902
   2676.4325
   2595.7083
   2594.4148
   2595.9631
   2602.7095
   2594.4148
   2593.8505
   2639.8559
   2672.6308
   2593.8505
   2592.7558
   2593.7508
   2601.6100
   2592.7558
   2591.9778
   2636.4417
   2672.2441
   2591.9778
   2590.7370
   2588.6604
   2602.6962
   2590.7370
   2588.2520
   2633.1984
   2668.0600
   2588.2520
   2587.0528
   2588.3464
   2595.6055
   2587.0528
   2586.3945
   2629.8002
   2667.6880
   2586.3945
   2584.9446
   2583.1674
   2596.6016
   2584.9446
   2582.6695
   2626.5578
   2663.5044
   2582.6695
   2581.3658
   2582.9578
   2589.6175
   2581.3658
   2580.8147
   2626.7272
   2659.7049
   2580.8147
   2579.7098
   2580.7483
   2588.5210
   2579.7098
   2578.9491
   2623.3206
   2659.3251
   2578.9491
   2577.6885
   2575.6549
   2589.6051
   2577.6885
   2575.2335
   2620.0886
   2655.1501
   2575.2335
   2574.0243
   2575.3610
   2582.5346
   2574.0243
   2573.3833
   2616.6979
   2654.7849
   2573.3833
   2571.9138
   2570.1791
   2583.5287
   2571.9138
   2569.6941
   2617.0589
   2647.2047
   2569.6941
   2568.7312
   2569.3861
   2577.9309
   2568.7312
   2567.8334
   2610.0921
   2650.2598
   2567.8334
   2566.1552
   2564.7192
   2577.4687
   2566.1552
   2564.1151
   2610.4233
   2642.6511
   2564.1151
   2563.0479
   2564.0007
   2571.9469
   2563.0479
   2562.2527
   2607.0202
   2642.2742
   2562.2527
   2561.0340
   2562.4126
   2569.5028
   2561.0340
   2560.4096
   2603.6371
   2641.9158
   2560.4096
   2558.9212
   2557.2281
   2570.4952
   2558.9212
   2556.7264
   2604.0055
   2634.3402
   2556.7264
   2555.7541
   2556.4506
   2564.9129
   2555.7541
   2554.8770
   2597.0500
   2637.4066
   2554.8770
   2553.1803
   2551.7854
   2564.4532
   2553.1803
   2551.1647
   2597.3887
   2629.8025
   2551.1647
   2550.0883
   2551.0822
   2558.9468
   2550.0883
   2549.3095
   2593.9931
   2629.4323
   2549.3095
   2548.0816
   2549.5012
   2556.5100
   2548.0816
   2547.4736
   2590.6175
   2629.0807
   2547.4736
   2545.9670
   2544.3144
   2557.5011
   2545.9670
   2543.7964
   2590.9935
   2621.5098
   2543.7964
   2542.8151
   2543.5520
   2551.9340
   2542.8151
   2541.9582
   2584.0493
   2624.5873
   2541.9582
   2540.2436
   2538.8887
   2551.4770
   2540.2436
   2538.2520
   2584.3955
   2616.9879
   2538.2520
   2537.1667
   2538.2007
   2545.9858
   2537.1667
   2536.4039
   2581.0074
   2616.6244
   2536.4039
   2535.1833
   2533.1432
   2547.1099
   2535.1833
   2532.7235
   2577.8143
   2612.4810
   2532.7235
   2531.5343
   2532.8651
   2540.0538
   2531.5343
   2530.8905
   2574.4420
   2612.1321
   2530.8905
   2529.5500
   2531.3061
   2537.6396
   2529.5500
   2529.0478
   2574.6264
   2608.3420
   2529.0478
   2528.0183
   2525.7193
   2540.2071
   2528.0183
   2525.3769
   2571.4437
   2604.2073
   2525.3769
   2524.2831
   2525.3561
   2533.0638
   2524.2831
   2523.5358
   2568.0630
   2603.8505
   2523.5358
   2522.2985
   2520.2969
   2534.1872
   2522.2985
   2519.8655
   2564.8812
   2599.7161
   2519.8655
   2518.6681
   2520.0374
   2527.1496
   2518.6681
   2518.0396
   2561.5163
   2599.3739
   2518.0396
   2516.6907
   2518.4853
   2524.7426
   2516.6907
   2516.2000
   2561.7046
   2595.5862
   2516.2000
   2515.1543
   2512.8932
   2527.3058
   2515.1543
   2512.5393
   2558.5332
   2591.4606
   2512.5393
   2511.4374
   2512.5483
   2520.1807
   2511.4374
   2510.7052
   2555.1598
   2591.1104
   2510.7052
   2509.4520
   2507.4877
   2521.3037
   2509.4520
   2507.0451
   2551.9893
   2586.9851
   2507.0451
   2505.8397
   2507.2465
   2514.2843
   2505.8397
   2505.2261
   2548.6317
   2586.6495
   2505.2261
   2503.8693
   2505.7013
   2511.8844
   2503.8693
   2503.3898
   2548.8240
   2582.8642
   2503.3898
   2502.3285
   2500.1042
   2514.4437
   2502.3285
   2499.7392
   2545.6639
   2578.7477
   2499.7392
   2498.6296
   2499.7773
   2507.3366
   2498.6296
   2497.9120
   2542.2979
   2578.4041
   2497.9120
   2496.6436
   2494.7158
   2508.4595
   2496.6436
   2494.2621
   2539.1387
   2574.2879
   2494.2621
   2493.0491
   2494.4923
   2501.4578
   2493.0491
   2492.4524
   2539.3592
   2570.5278
   2492.4524
   2491.4388
   2492.3270
   2500.4086
   2491.4388
   2490.6170
   2535.9847
   2570.1762
   2490.6170
   2489.5409
   2487.3524
   2501.6210
   2489.5409
   2487.0038
   2529.2955
   2569.5284
   2487.0038
   2485.5362
   2487.6995
   2493.2177
   2485.5362
   2485.1847
   2533.0752
   2562.3253
   2485.1847
   2484.2672
   2484.8954
   2493.5004
   2484.2672
   2483.3552
   2526.1382
   2565.4130
   2483.3552
   2481.7691
   2480.3031
   2493.1195
   2481.7691
   2479.7102
   2526.5538
   2557.8670
   2479.7102
   2478.6894
   2479.6128
   2487.6246
   2478.6894
   2477.8816
   2523.1865
   2557.5219
   2477.8816
   2476.7915
   2474.6376
   2488.8374
   2476.7915
   2474.2821
   2516.5118
   2556.8871
   2474.2821
   2472.8074
   2475.0056
   2480.4547
   2472.8074
   2472.4628
   2520.2925
   2549.6828
   2472.4628
   2471.5384
   2472.2012
   2480.7376
   2471.5384
   2470.6436
   2513.3658
   2552.7807
   2470.6436
   2469.0439
   2467.6120
   2480.3607
   2469.0439
   2467.0053
   2513.7896
   2545.2400
   2467.0053
   2465.9777
   2466.9353
   2474.8795
   2465.9777
   2465.1836
   2510.4295
   2544.9013
   2465.1836
   2464.0801
   2461.9600
   2476.0930
   2464.0801
   2461.5636
   2507.3033
   2540.8121
   2461.5636
   2460.4329
   2461.6850
   2469.0374
   2460.4329
   2459.7569
   2503.9589
   2540.4878
   2459.7569
   2458.4749
   2460.1518
   2466.6502
   2458.4749
   2457.9483
   2504.1823
   2536.7272
   2457.9483
   2457.0385
   2454.6559
   2469.3172
   2457.0385
   2454.3458
   2497.5048
   2536.0891
   2454.3458
   2452.9610
   2454.9319
   2460.8395
   2452.9610
   2452.5229
   2497.7136
   2532.3144
   2452.5229
   2451.4069
   2449.3193
   2463.3878
   2451.4069
   2448.9131
   2494.5987
   2528.2343
   2448.9131
   2447.7761
   2449.0609
   2456.3486
   2447.7761
   2447.1131
   2491.2614
   2527.9164
   2447.1131
   2445.8249
   2447.5344
   2453.9683
   2445.8249
   2445.3080
   2491.4890
   2524.1586
   2445.3080
   2444.3861
   2442.0355
   2456.6335
   2444.3861
   2441.7078
   2488.3846
   2520.0872
   2441.7078
   2440.6677
   2441.6905
   2449.5056
   2440.6677
   2439.8995
   2485.0387
   2519.7612
   2439.8995
   2438.7082
   2440.1557
   2447.1168
   2438.7082
   2438.1103
   2481.7127
   2519.4537
   2438.1103
   2436.6796
   2435.0497
   2448.1991
   2436.6796
   2434.5217
   2482.1913
   2511.9577
   2434.5217
   2433.5787
   2434.3390
   2442.6823
   2433.5787
   2432.7324
   2475.2945
   2515.0855
   2432.7324
   2431.0961
   2429.7603
   2442.3187
   2431.0961
   2429.1150
   2475.7437
   2507.5613
   2429.1150
   2428.0692
   2429.1230
   2436.8767
   2428.0692
   2427.3133
   2472.4048
   2507.2416
   2427.3133
   2426.1164
   2427.5948
   2434.4948
   2426.1164
   2425.5297
   2472.6558
   2503.5035
   2425.5297
   2424.7912
   2422.2074
   2437.2759
   2424.7912
   2421.9372
   2465.9894
   2502.8744
   2421.9372
   2420.6377
   2422.4091
   2428.7204
   2420.6377
   2420.1393
   2466.2257
   2499.1222
   2420.1393
   2419.0396
   2420.2549
   2427.6844
   2419.0396
   2418.3484
   2462.8981
   2498.8128
   2418.3484
   2417.1015
   2415.2378
   2428.8590
   2417.1015
   2414.7644
   2459.8120
   2494.7556
   2414.7644
   2413.5622
   2415.0704
   2421.9114
   2413.5622
   2412.9844
   2460.0674
   2491.0204
   2412.9844
   2411.9821
   2412.9340
   2420.8938
   2411.9821
   2411.1851
   2456.7311
   2490.7028
   2411.1851
   2410.1335
   2408.0051
   2422.1590
   2410.1335
   2407.6107
   2453.6555
   2486.6544
   2407.6107
   2406.5060
   2407.7505
   2415.1222
   2406.5060
   2405.8264
   2450.3348
   2486.3512
   2405.8264
   2404.5697
   2402.7347
   2416.2991
   2404.5697
   2402.2526
   2447.2601
   2482.3031
   2402.2526
   2401.0455
   2402.5824
   2409.3666
   2401.0455
   2400.4763
   2447.5199
   2478.5708
   2400.4763
   2399.4691
   2400.4496
   2408.3529
   2399.4691
   2398.6835
   2444.1906
   2478.2594
   2398.6835
   2397.6226
   2395.5222
   2409.6207
   2397.6226
   2395.1555
   2437.5916
   2477.6920
   2395.1555
   2393.6952
   2395.9482
   2401.2931
   2393.6952
   2393.3611
   2441.4052
   2470.5048
   2393.3611
   2392.4517
   2393.1677
   2401.6034
   2392.4517
   2391.5829
   2434.5186
   2473.6445
   2391.5829
   2390.0145
   2388.6327
   2401.2870
   2390.0145
   2388.0053
   2435.0134
   2466.1548
   2388.0053
   2386.9938
   2388.0018
   2395.8507
   2386.9938
   2386.2191
   2431.6910
   2465.8495
   2386.2191
   2385.1495
   2383.0761
   2397.1213
   2385.1495
   2382.6651
   2428.6380
   2461.8193
   2382.6651
   2381.5514
   2382.8512
   2390.1138
   2381.5514
   2380.8937
   2425.3311
   2461.5284
   2380.8937
   2379.6290
   2381.3529
   2387.7629
   2379.6290
   2379.1159
   2425.5903
   2457.7936
   2379.1159
   2378.2428
   2375.9030
   2390.4844
   2378.2428
   2375.5715
   2422.5479
   2453.7722
   2375.5715
   2374.5559
   2375.5904
   2383.3870
   2374.5559
   2373.7917
   2419.2322
   2453.4731
   2373.7917
   2372.6250
   2374.0837
   2381.0276
   2372.6250
   2372.0310
   2415.9364
   2453.1923
   2372.0310
   2370.6510
   2369.0291
   2382.1676
   2370.6510
   2368.4973
   2416.4787
   2445.7428
   2368.4973
   2367.5798
   2368.3486
   2376.6802
   2367.5798
   2366.7372
   2409.6101
   2448.9006
   2366.7372
   2365.3176
   2367.4912
   2372.9981
   2365.3176
   2364.9674
   2413.4520
   2441.7347
   2364.9674
   2364.4882
   2361.6142
   2377.2708
   2364.4882
   2361.4014
   2406.8143
   2441.1300
   2361.4014
   2360.2310
   2361.7150
   2368.6090
   2360.2310
   2359.6471
   2403.5252
   2440.8552
   2359.6471
   2358.3257
   2360.2335
   2366.2755
   2358.3257
   2357.8678
   2403.7841
   2437.1180
   2357.8678
   2356.8819
   2354.7256
   2368.9398
   2356.8819
   2354.3391
   2400.7591
   2433.1105
   2354.3391
   2353.2671
   2354.4848
   2361.9149
   2353.2671
   2352.5763
   2397.4613
   2432.8275
   2352.5763
   2351.3533
   2352.9948
   2359.5728
   2351.3533
   2350.8152
   2397.7394
   2429.1074
   2350.8152
   2350.0268
   2347.6026
   2362.3560
   2350.0268
   2347.3001
   2391.1548
   2428.5515
   2347.3001
   2345.9755
   2347.9074
   2353.9018
   2345.9755
   2345.5248
   2391.4184
   2424.8175
   2345.5248
   2344.5326
   2342.3998
   2356.5677
   2344.5326
   2342.0062
   2388.4048
   2420.8191
   2342.0062
   2340.9312
   2342.1725
   2349.5561
   2340.9312
   2340.2497
   2385.1136
   2420.5420
   2340.2497
   2339.0237
   2340.6887
   2347.2204
   2339.0237
   2338.4926
   2385.3965
   2416.8251
   2338.4926
   2337.6984
   2335.2971
   2350.0055
   2337.6984
   2334.9837
   2382.3934
   2412.8356
   2334.9837
   2334.0076
   2334.9814
   2342.9033
   2334.0076
   2333.2186
   2379.0934
   2412.5502
   2333.2186
   2332.0915
   2333.4891
   2340.5590
   2332.0915
   2331.4726
   2375.8133
   2412.2832
   2331.4726
   2330.1728
   2328.4876
   2341.7565
   2330.1728
   2327.9601
   2372.8067
   2408.2898
   2327.9601
   2326.7315
   2328.4189
   2334.9064
   2326.7315
   2326.2069
   2373.0943
   2404.5761
   2326.2069
   2325.1787
   2326.3085
   2333.9175
   2325.1787
   2324.4524
   2369.8053
   2404.3008
   2324.4524
   2323.3509
   2321.3966
   2335.2072
   2323.3509
   2320.9495
   2366.8093
   2400.3162
   2320.9495
   2319.8199
   2321.2393
   2328.2663
   2319.8199
   2319.2146
   2367.1163
   2396.6198
   2319.2146
   2318.2855
   2319.1471
   2327.2960
   2318.2855
   2317.4514
   2363.8184
   2396.3361
   2317.4514
   2316.3714
   2317.6567
   2324.9537
   2316.3714
   2315.7073
   2360.5404
   2396.0707
   2315.7073
   2314.5023
   2312.7036
   2326.2020
   2314.5023
   2312.2099
   2357.5505
   2392.0909
   2312.2099
   2311.0286
   2312.6031
   2319.3189
   2311.0286
   2310.4699
   2357.8527
   2388.3892
   2310.4699
   2309.4892
   2310.5058
   2318.3436
   2309.4892
   2308.7172
   2354.5658
   2388.1155
   2308.7172
   2307.7111
   2305.6425
   2319.6843
   2307.7111
   2305.2294
   2351.5864
   2384.1445
   2305.2294
   2304.1475
   2305.4532
   2312.7101
   2304.1475
   2303.4915
   2348.3148
   2383.8849
   2303.4915
   2302.2587
   2359.8731
   2370.3486
   2302.2587
   2302.2828
   2300.5040
   2313.9634
   2302.2828
   2300.0042
   2345.3363
   2379.9142
   2300.0042
   2298.8211
   2300.4156
   2307.0922
   2298.8211
   2298.2684
   2345.6434
   2376.2158
   2298.2684
   2297.2859
   2298.3223
   2306.1213
   2297.2859
   2296.5218
   2342.3630
   2375.9479
   2296.5218
   2295.5126
   2293.4632
   2307.4673
   2295.5126
   2293.0443
   2339.3950
   2371.9861
   2293.0443
   2291.9607
   2293.2858
   2300.5048
   2291.9607
   2291.3124
   2336.1299
   2371.7322
   2291.3124
   2290.1008
   2288.3409
   2301.7634
   2290.1008
   2287.8354
   2333.1627
   2367.7706
   2287.8354
   2286.6509
   2288.2643
   2294.9038
   2286.6509
   2286.1038
   2333.4748
   2364.0757
   2286.1038
   2285.1200
   2286.1751
   2293.9374
   2285.1200
   2284.3632
   2330.2008
   2363.8135
   2284.3632
   2283.3516
   2281.3204
   2295.2889
   2283.3516
   2280.8959
   2327.2442
   2359.8608
   2280.8959
   2279.8112
   2281.1546
   2288.3377
   2279.8112
   2279.1701
   2323.9855
   2359.6127
   2279.1701
   2277.9346
   2279.7011
   2286.0335
   2277.9346
   2277.4335
   2324.2929
   2355.9126
   2277.4335
   2276.3988
   2277.6069
   2285.0622
   2276.3988
   2275.7033
   2321.0298
   2355.6602
   2275.7033
   2274.5898
   2272.7118
   2286.3731
   2274.5898
   2272.2414
   2318.0793
   2351.7122
   2272.2414
   2271.1059
   2272.6019
   2279.4788
   2271.1059
   2270.5233
   2318.4062
   2348.0294
   2270.5233
   2269.5886
   2270.5259
   2278.5263
   2269.5886
   2268.7844
   2315.1341
   2347.7687
   2268.7844
   2267.8714
   2265.7213
   2279.9302
   2267.8714
   2265.3322
   2312.1942
   2343.8296
   2265.3322
   2264.2968
   2265.5219
   2272.9441
   2264.2968
   2263.6081
   2308.9374
   2343.5829
   2263.6081
   2262.4218
   2264.0700
   2270.6417
   2262.4218
   2261.8850
   2309.2596
   2339.8949
   2261.8850
   2261.1729
   2258.7502
   2273.5077
   2261.1729
   2258.4469
   2302.7568
   2339.4114
   2258.4469
   2257.1601
   2259.0955
   2265.0899
   2257.1601
   2256.7096
   2303.0646
   2335.7096
   2256.7096
   2255.6237
   2257.0005
   2264.1183
   2255.6237
   2255.0050
   2303.4064
   2332.0391
   2255.0050
   2254.1200
   2254.9378
   2263.1799
   2254.1200
   2253.3008
   2296.5922
   2335.2541
   2253.3008
   2251.7834
   2250.4978
   2262.9696
   2251.7834
   2249.8307
   2297.2129
   2327.8542
   2249.8307
   2248.8452
   2249.9501
   2257.6152
   2248.8452
   2248.1081
   2293.9579
   2327.6088
   2248.1081
   2247.0938
   2245.1108
   2258.9853
   2247.0938
   2244.6716
   2291.0356
   2323.6836
   2244.6716
   2243.5856
   2244.9775
   2252.0659
   2243.5856
   2242.9714
   2291.3826
   2320.0167
   2242.9714
   2242.0864
   2242.9191
   2251.1321
   2242.0864
   2241.2745
   2284.5756
   2323.2392
   2241.2745
   2239.7573
   2238.4861
   2250.9299
   2239.7573
   2237.8132
   2285.2068
   2315.8465
   2237.8132
   2236.8278
   2237.9473
   2245.5842
   2236.8278
   2236.0965
   2281.9580
   2315.6067
   2236.0965
   2234.9604
   2236.5027
   2243.2894
   2234.9604
   2234.3914
   2282.3004
   2311.9347
   2234.3914
   2233.4564
   2234.4394
   2242.3508
   2233.4564
   2232.6702
   2279.0471
   2311.6906
   2232.6702
   2231.7575
   2229.6514
   2243.7747
   2231.7575
   2229.2489
   2276.1415
   2307.7790
   2229.2489
   2228.2136
   2229.4831
   2236.8190
   2228.2136
   2227.5423
   2272.9034
   2307.5488
   2227.5423
   2226.3564
   2228.0486
   2234.5346
   2226.3564
   2225.8324
   2273.2413
   2303.8718
   2225.8324
   2224.8476
   2225.9805
   2233.5913
   2224.8476
   2224.1215
   2269.9986
   2303.6374
   2224.1215
   2223.1091
   2221.1529
   2234.9755
   2223.1091
   2220.7055
   2267.0991
   2299.7305
   2220.7055
   2219.6205
   2221.0394
   2228.0755
   2219.6205
   2219.0091
   2263.8716
   2299.5101
   2219.0091
   2217.7963
   2216.1268
   2229.3732
   2217.7963
   2215.6125
   2264.5724
   2292.1773
   2215.6125
   2214.7792
   2215.5016
   2223.9387
   2214.7792
   2213.9118
   2257.7606
   2295.3970
   2213.9118
   2212.5762
   2214.7033
   2220.3158
   2212.5762
   2212.1831
   2258.0796
   2291.7012
   2212.1831
   2211.0485
   2212.6164
   2219.3537
   2211.0485
   2210.4870
   2258.4327
   2288.0366
   2210.4870
   2209.8801
   2207.3738
   2222.3037
   2209.8801
   2207.0907
   2255.5545
   2284.1477
   2207.0907
   2206.2080
   2207.0791
   2215.2179
   2206.2080
   2205.4150
   2248.7685
   2287.3916
   2205.4150
   2204.0300
   2206.3056
   2211.6204
   2204.0300
   2203.6992
   2252.6817
   2280.2632
   2203.6992
   2202.8673
   2203.6011
   2212.0162
   2202.8673
   2202.0054
   2245.8767
   2283.4898
   2202.0054
   2200.5949
   2199.2229
   2211.8726
   2200.5949
   2198.5898
   2246.5596
   2276.1371
   2198.5898
   2197.6579
   2198.6771
   2206.5188
   2197.6579
   2196.8859
   2243.3245
   2275.9092
   2196.8859
   2195.8034
   2197.2451
   2204.2373
   2195.8034
   2195.2038
   2243.6929
   2272.2573
   2195.2038
   2194.7017
   2192.0677
   2207.2555
   2194.7017
   2191.8060
   2237.2334
   2271.8111
   2191.8060
   2190.6237
   2192.3504
   2198.7700
   2190.6237
   2190.1099
   2237.5874
   2268.1455
   2190.1099
   2189.1289
   2190.2956
   2197.8413
   2189.1289
   2188.4160
   2234.3629
   2267.9272
   2188.4160
   2187.2845
   2188.8737
   2195.5701
   2187.2845
   2186.7411
   2231.1581
   2267.7271
   2186.7411
   2185.4359
   2183.9356
   2196.8446
   2185.4359
   2183.3535
   2231.8717
   2260.3998
   2183.3535
   2182.4743
   2183.3655
   2191.4657
   2182.4743
   2181.6508
   2228.6381
   2260.1729
   2181.6508
   2180.6210
   2181.9347
   2189.1855
   2180.6210
   2179.9670
   2225.4241
   2259.9642
   2179.9670
   2178.8656
   2177.0886
   2190.5545
   2178.8656
   2176.5873
   2222.5651
   2256.0894
   2176.5873
   2175.4579
   2177.0560
   2183.7353
   2175.4579
   2174.9052
   2222.9346
   2252.4365
   2174.9052
   2173.9772
   2175.0151
   2182.8211
   2173.9772
   2173.2125
   2219.7115
   2252.2192
   2173.2125
   2172.3153
   2170.2612
   2184.2849
   2172.3153
   2169.8426
   2216.8632
   2248.3535
   2169.8426
   2168.8151
   2170.1373
   2177.3721
   2168.8151
   2168.1644
   2213.6551
   2248.1500
   2168.1644
   2166.9864
   2168.7307
   2175.1169
   2166.9864
   2166.4777
   2214.0203
   2244.4922
   2166.4777
   2165.5012
   2166.6852
   2174.1982
   2165.5012
   2164.7950
   2210.8076
   2244.2845
   2164.7950
   2163.8009
   2161.8928
   2175.6234
   2163.8009
   2161.4305
   2207.9655
   2240.4234
   2161.4305
   2160.3546
   2161.8225
   2168.7650
   2160.3546
   2159.7626
   2208.3505
   2236.7833
   2159.7626
   2158.8883
   2159.7955
   2167.8655
   2158.8883
   2158.0710
   2205.1287
   2236.5669
   2158.0710
   2157.0462
   2158.3756
   2165.5967
   2157.0462
   2156.3983
   2201.9265
   2236.3686
   2156.3983
   2155.3075
   2153.5451
   2166.9836
   2155.3075
   2153.0392
   2199.0905
   2232.5122
   2153.0392
   2151.9151
   2153.5281
   2160.1794
   2151.9151
   2151.3667
   2199.4712
   2228.8673
   2151.3667
   2150.4442
   2151.4965
   2159.2754
   2150.4442
   2149.6850
   2196.2598
   2228.6604
   2149.6850
   2148.7994
   2146.7585
   2160.7575
   2148.7994
   2146.3358
   2193.4345
   2224.8130
   2146.3358
   2145.3140
   2146.6498
   2153.8593
   2145.3140
   2144.6686
   2190.2381
   2224.6199
   2144.6686
   2143.4964
   2145.2540
   2151.6153
   2143.4964
   2142.9915
   2147.6915
   2148.1363
   2142.9915
   2142.9915
   2190.6145
   2220.9702
   2142.9915
   2142.0210
   2143.2179
   2150.7068
   2142.0210
   2141.3198
   2187.4136
   2220.7727
   2141.3198
   2140.3382
   2138.4419
   2152.1508
   2140.3382
   2137.9759
   2184.5944
   2216.9300
   2137.9759
   2136.9063
   2138.3862
   2145.3064
   2136.9063
   2136.3177
   2184.9908
   2213.2981
   2136.3177
   2135.4499
   2136.3688
   2144.4172
   2135.4499
   2134.6370
   2181.7806
   2213.0919
   2134.6370
   2133.6187
   2134.9596
   2142.1597
   2133.6187
   2132.9752
   2178.5900
   2212.9038
   2132.9752
   2131.8981
   2130.1459
   2143.5658
   2131.8981
   2129.6367
   2175.7769
   2209.0658
   2129.6367
   2128.5194
   2130.1430
   2136.7751
   2128.5194
   2127.9740
   2176.1691
   2205.4291
   2127.9740
   2127.0585
   2128.1210
   2135.8814
   2127.0585
   2126.3032
   2172.9692
   2205.2323
   2126.3032
   2125.2373
   2126.7217
   2133.6339
   2125.2373
   2124.6513
   2169.7889
   2205.0537
   2124.6513
   2123.4790
   2121.8703
   2135.0023
   2123.4790
   2121.3308
   2170.5791
   2197.7845
   2121.3308
   2120.5183
   2121.3019
   2129.6236
   2120.5183
   2119.6510
   2167.3700
   2197.5790
   2119.6510
   2118.6880
   2119.8936
   2127.3670
   2118.6880
   2117.9900
   2164.1804
   2197.3916
   2117.9900
   2116.8767
   2118.5040
   2125.1296
   2116.8767
   2116.3479
   2161.0105
   2197.2223
   2116.3479
   2115.0809
   2113.6151
   2126.4604
   2115.0809
   2113.0186
   2161.7923
   2189.9437
   2113.0186
   2112.1587
   2113.0850
   2121.1206
   2112.1587
   2111.3486
   2158.5935
   2189.7475
   2111.3486
   2110.3383
   2111.6864
   2118.8740
   2110.3383
   2109.6975
   2155.4142
   2189.5695
   2109.6975
   2108.6370
   2106.8908
   2120.3006
   2108.6370
   2106.4060
   2156.2362
   2182.3266
   2106.4060
   2105.6494
   2106.2959
   2114.8946
   2105.6494
   2104.7428
   2149.4598
   2185.5857
   2104.7428
   2103.4836
   2105.5349
   2111.3090
   2103.4836
   2103.0668
   2149.8395
   2181.9348
   2103.0668
   2102.0095
   2103.4995
   2110.4023
   2102.0095
   2101.4236
   2150.2535
   2178.3155
   2101.4236
   2100.9750
   2098.3839
   2113.4933
   2100.9750
   2098.1130
   2143.8866
   2177.9512
   2098.1130
   2096.9571
   2098.7286
   2105.0659
   2096.9571
   2096.4559
   2144.2864
   2174.3183
   2096.4559
   2095.5020
   2096.7119
   2104.1786
   2095.5020
   2094.8055
   2141.1081
   2174.1408
   2094.8055
   2093.7013
   2095.3327
   2101.9520
   2093.7013
   2093.1580
   2141.5179
   2170.5169
   2093.1580
   2092.6156
   2090.1660
   2104.9915
   2092.6156
   2089.8669
   2135.1715
   2170.1712
   2089.8669
   2088.6642
   2090.5768
   2096.6311
   2088.6642
   2088.2055
   2135.5672
   2166.5336
   2088.2055
   2087.2048
   2088.5557
   2095.7395
   2087.2048
   2086.5769
   2135.9972
   2162.9276
   2086.5769
   2085.7784
   2086.5673
   2094.8813
   2085.7784
   2084.9430
   2129.2505
   2166.2154
   2084.9430
   2083.6014
   2082.2795
   2094.8382
   2083.6014
   2081.6253
   2130.0479
   2158.9446
   2081.6253
   2080.7283
   2081.7983
   2089.5476
   2080.7283
   2079.9755
   2126.8705
   2158.7676
   2079.9755
   2078.9283
   2080.4197
   2087.3218
   2078.9283
   2078.3426
   2127.2964
   2155.1570
   2078.3426
   2077.4976
   2078.4269
   2086.4593
   2077.4976
   2076.6883
   2124.1143
   2154.9755
   2076.6883
   2075.6930
   2077.0437
   2084.2289
   2075.6930
   2075.0528
   2120.9517
   2154.8122
   2075.0528
   2074.0232
   2072.2777
   2085.6888
   2074.0232
   2071.7661
   2118.1962
   2151.0202
   2071.7661
   2070.6725
   2072.3037
   2078.9252
   2070.6725
   2070.1289
   2118.6181
   2147.4050
   2070.1289
   2069.2375
   2070.3066
   2078.0586
   2069.2375
   2068.4843
   2115.4462
   2147.2328
   2068.4843
   2067.6629
   2065.6346
   2079.6151
   2067.6629
   2065.2074
   2112.7015
   2143.4499
   2065.2074
   2064.2178
   2065.5673
   2072.7560
   2064.2178
   2063.5771
   2109.5443
   2143.2913
   2063.5771
   2062.4373
   2064.2079
   2070.5499
   2062.4373
   2061.9356
   2109.9623
   2139.6716
   2061.9356
   2060.9981
   2062.2064
   2069.6791
   2060.9981
   2060.3006
   2106.8004
   2139.5086
   2060.3006
   2059.3871
   2057.4981
   2071.1992
   2059.3871
   2057.0292
   2104.0619
   2135.7304
   2057.0292
   2055.9936
   2057.4820
   2064.3920
   2055.9936
   2055.4068
   2104.5001
   2132.1286
   2055.4068
   2054.5736
   2055.4995
   2063.5407
   2054.5736
   2053.7627
   2101.3288
   2131.9567
   2053.7627
   2052.7793
   2054.1264
   2061.3207
   2052.7793
   2052.1374
   2098.1770
   2131.8029
   2052.1374
   2051.0038
   2052.7719
   2059.1199
   2051.0038
   2050.5012
   2098.6011
   2128.1876
   2050.5012
   2049.9013
   2047.5864
   2062.1447
   2049.9013
   2047.2447
   2095.8789
   2124.4231
   2047.2447
   2046.3657
   2047.4299
   2055.1937
   2046.3657
   2045.6103
   2092.7177
   2124.2604
   2045.6103
   2044.5811
   2046.0663
   2052.9836
   2044.5811
   2043.9946
   2089.5760
   2124.1157
   2043.9946
   2042.8153
   2044.7214
   2050.7925
   2042.8153
   2042.3542
   2089.9962
   2120.4960
   2042.3542
   2041.6629
   2039.4861
   2053.7673
   2041.6629
   2039.1031
   2087.2801
   2116.7362
   2039.1031
   2038.1784
   2039.3804
   2046.8679
   2038.1784
   2037.4782
   2084.1289
   2116.5826
   2037.4782
   2036.4034
   2038.0263
   2044.6675
   2036.4034
   2035.8570
   2084.5694
   2112.9809
   2035.8570
   2034.9847
   2036.0448
   2043.8177
   2034.9847
   2034.2275
   2081.4135
   2112.8228
   2034.2275
   2033.2051
   2034.6862
   2041.6127
   2033.2051
   2032.6168
   2078.2772
   2112.6828
   2032.6168
   2031.5338
   2029.9169
   2043.0731
   2031.5338
   2029.3798
   2079.1644
   2105.4841
   2029.3798
   2028.6123
   2029.3884
   2037.7330
   2028.6123
   2027.7411
   2075.9991
   2105.3171
   2027.7411
   2026.8234
   2028.0206
   2035.5187
   2026.8234
   2026.1212
   2072.8532
   2105.1681
   2026.1212
   2025.0534
   2026.6714
   2033.3234
   2025.0534
   2024.5200
   2069.7268
   2105.0372
   2024.5200
   2023.3465
   2021.8665
   2034.7481
   2023.3465
   2021.2747
   2070.6064
   2097.8297
   2021.2747
   2020.4620
   2021.3747
   2029.4453
   2020.4620
   2019.6455
   2067.4510
   2097.6717
   2019.6455
   2018.6827
   2020.0163
   2027.2407
   2018.6827
   2018.0351
   2064.3151
   2097.5318
   2018.0351
   2016.9223
   2018.6765
   2025.0552
   2016.9223
   2016.4152
   2064.7581
   2093.9304
   2016.4152
   2015.8581
   2013.5271
   2028.1206
   2015.8581
   2013.1899
   2062.0706
   2090.1936
   2013.1899
   2012.3322
   2013.3810
   2021.1787
   2012.3322
   2011.5703
   2058.9252
   2090.0448
   2011.5703
   2010.5625
   2012.0320
   2018.9838
   2010.5625
   2009.9693
   2055.7993
   2089.9139
   2009.9693
   2008.8116
   2010.7016
   2016.8080
   2008.8116
   2008.3453
   2056.2384
   2086.3081
   2008.3453
   2007.3902
   2008.7171
   2015.9559
   2007.3902
   2006.7398
   2053.1078
   2086.1727
   2006.7398
   2005.7923
   2004.0193
   2017.4916
   2005.7923
   2003.5441
   2054.0410
   2079.0110
   2003.5441
   2002.8444
   2003.4651
   2012.1245
   2002.8444
   2001.9238
   2047.3057
   2082.3144
   2001.9238
   2000.7213
   2002.7466
   2008.5818
   2000.7213
   2000.2957
   2047.7410
   2078.7042
   2000.2957
   1999.2959
   2000.7580
   2007.7257
   1999.2959
   1998.7007
   2048.2108
   2075.1257
   1998.7007
   1997.9036
   1998.8022
   2006.9032
   1997.9036
   1997.0812
   2045.0658
   2074.9768
   1997.0812
   1996.4506
   1994.2472
   2008.5858
   1996.4506
   1993.8985
   2038.8342
   2074.7331
   1993.8985
   1992.6515
   1994.8114
   2000.3765
   1992.6515
   1992.2960
   2042.8864
   2067.6937
   1992.2960
   1991.6046
   1992.2169
   2000.8940
   1991.6046
   1990.6797
   2036.1549
   2071.0013
   1990.6797
   1989.4854
   1991.5024
   1997.3552
   1989.4854
   1989.0572
   2036.5967
   2067.3959
   1989.0572
   1988.3377
   1986.2689
   2000.3376
   1988.3377
   1985.8531
   2033.9332
   2063.6777
   1985.8531
   1984.9144
   1986.2248
   1993.4988
   1984.9144
   1984.2734
   2034.4198
   2060.1132
   1984.2734
   1983.5377
   1984.2841
   1992.6922
   1983.5377
   1982.6799
   2027.7117
   2063.4429
   1982.6799
   1981.4414
   1983.5922
   1989.1765
   1981.4414
   1981.0840
   2031.7720
   2056.4088
   1981.0840
   1980.4012
   1981.0042
   1989.7011
   1980.4012
   1979.4715
   2025.0440
   2059.7203
   1979.4715
   1978.3632
   1976.8501
   1989.8022
   1978.3632
   1976.2710
   2025.9753
   2052.5510
   1976.2710
   1975.4911
   1976.3711
   1984.5114
   1975.4911
   1974.7002
   2019.2905
   2055.9029
   1974.7002
   1973.4176
   1975.7018
   1981.0187
   1973.4176
   1973.0871
   2023.3336
   2048.8512
   1973.0871
   1972.3602
   1973.0965
   1981.5259
   1972.3602
   1971.4724
   2020.1940
   2048.7067
   1971.4724
   1970.5955
   1971.7523
   1979.3364
   1970.5955
   1969.8765
   2017.0737
   2048.5801
   1969.8765
   1968.8496
   1970.4267
   1977.1659
   1968.8496
   1968.2992
   2013.9729
   2048.4716
   1968.2992
   1967.2091
   1965.6850
   1978.6602
   1967.2091
   1965.1102
   2014.9175
   2041.3120
   1965.1102
   1964.3395
   1965.2086
   1973.3717
   1964.3395
   1963.5049
   2011.7876
   2041.1763
   1963.5049
   1962.5842
   1963.8737
   1971.1917
   1962.5842
   1961.9183
   2008.6771
   2041.0587
   1961.9183
   1960.8477
   1962.5573
   1969.0307
   1960.8477
   1960.3267
   2009.1527
   2037.4814
   1960.3267
   1959.4591
   1960.6046
   1968.2124
   1959.4591
   1958.7354
   2006.0375
   2037.3592
   1958.7354
   1957.9645
   1956.0069
   1969.8547
   1957.9645
   1955.5576
   2003.4033
   2033.6642
   1955.5576
   1954.5933
   1956.0148
   1963.0679
   1954.5933
   1953.9803
   2000.3026
   2033.5554
   1953.9803
   1952.8661
   1954.7077
   1960.9164
   1952.8661
   1952.3848
   2000.7746
   2029.9739
   1952.3848
   1951.4736
   1952.7510
   1960.0943
   1951.4736
   1950.8028
   1997.6691
   2029.8606
   1950.8028
   1949.9448
   1948.1191
   1961.7024
   1949.9448
   1947.6644
   1998.6683
   2022.7477
   1947.6644
   1947.0097
   1947.5781
   1956.3475
   1947.0097
   1946.0623
   1991.9501
   2026.0704
   1946.0623
   1944.9047
   1946.8777
   1952.8229
   1944.9047
   1944.4629
   1992.4185
   2022.4847
   1944.4629
   1943.5084
   1944.9171
   1951.9970
   1943.5084
   1942.8966
   1992.9215
   2018.9308
   1942.8966
   1942.1454
   1942.9895
   1951.2048
   1942.1454
   1941.3361
   1986.2463
   2022.2936
   1941.3361
   1940.0915
   1938.8184
   1951.2913
   1940.0915
   1938.1432
   1987.1900
   2015.1273
   1938.1432
   1937.2954
   1938.4150
   1946.0768
   1937.2954
   1936.5611
   1984.0845
   2015.0136
   1936.5611
   1935.5634
   1937.1029
   1943.9205
   1935.5634
   1934.9910
   1984.5839
   2011.4555
   1934.9910
   1934.1966
   1935.1714
   1943.1246
   1934.1966
   1933.4041
   1981.4736
   2011.3373
   1933.4041
   1932.4599
   1933.8546
   1940.9635
   1932.4599
   1931.8359
   1978.3826
   2011.2369
   1931.8359
   1930.9121
   1929.2031
   1942.5533
   1930.9121
   1928.7017
   1979.3884
   2004.1259
   1928.7017
   1928.0142
   1928.6991
   1937.2358
   1928.0142
   1927.1250
   1972.6959
   2007.4737
   1927.1250
   1925.9347
   1928.0240
   1933.7368
   1925.9347
   1925.5277
   1973.1677
   2003.8890
   1925.5277
   1924.5406
   1926.0654
   1932.9134
   1924.5406
   1923.9636
   1973.6740
   2000.3360
   1923.9636
   1923.1798
   1924.1397
   1932.1238
   1923.1798
   1922.3812
   1970.5684
   2000.2219
   1922.3812
   1921.4475
   1922.8273
   1929.9673
   1921.4475
   1920.8175
   1967.4823
   2000.1258
   1920.8175
   1919.9152
   1918.1905
   1931.5732
   1919.9152
   1917.6713
   1964.8837
   1996.4588
   1917.6713
   1916.6414
   1918.2957
   1924.8841
   1916.6414
   1916.1034
   1965.3865
   1992.9017
   1916.1034
   1915.2769
   1916.3662
   1924.0908
   1915.2769
   1914.5302
   1962.2906
   1992.7964
   1914.5302
   1913.5539
   1915.0629
   1921.9437
   1913.5539
   1912.9721
   1962.8039
   1989.2486
   1912.9721
   1912.1992
   1913.1431
   1921.1604
   1912.1992
   1911.3941
   1959.7031
   1989.1386
   1911.3941
   1910.4715
   1911.8351
   1919.0085
   1910.4715
   1909.8348
   1956.6216
   1989.0466
   1909.8348
   1908.9549
   1907.2134
   1920.6308
   1908.9549
   1906.6991
   1954.0347
   1985.3889
   1906.6991
   1905.6804
   1907.3181
   1913.9408
   1905.6804
   1905.1372
   1954.5445
   1981.8371
   1905.1372
   1904.3220
   1905.3945
   1913.1538
   1904.3220
   1903.5684
   1951.4533
   1981.7358
   1903.5684
   1902.6034
   1904.0956
   1911.0112
   1902.6034
   1902.0164
   1951.9735
   1978.1933
   1902.0164
   1901.2549
   1902.1817
   1910.2343
   1901.2549
   1900.4428
   1948.8774
   1978.0874
   1900.4428
   1899.5316
   1900.8780
   1908.0870
   1899.5316
   1898.8879
   1945.8007
   1977.9994
   1898.8879
   1898.0311
   1896.2717
   1909.7260
   1898.0311
   1895.7626
   1943.2255
   1974.3510
   1895.7626
   1894.7555
   1896.3756
   1903.0347
   1894.7555
   1894.2069
   1943.7423
   1970.8045
   1894.2069
   1893.4033
   1894.4580
   1902.2541
   1893.4033
   1892.6424
   1940.6558
   1970.7072
   1892.6424
   1891.6891
   1893.1633
   1900.1161
   1891.6891
   1891.0966
   1937.5885
   1970.6279
   1891.0966
   1890.1557
   1888.5241
   1901.7222
   1890.1557
   1887.9913
   1938.6293
   1963.5402
   1887.9913
   1887.2955
   1888.0580
   1896.4423
   1887.2955
   1886.4447
   1931.9667
   1966.9181
   1886.4447
   1885.2460
   1887.4127
   1892.9736
   1885.2460
   1884.8912
   1936.0811
   1959.9150
   1884.8912
   1884.2493
   1884.8655
   1893.5443
   1884.2493
   1883.3252
   1929.3982
   1963.2744
   1883.3252
   1882.1803
   1884.2009
   1890.0558
   1882.1803
   1881.7522
   1929.8979
   1959.7106
   1881.7522
   1880.8110
   1882.2661
   1889.2581
   1880.8110
   1880.2126
   1930.4323
   1956.1787
   1880.2126
   1879.4750
   1880.3643
   1888.4942
   1879.4750
   1878.6476
   1927.3454
   1956.0808
   1878.6476
   1878.1391
   1875.9200
   1890.3006
   1878.1391
   1875.5735
   1921.2297
   1955.9387
   1875.5735
   1874.3870
   1876.5341
   1882.1354
   1874.3870
   1874.0282
   1925.3538
   1948.9424
   1874.0282
   1873.3987
   1873.9949
   1882.7148
   1873.3987
   1872.4644
   1918.6729
   1952.3043
   1872.4644
   1871.3320
   1873.3326
   1879.2286
   1871.3320
   1870.8978
   1919.1797
   1948.7459
   1870.8978
   1869.9689
   1871.4039
   1878.4374
   1869.9689
   1869.3644
   1919.7213
   1945.2194
   1869.3644
   1868.6393
   1869.5083
   1877.6801
   1868.6393
   1867.8037
   1916.6389
   1945.1255
   1867.8037
   1866.9289
   1868.2172
   1875.5459
   1866.9289
   1866.2615
   1913.5760
   1945.0494
   1866.2615
   1865.4787
   1863.6591
   1877.2373
   1865.4787
   1863.1677
   1911.0358
   1941.4289
   1863.1677
   1862.1975
   1863.7582
   1870.5397
   1862.1975
   1861.6307
   1911.5741
   1937.8986
   1861.6307
   1860.8643
   1861.8589
   1869.7788
   1860.8643
   1860.0790
   1908.5012
   1937.8132
   1860.0790
   1859.1630
   1860.5767
   1867.6539
   1859.1630
   1858.5459
   1905.4476
   1937.7456
   1858.5459
   1857.4803
   1859.3130
   1865.5478
   1857.4803
   1856.9954
   1905.9722
   1934.2020
   1856.9954
   1856.5384
   1854.2761
   1868.7455
   1856.5384
   1853.9169
   1903.4487
   1930.5956
   1853.9169
   1853.1094
   1854.2290
   1861.8982
   1853.1094
   1852.3741
   1900.3852
   1930.5187
   1852.3741
   1851.4170
   1852.9557
   1859.7824
   1851.4170
   1850.8499
   1897.3410
   1930.4597
   1850.8499
   1849.7433
   1851.7008
   1857.6854
   1849.7433
   1849.2959
   1897.8623
   1926.9123
   1849.2959
   1848.3931
   1849.7845
   1856.9076
   1848.3931
   1847.7753
   1898.4184
   1923.3968
   1847.7753
   1847.0764
   1847.9013
   1856.1636
   1847.0764
   1846.2228
   1895.3450
   1923.3105
   1846.2228
   1845.3744
   1846.6184
   1854.0380
   1845.3744
   1844.6890
   1892.2909
   1923.2421
   1844.6890
   1843.9593
   1842.0942
   1855.7660
   1843.9593
   1841.6162
   1889.7742
   1919.6403
   1841.6162
   1840.6726
   1842.1881
   1849.0622
   1840.6726
   1840.0961
   1886.7345
   1919.5851
   1840.0961
   1839.0030
   1840.9373
   1846.9695
   1839.0030
   1838.5485
   1887.2631
   1916.0432
   1838.5485
   1837.6593
   1839.0273
   1846.1984
   1837.6593
   1837.0343
   1887.8265
   1912.5333
   1837.0343
   1836.3491
   1837.1504
   1845.4612
   1836.3491
   1835.4860
   1884.7575
   1912.4508
   1835.4860
   1834.6512
   1835.8715
   1843.3399
   1834.6512
   1833.9562
   1881.7078
   1912.3862
   1833.9562
   1833.2543
   1831.3647
   1845.0867
   1833.2543
   1830.8939
   1879.2029
   1908.7938
   1830.8939
   1829.9641
   1831.4555
   1838.3792
   1829.9641
   1829.3779
   1876.1675
   1908.7423
   1829.3779
   1828.2986
   1830.2086
   1836.2907
   1828.2986
   1827.8368
   1876.7035
   1905.2060
   1827.8368
   1826.9615
   1828.3050
   1835.5264
   1826.9615
   1826.3290
   1877.2743
   1901.7017
   1826.3290
   1825.6579
   1826.4344
   1834.7960
   1825.6579
   1824.8135
   1870.6419
   1905.1115
   1824.8135
   1823.6394
   1825.8200
   1831.3583
   1823.6394
   1823.2870
   1874.7911
   1898.1281
   1823.2870
   1822.6705
   1823.2989
   1831.9586
   1822.6705
   1821.7518
   1868.1382
   1901.5190
   1821.7518
   1820.7790
   1819.2840
   1832.2138
   1820.7790
   1818.6961
   1869.2388
   1894.4710
   1818.6961
   1817.9847
   1818.8838
   1826.9996
   1817.9847
   1817.1606
   1866.1835
   1894.4006
   1817.1606
   1816.2997
   1817.6176
   1824.8915
   1816.2997
   1815.6437
   1863.1473
   1894.3481
   1815.6437
   1814.6334
   1816.3698
   1822.8022
   1814.6334
   1814.1191
   1863.7014
   1890.8269
   1814.1191
   1813.3130
   1814.4825
   1822.0549
   1813.3130
   1812.5973
   1860.6603
   1890.7697
   1812.5973
   1811.6417
   1813.2298
   1819.9607
   1811.6417
   1811.0828
   1861.2250
   1887.2580
   1811.0828
   1810.3314
   1811.3524
   1819.2237
   1810.3314
   1809.5561
   1858.1789
   1887.1960
   1809.5561
   1808.6553
   1810.0949
   1817.1245
   1808.6553
   1808.0480
   1855.1520
   1887.1519
   1808.0480
   1807.2144
   1805.5434
   1818.8281
   1807.2144
   1805.0071
   1852.6711
   1883.5781
   1805.0071
   1804.0116
   1805.7212
   1812.2084
   1804.0116
   1803.4891
   1853.2327
   1880.0627
   1803.4891
   1802.6978
   1803.8403
   1811.4681
   1802.6978
   1801.9713
   1850.1959
   1880.0091
   1801.9713
   1801.0306
   1802.5915
   1809.3779
   1801.0306
   1800.4633
   1850.7681
   1876.5031
   1800.4633
   1799.7269
   1800.7206
   1808.6479
   1799.7269
   1798.9406
   1847.7262
   1876.4448
   1798.9406
   1798.0548
   1799.4669
   1806.5528
   1798.0548
   1797.4364
   1844.7035
   1876.4042
   1797.4364
   1796.6332
   1794.9340
   1808.2764
   1796.6332
   1794.4272
   1845.8556
   1869.3980
   1794.4272
   1793.8007
   1794.4964
   1803.0233
   1793.8007
   1792.9154
   1839.2259
   1872.8124
   1792.9154
   1791.7858
   1793.8856
   1799.5893
   1791.7858
   1791.3807
   1839.7709
   1869.2802
   1791.3807
   1790.4553
   1791.9880
   1798.8322
   1790.4553
   1789.8795
   1840.3508
   1865.7800
   1789.8795
   1789.1585
   1790.1236
   1798.1092
   1789.1585
   1788.3606
   1837.3130
   1865.7252
   1788.3606
   1787.4902
   1788.8738
   1796.0181
   1787.4902
   1786.8602
   1834.2945
   1865.6882
   1786.8602
   1785.8405
   1787.6423
   1793.9458
   1785.8405
   1785.3456
   1834.8608
   1862.1750
   1785.3456
   1784.9832
   1782.6850
   1797.2330
   1784.9832
   1782.3359
   1832.4141
   1858.6294
   1782.3359
   1781.5755
   1782.6606
   1790.4058
   1781.5755
   1780.8257
   1829.3855
   1858.5830
   1780.8257
   1779.9160
   1781.4193
   1788.3236
   1779.9160
   1779.3340
   1826.3761
   1858.5543
   1779.3340
   1778.2751
   1780.1965
   1786.2601
   1778.2751
   1777.8161
   1826.9394
   1855.0374
   1777.8161
   1776.9616
   1778.3155
   1785.5204
   1776.9616
   1776.3317
   1827.5376
   1851.5526
   1776.3317
   1775.6817
   1776.4677
   1784.8147
   1775.6817
   1774.8118
   1824.4989
   1851.4965
   1774.8118
   1774.0123
   1775.2167
   1782.7226
   1774.0123
   1773.3103
   1821.4795
   1851.4583
   1773.3103
   1772.3615
   1773.9840
   1780.6493
   1772.3615
   1771.8273
   1818.4792
   1851.4378
   1771.8273
   1770.8987
   1769.4091
   1782.3325
   1770.8987
   1768.8185
   1819.6349
   1844.4290
   1768.8185
   1768.1295
   1769.0344
   1777.1430
   1768.1295
   1767.3072
   1816.6053
   1844.3812
   1767.3072
   1766.4688
   1767.7919
   1775.0598
   1766.4688
   1765.8143
   1813.5949
   1844.3512
   1765.8143
   1764.8267
   1766.5679
   1772.9953
   1764.8267
   1764.3134
   1814.1766
   1840.8498
   1764.3134
   1763.5303
   1764.7035
   1772.2730
   1763.5303
   1762.8156
   1811.1612
   1840.8150
   1762.8156
   1761.8833
   1763.4745
   1770.2035
   1761.8833
   1761.3248
   1811.7536
   1837.3230
   1761.3248
   1760.5970
   1761.6202
   1769.4916
   1760.5970
   1759.8221
   1808.7331
   1837.2835
   1759.8221
   1758.9450
   1760.3863
   1767.4172
   1758.9450
   1758.3379
   1805.7318
   1837.2616
   1758.3379
   1757.5533
   1755.8810
   1769.1728
   1757.5533
   1755.3446
   1803.3042
   1833.7301
   1755.3446
   1754.3736
   1756.0827
   1762.5754
   1754.3736
   1753.8505
   1803.8938
   1830.2346
   1753.8505
   1753.0842
   1754.2251
   1761.8604
   1753.0842
   1752.3564
   1800.8823
   1830.2032
   1752.3564
   1751.4408
   1752.9998
   1759.7947
   1751.4408
   1750.8725
   1801.4826
   1826.7173
   1750.8725
   1750.1616
   1751.1522
   1759.0901
   1750.1616
   1749.3735
   1798.4661
   1826.6811
   1749.3735
   1748.5133
   1749.9219
   1757.0194
   1748.5133
   1747.8929
   1795.4687
   1826.6627
   1747.8929
   1746.8835
   1748.7100
   1754.9675
   1746.8835
   1746.3957
   1796.0555
   1823.1638
   1746.3957
   1745.5910
   1746.8492
   1754.2494
   1745.5910
   1744.9102
   1793.0530
   1823.1405
   1744.9102
   1744.2709
   1742.4141
   1756.0782
   1744.2709
   1741.9696
   1794.2829
   1816.1939
   1741.9696
   1741.9696
   1746.0320
   1747.7937
   1741.9696
   1741.9327
   1790.6429
   1819.6231
   1741.9327
   1741.4046
   1739.3966
   1753.3650
   1741.4046
   1738.9603
   1788.2385
   1816.1104
   1738.9603
   1738.1174
   1800.3115
   1802.8458
   1738.1174
   1738.1174
   1739.4922
   1746.6586
   1738.1174
   1737.4834
   1785.2450
   1816.0953
   1737.4834
   1736.4913
   1738.2838
   1744.6104
   1736.4913
   1735.9931
   1785.8397
   1812.6025
   1735.9931
   1735.2058
   1736.4299
   1743.8997
   1735.2058
   1734.5112
   1782.8412
   1812.5825
   1734.5112
   1733.5747
   1735.2165
   1741.8465
   1733.5747
   1733.0312
   1783.4466
   1809.0993
   1733.0312
   1732.2994
   1733.3726
   1741.1461
   1732.2994
   1731.5443
   1780.4429
   1809.0745
   1731.5443
   1730.6634
   1732.1543
   1739.0879
   1730.6634
   1730.0759
   1777.4584
   1809.0675
   1730.0759
   1729.2844
   1727.6603
   1740.8578
   1729.2844
   1727.1228
   1778.6773
   1802.1072
   1727.1228
   1726.5025
   1727.2735
   1735.6551
   1726.5025
   1725.6542
   1772.0903
   1805.5653
   1725.6542
   1724.5307
   1726.7057
   1732.2645
   1724.5307
   1724.1764
   1776.3012
   1798.6183
   1724.1764
   1723.6119
   1724.2316
   1732.9177
   1723.6119
   1722.6877
   1769.6931
   1802.0571
   1722.6877
   1721.6199
   1723.6438
   1729.5066
   1721.6199
   1721.1913
   1770.2824
   1798.5575
   1721.1913
   1720.3284
   1721.7837
   1728.7899
   1720.3284
   1719.7285
   1770.9066
   1795.0900
   1719.7285
   1719.0705
   1719.9568
   1728.1073
   1719.0705
   1718.2402
   1767.9016
   1795.0636
   1718.2402
   1717.4330
   1718.7370
   1726.0478
   1717.4330
   1716.7703
   1764.9158
   1795.0550
   1716.7703
   1715.8140
   1717.5355
   1724.0069
   1715.8140
   1715.2943
   1765.5266
   1791.5746
   1715.2943
   1714.5429
   1715.6955
   1723.3110
   1714.5429
   1713.8194
   1762.5357
   1791.5611
   1713.8194
   1713.2878
   1711.3232
   1725.2070
   1713.2878
   1710.8737
   1760.1611
   1788.0719
   1710.8737
   1710.0291
   1711.4476
   1718.5288
   1710.0291
   1709.4123
   1757.1842
   1788.0713
   1709.4123
   1708.4186
   1710.2545
   1716.4965
   1708.4186
   1707.9332
   1757.7923
   1784.5875
   1707.9332
   1707.1445
   1708.4114
   1715.7977
   1707.1445
   1706.4668
   1754.8102
   1784.5821
   1706.4668
   1705.5290
   1707.2133
   1713.7605
   1705.5290
   1704.9980
   1755.4292
   1781.1079
   1704.9980
   1704.2652
   1705.3803
   1713.0721
   1704.2652
   1703.5265
   1752.4419
   1781.0976
   1703.5265
   1702.6446
   1704.1772
   1711.0298
   1702.6446
   1702.0679
   1753.0717
   1777.6331
   1702.0679
   1701.3911
   1702.3543
   1710.3518
   1701.3911
   1700.5915
   1750.0793
   1777.6179
   1700.5915
   1699.7656
   1701.1462
   1708.3045
   1699.7656
   1699.1334
   1747.1061
   1777.6204
   1699.1334
   1698.4530
   1696.7164
   1710.1431
   1698.4530
   1696.1986
   1744.7440
   1774.1406
   1696.1986
   1695.2797
   1696.9256
   1703.5508
   1695.2797
   1694.7370
   1745.3711
   1770.6728
   1694.7370
   1694.0232
   1695.0998
   1702.8700
   1694.0232
   1693.2690
   1742.3876
   1770.6656
   1693.2690
   1692.4061
   1693.9000
   1700.8312
   1692.4061
   1691.8176
   1743.0255
   1767.2074
   1691.8176
   1691.1599
   1692.0842
   1700.1609
   1691.1599
   1690.3446
   1740.0369
   1767.1953
   1690.3446
   1689.5378
   1690.8795
   1698.1170
   1689.5378
   1688.8899
   1737.0673
   1767.2009
   1688.8899
   1687.9341
   1689.6930
   1696.0918
   1687.9341
   1687.4254
   1737.6918
   1763.7298
   1687.4254
   1686.6747
   1687.8641
   1695.4082
   1686.6747
   1685.9657
   1734.7171
   1763.7306
   1685.9657
   1685.0660
   1686.6726
   1693.3780
   1685.0660
   1684.5114
   1735.3525
   1760.2691
   1684.5114
   1683.8170
   1684.8539
   1692.7048
   1683.8170
   1683.0467
   1732.3726
   1760.2650
   1683.0467
   1682.2032
   1683.6574
   1690.6695
   1682.2032
   1681.6004
   1729.4118
   1760.2785
   1681.6004
   1680.6080
   1682.4791
   1688.6528
   1680.6080
   1680.1330
   1730.0337
   1756.8042
   1680.1330
   1679.8290
   1677.5932
   1692.0254
   1679.8290
   1677.2244
   1727.7006
   1753.3482
   1677.2244
   1676.4934
   1677.6424
   1685.2688
   1676.4934
   1675.7681
   1724.7295
   1753.3519
   1675.7681
   1674.8881
   1676.4541
   1683.2420
   1674.8881
   1674.3301
   1721.7774
   1753.3734
   1674.3301
   1673.3012
   1675.2841
   1681.2338
   1673.3012
   1672.8598
   1722.3969
   1749.8958
   1672.8598
   1672.0361
   1673.4493
   1680.5446
   1672.0361
   1671.4231
   1723.0514
   1746.4505
   1671.4231
   1670.8048
   1671.6480
   1679.8896
   1670.8048
   1669.9567
   1720.0700
   1746.4445
   1669.9567
   1669.1893
   1670.4497
   1677.8527
   1669.1893
   1668.5086
   1717.1075
   1746.4561
   1668.5086
   1667.5923
   1669.2697
   1675.8343
   1667.5923
   1667.0588
   1717.7488
   1742.9980
   1667.0588
   1666.3479
   1667.4553
   1675.1661
   1666.3479
   1665.6057
   1714.7812
   1743.0047
   1665.6057
   1664.7458
   1666.2702
   1673.1427
   1664.7458
   1664.1710
   1711.8326
   1743.0291
   1664.1710
   1663.4233
   1661.8289
   1674.9731
   1663.4233
   1661.2789
   1713.1235
   1736.1193
   1661.2789
   1661.2789
   1665.6064
   1666.8426
   1661.2789
   1661.2683
   1709.5068
   1739.5775
   1661.2683
   1660.6338
   1658.8855
   1672.3392
   1660.6338
   1658.3708
   1707.1866
   1736.1308
   1658.3708
   1657.4749
   1659.1098
   1665.7607
   1657.4749
   1656.9285
   1707.8362
   1732.6792
   1656.9285
   1656.2380
   1657.3027
   1665.1003
   1656.2380
   1655.4786
   1704.8721
   1732.6888
   1655.4786
   1654.6391
   1656.1208
   1663.0802
   1654.6391
   1654.0466
   1705.5327
   1729.2469
   1654.0466
   1653.4126
   1654.3239
   1662.4304
   1653.4126
   1652.5916
   1702.5634
   1729.2517
   1652.5916
   1651.8087
   1653.1369
   1660.4052
   1651.8087
   1651.1550
   1699.6131
   1729.2741
   1651.1550
   1650.2232
   1651.9682
   1658.3986
   1650.2232
   1649.7099
   1700.2604
   1725.8193
   1649.7099
   1648.9836
   1650.1583
   1657.7355
   1648.9836
   1648.2682
   1697.3049
   1725.8368
   1648.2682
   1647.3930
   1648.9844
   1655.7238
   1647.3930
   1646.8449
   1694.3685
   1725.8719
   1646.8449
   1645.8208
   1647.8288
   1653.7307
   1645.8208
   1645.3867
   1695.0024
   1722.4043
   1645.3867
   1644.5681
   1646.0059
   1653.0545
   1644.5681
   1643.9623
   1695.6715
   1718.9690
   1643.9623
   1643.3493
   1644.2164
   1652.4125
   1643.3493
   1642.5104
   1692.7056
   1718.9766
   1642.5104
   1641.7485
   1643.0325
   1650.3906
   1641.7485
   1641.0770
   1689.7588
   1719.0019
   1641.0770
   1640.5263
   1638.6892
   1652.3235
   1640.5263
   1638.2009
   1687.4625
   1715.5741
   1638.2009
   1637.3468
   1638.8936
   1645.7237
   1637.3468
   1636.7737
   1688.1292
   1712.1357
   1636.7737
   1636.1252
   1637.1013
   1645.0791
   1636.1252
   1635.3300
   1685.1719
   1712.1511
   1635.3300
   1634.5327
   1635.9255
   1643.0655
   1634.5327
   1633.9047
   1682.2337
   1712.1841
   1633.9047
   1632.9586
   1634.7679
   1641.0705
   1632.9586
   1632.4645
   1682.8871
   1708.7329
   1632.4645
   1631.7239
   1632.9626
   1640.4128
   1631.7239
   1631.0341
   1679.9436
   1708.7610
   1631.0341
   1630.1447
   1631.7999
   1638.4127
   1630.1447
   1629.6042
   1680.6080
   1705.3196
   1629.6042
   1628.9205
   1630.0049
   1637.7655
   1628.9205
   1628.1687
   1677.6593
   1705.3427
   1628.1687
   1627.3362
   1628.8372
   1635.7602
   1627.3362
   1626.7492
   1678.3346
   1701.9111
   1626.7492
   1626.1223
   1627.0524
   1635.1237
   1626.1223
   1625.3526
   1631.2085
   1629.3749
   1625.3526
   1625.3086
   1675.3807
   1701.9292
   1625.3086
   1624.5329
   1625.8796
   1633.1133
   1624.5329
   1623.8994
   1676.0670
   1698.5074
   1623.8994
   1623.3295
   1624.1051
   1632.4873
   1623.3295
   1622.4537
   1673.1078
   1698.5206
   1622.4537
   1621.7350
   1622.9272
   1630.4717
   1621.7350
   1621.0264
   1670.1677
   1698.5514
   1621.0264
   1620.1588
   1621.7675
   1628.4748
   1620.1588
   1619.6173
   1667.2465
   1698.5998
   1619.6173
   1618.6010
   1620.6259
   1626.4964
   1618.6010
   1618.1717
   1667.8953
   1695.1426
   1618.1717
   1617.3611
   1618.8152
   1625.8335
   1617.3611
   1616.7599
   1668.5794
   1691.7177
   1616.7599
   1616.1551
   1617.0381
   1625.2050
   1616.1551
   1615.3223
   1665.6287
   1691.7386
   1615.3223
   1614.5687
   1615.8682
   1623.1977
   1614.5687
   1613.9030
   1662.6971
   1691.7771
   1613.9030
   1613.0006
   1614.7164
   1621.2090
   1613.0006
   1612.4782
   1663.3679
   1688.3395
   1612.4782
   1611.7816
   1612.9263
   1620.5674
   1611.7816
   1611.0538
   1660.4310
   1688.3730
   1611.0538
   1610.6349
   1608.6561
   1622.5781
   1610.6349
   1608.2099
   1658.1706
   1684.9737
   1608.2099
   1607.4216
   1608.8277
   1615.9435
   1607.4216
   1606.7986
   1655.2475
   1685.0199
   1606.7986
   1605.8616
   1607.6840
   1613.9630
   1605.8616
   1605.3712
   1655.9160
   1681.5793
   1605.3712
   1604.6400
   1605.8912
   1613.3189
   1604.6400
   1603.9549
   1652.9876
   1681.6205
   1603.9549
   1603.0750
   1604.7423
   1611.3333
   1603.0750
   1602.5378
   1653.6671
   1678.1897
   1602.5378
   1601.8638
   1602.9598
   1610.6998
   1601.8638
   1601.1164
   1650.7335
   1678.2259
   1601.1164
   1600.2936
   1601.8059
   1608.7090
   1600.2936
   1599.7098
   1651.4240
   1674.8049
   1599.7098
   1599.0930
   1600.0337
   1608.0861
   1599.0930
   1598.2832
   1648.4851
   1674.8361
   1598.2832
   1597.5176
   1598.8746
   1606.0901
   1597.5176
   1596.8749
   1645.5651
   1674.8849
   1596.8749
   1595.9606
   1597.7337
   1604.1127
   1595.9606
   1595.4553
   1646.2425
   1671.4512
   1595.4553
   1594.7469
   1595.9486
   1603.4767
   1594.7469
   1594.0418
   1643.3172
   1671.4950
   1594.0418
   1593.1848
   1594.8026
   1601.4941
   1593.1848
   1592.6326
   1644.0057
   1668.0712
   1592.6326
   1591.9816
   1593.0278
   1600.8688
   1591.9816
   1591.2141
   1641.0751
   1668.1099
   1591.2141
   1590.4143
   1591.8767
   1598.8811
   1590.4143
   1589.8137
   1638.1636
   1668.1663
   1589.8137
   1588.8654
   1590.7437
   1596.9118
   1588.8654
   1588.3916
   1638.8388
   1664.7297
   1588.3916
   1587.6492
   1588.9560
   1596.2734
   1587.6492
   1586.9862
   1635.9220
   1664.7811
   1586.9862
   1586.4761
   1584.6586
   1598.2588
   1586.4761
   1584.1966
   1637.3298
   1657.9601
   1584.1966
   1584.1966
   1588.3069
   1589.9874
   1584.1966
   1584.1639
   1633.6861
   1661.4007
   1584.1639
   1583.3301
   1584.8972
   1591.6916
   1583.3301
   1582.7715
   1630.7829
   1661.4647
   1582.7715
   1582.0787
   1580.5221
   1593.5980
   1582.0787
   1579.9561
   1632.1644
   1654.6182
   1579.9561
   1579.3859
   1580.2252
   1588.4834
   1579.3859
   1578.5352
   1629.2317
   1654.6546
   1578.5352
   1577.8163
   1579.0717
   1586.4934
   1577.8163
   1577.1325
   1626.3179
   1654.7085
   1577.1325
   1576.2650
   1577.9363
   1584.5219
   1576.2650
   1575.7288
   1627.0131
   1651.2888
   1575.7288
   1575.0674
   1576.1668
   1583.9025
   1575.0674
   1574.3210
   1624.0941
   1651.3376
   1574.3210
   1573.5110
   1575.0263
   1581.9258
   1573.5110
   1572.9314
   1621.1940
   1651.4041
   1572.9314
   1571.9728
   1573.9038
   1579.9676
   1571.9728
   1571.5148
   1621.8760
   1647.9717
   1571.5148
   1570.7622
   1572.1214
   1579.3351
   1570.7622
   1570.1320
   1622.5934
   1644.5717
   1570.1320
   1569.5857
   1570.3727
   1578.7372
   1569.5857
   1568.7435
   1616.0842
   1648.1121
   1568.7435
   1567.6939
   1569.8844
   1575.4268
   1567.6939
   1567.3416
   1620.3923
   1641.2205
   1567.3416
   1566.8529
   1567.4835
   1576.1627
   1566.8529
   1565.9323
   1613.8613
   1644.7409
   1565.9323
   1564.9402
   1566.9745
   1572.8312
   1564.9402
   1564.5132
   1614.5413
   1641.3057
   1564.5132
   1563.7272
   1565.1896
   1572.1965
   1563.7272
   1563.1280
   1615.2566
   1637.9030
   1563.1280
   1562.5483
   1563.4384
   1571.5962
   1562.5483
   1561.7178
   1612.3352
   1637.9493
   1561.7178
   1560.9894
   1562.2954
   1569.6171
   1560.9894
   1560.3257
   1609.4328
   1638.0132
   1560.3257
   1559.4489
   1561.1705
   1567.6566
   1559.4489
   1558.9276
   1610.1350
   1634.5978
   1558.9276
   1558.2570
   1559.4063
   1567.0433
   1558.2570
   1557.5304
