  4 1   8    0.5    0.0   10.0 
  4 1  10    0.5   -5      5.0
  4 1   8    0.5    0.0   10.0
  4 1  10    0.5   -5      5.0
  4 1   8    0.5    0.0   10.0
  4 1  10    0.5   -5      5.0
  4 1   8    0.5    0.0   10.0
  4 1  10    0.5   -5      5.0
  4 1   8    0.5    0.0   10.0
  4 1  10    0.5   -5      5.0
  4 1   8    0.5    0.0   10.0
  4 1  10    0.5   -5      5.0
  4 1   8    0.5    0.0   10.0
  4 1  10    0.5   -5      5.0 
  4 1   8    0.5    0.0   10.0
  4 1  10    0.5   -5      5.0
  4 1   8    0.5    0.0   10.0
  4 1  10    0.5   -5      5.0
  4 1   8    0.5    0.0   10.0
  4 1  10    0.5   -5      5.0
  4 1   8    0.5    0.0   10.0
  4 1  10    0.5   -5      5.0
  4 1   8    0.5    0.0   10.0
  4 1  10    0.5   -5      5.0
  4 1   8    0.5    0.0   10.0 
  4 1  10    0.5   -5      5.0
  4 1   8    0.5    0.0   10.0
  4 1  10    0.5   -5      5.0
  4 1   8    0.5    0.0   10.0
  4 1  10    0.5   -5      5.0
  4 1   8    0.5    0.0   10.0
  4 1  10    0.5   -5      5.0
  4 1   8    0.5    0.0   10.0
  4 1  10    0.5   -5      5.0
  4 1   8    0.5    0.0   10.0
  4 1  10    0.5   -5      5.0
  4 1   8    0.5    0.0   10.0
  4 1  10    0.5   -5      5.0 
  4 1   8    0.5    0.0   10.0
  4 1  10    0.5   -5      5.0
  4 1   8    0.5    0.0   10.0
  4 1  10    0.5   -5      5.0
  4 1   8    0.5    0.0   10.0
  4 1  10    0.5   -5      5.0
  4 1   8    0.5    0.0   10.0
  4 1  10    0.5   -5      5.0
  4 1   8    0.5    0.0   10.0
  4 1  10    0.5   -5      5.0
  4 1   8    0.5    0.0   10.0 
  4 1  10    0.5   -5      5.0
  4 1   8    0.5    0.0   10.0
  4 1  10    0.5   -5      5.0
  4 1   8    0.5    0.0   10.0
  4 1  10    0.5   -5      5.0
  4 1   8    0.5    0.0   10.0
  4 1  10    0.5   -5      5.0
  4 1   8    0.5    0.0   10.0
  4 1  10    0.5   -5      5.0
  4 1   8    0.5    0.0   10.0
  4 1  10    0.5   -5      5.0
  4 1   8    0.5    0.0   10.0
  4 1  10    0.5   -5      5.0 
  4 1   8    0.5    0.0   10.0
  4 1  10    0.5   -5      5.0
  4 1   8    0.5    0.0   10.0
  4 1  10    0.5   -5      5.0
  4 1   8    0.5    0.0   10.0
  4 1  10    0.5   -5      5.0
  4 1   8    0.5    0.0   10.0
  4 1  10    0.5   -5      5.0
  4 1   8    0.5    0.0   10.0
  4 1  10    0.5   -5      5.0
  4 1   8    0.5    0.0   10.0 
  4 1  10    0.5   -5      5.0
  4 1   8    0.5    0.0   10.0
  4 1  10    0.5   -5      5.0
  4 1   8    0.5    0.0   10.0
  4 1  10    0.5   -5      5.0
  4 1   8    0.5    0.0   10.0
  4 1  10    0.5   -5      5.0
  4 1   8    0.5    0.0   10.0
  4 1  10    0.5   -5      5.0
  4 1   8    0.5    0.0   10.0
  4 1  10    0.5   -5      5.0
  4 1   8    0.5    0.0   10.0
  4 1  10    0.5   -5      5.0 
  4 1   8    0.5    0.0   10.0
  4 1  10    0.5   -5      5.0
  4 1   8    0.5    0.0   10.0
  4 1  10    0.5   -5      5.0
  4 1   8    0.5    0.0   10.0
  4 1  10    0.5   -5      5.0
  4 1   8    0.5    0.0   10.0
  4 1  10    0.5   -5      5.0
  4 1   8    0.5    0.0   10.0
  4 1  10    0.5   -5      5.0
  4 1   8    0.5    0.0   10.0 
  4 1  10    0.5   -5      5.0
  4 1   8    0.5    0.0   10.0
  4 1  10    0.5   -5      5.0
  4 1   8    0.5    0.0   10.0
  4 1  10    0.5   -5      5.0
  4 1   8    0.5    0.0   10.0
  4 1  10    0.5   -5      5.0
  4 1   8    0.5    0.0   10.0
  4 1  10    0.5   -5      5.0
  4 1   8    0.5    0.0   10.0
  4 1  10    0.5   -5      5.0
  4 1   8    0.5    0.0   10.0
  4 1  10    0.5   -5      5.0 
  4 1   8    0.5    0.0   10.0
  4 1  10    0.5   -5      5.0
  4 1   8    0.5    0.0   10.0
  4 1  10    0.5   -5      5.0
  4 1   8    0.5    0.0   10.0
  4 1  10    0.5   -5      5.0
  4 1   8    0.5    0.0   10.0
  4 1  10    0.5   -5      5.0
  4 1   8    0.5    0.0   10.0
  4 1  10    0.5   -5      5.0
  4 1   8    0.5    0.0   10.0 
  4 1  10    0.5   -5      5.0
  4 1   8    0.5    0.0   10.0
  4 1  10    0.5   -5      5.0
  4 1   8    0.5    0.0   10.0
  4 1  10    0.5   -5      5.0
  4 1   8    0.5    0.0   10.0
  4 1  10    0.5   -5      5.0
  4 1   8    0.5    0.0   10.0
  4 1  10    0.5   -5      5.0
  4 1   8    0.5    0.0   10.0
  4 1  10    0.5   -5      5.0
  4 1   8    0.5    0.0   10.0
  4 1  10    0.5   -5      5.0 
  4 1   8    0.5    0.0   10.0
  4 1  10    0.5   -5      5.0
  4 1   8    0.5    0.0   10.0
  4 1  10    0.5   -5      5.0
  4 1   8    0.5    0.0   10.0
  4 1  10    0.5   -5      5.0
  4 1   8    0.5    0.0   10.0
  4 1  10    0.5   -5      5.0
  4 1   8    0.5    0.0   10.0
  4 1  10    0.5   -5      5.0
