    993.5893
   1012.0077
    938.5065
    938.1451
    939.4247
    946.8602
    938.1410
    937.4602
    991.0655
   1012.3853
    937.4602
    936.9534
    938.6437
    945.2617
    936.9534
    936.4155
    992.1865
   1009.2610
    936.4155
    936.4155
    941.0844
    941.7129
    936.4155
    936.4155
    992.1865
   1009.2610
    936.4155
    936.1214
    937.2235
    945.0244
    936.1214
    935.3676
    989.6556
   1009.6424
    935.3676
    934.9276
    936.4363
    943.4197
    934.9276
    934.3370
    987.1427
   1010.0404
    934.3370
    933.7512
    935.6664
    941.8326
    933.7512
    933.2810
    988.2522
   1006.9050
    933.2810
    933.2810
    938.1742
    938.3522
    933.2810
    933.2810
    988.2522
   1006.9050
    933.2810
    932.9079
    934.2349
    941.5839
    932.9079
    932.2443
    985.7330
   1007.2971
    932.2443
    931.7254
    933.4588
    939.9907
    931.7254
    931.2004
    986.8554
   1004.1731
    931.2004
    930.8942
    932.0393
    939.7543
    930.8942
    930.1576
    984.3299
   1004.5592
    930.1576
    930.1576
    935.2748
    935.0027
    930.1576
    930.1576
    984.3299
   1004.5592
    930.1576
    929.7055
    931.2572
    938.1549
    929.7055
    929.1258
    985.4650
   1001.4467
    929.1258
    928.8865
    929.8497
    937.9309
    928.8865
    928.0769
    982.9333
   1001.8268
    928.0769
    928.0769
    933.0129
    933.1053
    928.0769
    928.0769
    982.9333
   1001.8268
    928.0769
    927.6917
    929.0615
    936.3253
    927.6917
    927.0453
    980.4195
   1002.2236
    927.0453
    926.5143
    928.2904
    934.7372
    926.5143
    926.0022
    981.5432
    999.0999
    926.0022
    925.6840
    926.8716
    934.5019
    925.6840
    924.9644
    979.0232
    999.4908
    924.9644
    924.9644
    930.1241
    929.7671
    924.9644
    924.9644
    979.0232
    999.4908
    924.9644
    924.5005
    926.0945
    932.9076
    924.5005
    923.9334
    980.1597
    996.3785
    923.9334
    923.6823
    924.6877
    932.6846
    923.6823
    922.8896
    977.6334
    996.7634
    922.8896
    922.4926
    923.9045
    931.0842
    922.4926
    921.8630
    975.1250
    997.1649
    921.8630
    921.3203
    923.1384
    929.5014
    921.3203
    920.8207
    976.2501
    994.0415
    920.8207
    920.8207
    925.6176
    925.9907
    920.8207
    920.8207
    976.2501
    994.0415
    920.8207
    920.4908
    921.7204
    929.2670
    920.4908
    919.7880
    973.7354
    994.4370
    919.7880
    919.3124
    920.9482
    927.6780
    919.3124
    918.7579
    974.8733
    991.3251
    918.7579
    918.7579
    923.3731
    924.1117
    918.7579
    918.7579
    974.8733
    991.3251
    918.7579
    918.4951
    919.5422
    927.4560
    918.4951
    917.7190
    972.3524
    991.7147
    917.7190
    917.3105
    918.7639
    925.8608
    917.3105
    916.6975
    969.8494
    992.1208
    916.6975
    916.1432
    918.0028
    924.2831
    916.1432
    915.6561
    970.9759
    988.9978
    915.6561
    915.6561
    920.4944
    920.7848
    915.6561
    915.6561
    970.9759
    988.9978
    915.6561
    915.3147
    916.5855
    924.0498
    915.3147
    914.6284
    968.4666
    989.3980
    914.6284
    914.1413
    915.8183
    922.4660
    914.1413
    913.5991
    969.6060
    986.2864
    913.5991
    913.5991
    918.2556
    918.9120
    913.5991
    913.6179
    965.9752
    989.8148
    913.6179
    912.9852
    915.0682
    920.8996
    912.9852
    912.5653
    967.0903
    986.6806
    912.5653
    912.1454
    913.6397
    920.6550
    912.1454
    911.5482
    968.2426
    983.5805
    911.5482
    911.3413
    912.2465
    920.4465
    911.3413
    910.5082
    965.7207
    983.9688
    910.5082
    910.5082
    915.3874
    915.5963
    910.5082
    910.5082
    965.7207
    983.9688
    910.5082
    910.1556
    911.4671
    918.8502
    910.1556
    909.4855
    963.2167
    984.3736
    909.4855
    908.9872
    910.7047
    917.2715
    908.9872
    908.4571
    964.3575
    981.2624
    908.4571
    908.1718
    909.3003
    917.0517
    908.1718
    907.4283
    961.8472
    981.6613
    907.4283
    907.4283
    912.5300
    912.2918
    907.4283
    907.4283
    961.8472
    981.6613
    907.4283
    906.9972
    908.5319
    915.4668
    906.9972
    906.4121
    963.0009
    978.5615
    906.4121
    906.1942
    907.1396
    915.2594
    906.1942
    905.3771
    960.4843
    978.9544
    905.3771
    905.0134
    906.3650
    913.6682
    905.0134
    904.3593
    957.9857
    979.3639
    904.3593
    904.3593
    909.6833
    908.9986
    904.3593
    904.3593
    957.9857
    979.3639
    904.3593
    903.8500
    905.6075
    912.0946
    903.8500
    903.3319
    959.1280
    976.2531
    903.3319
    903.0356
    904.2040
    911.8759
    903.0356
    902.3080
    956.6230
    976.6566
    902.3080
    901.8660
    903.4404
    910.2961
    901.8660
    901.2928
    957.7783
    973.5573
    901.2928
    901.2928
    905.8475
    906.7102
    901.2928
    901.3013
    954.1360
    977.0766
    901.3013
    900.7138
    902.6939
    908.7337
    900.7138
    900.2627
    955.2669
    973.9547
    900.2627
    899.8882
    901.2793
    908.5038
    899.8882
    899.2597
    956.4351
    970.8670
    899.2597
    899.2597
    903.6318
    904.8620
    899.2597
    899.2499
    952.7735
    974.3688
    899.2499
    898.7297
    900.5266
    906.9352
    898.7297
    898.2235
    953.9174
    971.2585
    898.2235
    897.9164
    899.1240
    906.7177
    897.9164
    897.2044
    951.4177
    971.6665
    897.2044
    896.7518
    898.3653
    905.1429
    896.7518
    896.1903
    952.5745
    968.5677
    896.1903
    896.1903
    900.7842
    901.5687
    896.1903
    896.2027
    948.9359
    972.0911
    896.2027
    895.6044
    897.6236
    903.5856
    895.6044
    895.1651
    950.0684
    968.9697
    895.1651
    894.7799
    896.2099
    903.3569
    894.7799
    894.1631
    951.2382
    965.8824
    894.1631
    893.9912
    894.8315
    903.1643
    893.9912
    893.1317
    948.7258
    966.2785
    893.1317
    893.1317
    897.9472
    898.2865
    893.1317
    893.1664
    945.1100
    969.8235
    893.1664
    892.4902
    894.7314
    900.2473
    892.4902
    892.1420
    949.9084
    963.2027
    892.1420
    892.0377
    892.6941
    901.3970
    892.0377
    891.1207
    943.7547
    967.1202
    891.1207
    890.5120
    892.5696
    898.4550
    890.5120
    890.0841
    944.8888
    963.9993
    890.0841
    890.0841
    895.1210
    895.0156
    890.0841
    890.0841
    944.8888
    963.9993
    890.0841
    889.6886
    891.1568
    898.2275
    889.6886
    889.0832
    946.0602
    960.9125
    889.0832
    888.9009
    889.7794
    898.0362
    888.9009
    888.0567
    943.5530
    961.3131
    888.0567
    888.0567
    892.9105
    893.1735
    888.0567
    888.0567
    943.5530
    961.3131
    888.0567
    887.7288
    889.0131
    896.4539
    887.7288
    887.0474
    941.0637
    961.7302
    887.0474
    886.5740
    888.2640
    894.8892
    886.5740
    886.0353
    942.2237
    958.6324
    886.0353
    886.0353
    890.7059
    891.3376
    886.0353
    886.0554
    938.5923
    962.1639
    886.0554
    885.4364
    887.5319
    893.3419
    885.4364
    885.0199
    939.7281
    959.0435
    885.0199
    884.6141
    886.1201
    893.1156
    884.6141
    884.0200
    940.9011
    955.9573
    884.0200
    883.8276
    884.7436
    892.9256
    883.8276
    882.9984
    938.3990
    956.3623
    882.9984
    882.9984
    887.8898
    888.0778
    882.9984
    882.9984
    938.3990
    956.3623
    882.9984
    882.6604
    883.9821
    891.3483
    882.6604
    881.9940
    935.9149
    956.7840
    881.9940
    881.5104
    883.2377
    889.7885
    881.5104
    880.9829
    937.0766
    953.6867
    880.9829
    880.7127
    881.8502
    889.5873
    880.7127
    879.9723
    934.5862
    954.1023
    879.9723
    879.9723
    885.0844
    884.8291
    879.9723
    879.9723
    934.5862
    954.1023
    879.9723
    879.5566
    881.0996
    888.0212
    879.5566
    878.9736
    935.7608
    951.0166
    878.9736
    878.7712
    879.7242
    887.8325
    878.7712
    878.0027
    929.6589
    954.9831
    878.0027
    877.2960
    879.6497
    884.9415
    877.2960
    876.9703
    934.4516
    948.3521
    876.9703
    876.9703
    881.3108
    882.6073
    876.9703
    876.9571
    930.7850
    951.8523
    876.9571
    876.4637
    878.2278
    884.7054
    876.4637
    875.9472
    931.9484
    948.7556
    875.9472
    875.6672
    876.8412
    884.5054
    875.6672
    874.9414
    929.4631
    949.1757
    874.9414
    874.9414
    880.0901
    879.7618
    874.9414
    874.9414
    929.4631
    949.1757
    874.9414
    874.5159
    876.0954
    882.9443
    874.5159
    873.9438
    930.6395
    946.0906
    873.9438
    873.7317
    874.7210
    882.7569
    873.7317
    872.9318
    928.1478
    946.5046
    872.9318
    872.5742
    873.9690
    881.1896
    872.5742
    871.9369
    925.6739
    946.9351
    871.9369
    871.9369
    877.3057
    876.5353
    871.9369
    871.9465
    929.3371
    943.4311
    871.9465
    871.8024
    872.6068
    881.0147
    871.8024
    870.9593
    923.2180
    947.3822
    870.9593
    870.3108
    872.5161
    878.1072
    870.3108
    869.9552
    928.0415
    940.7772
    869.9552
    869.9552
    874.1479
    875.7426
    869.9552
    869.9271
    924.3588
    944.2636
    869.9271
    869.4920
    871.1074
    877.8849
    869.4920
    868.9433
    921.8965
    944.7046
    868.9433
    868.3628
    870.3833
    876.3461
    868.3628
    867.9234
    923.0504
    941.5976
    867.9234
    867.5564
    868.9868
    876.1364
    867.5564
    866.9393
    924.2415
    938.5247
    866.9393
    866.9393
    871.3519
    872.5049
    866.9393
    866.9333
    920.5816
    942.0325
    866.9333
    866.4208
    868.2565
    874.5914
    866.4208
    865.9258
    921.7485
    938.9371
    865.9258
    865.6268
    866.8722
    874.3942
    865.6268
    864.9295
    919.2734
    939.3660
    864.9295
    864.4850
    866.1357
    872.8429
    864.4850
    863.9343
    920.4533
    936.2822
    863.9343
    863.9343
    868.5665
    869.2782
    863.9343
    863.9343
    920.4533
    936.2822
    863.9343
    863.7034
    864.7636
    872.6583
    863.7034
    862.9317
    917.9718
    936.7051
    862.9317
    862.5554
    864.0209
    871.1007
    862.5554
    861.9463
    915.5081
    937.1444
    861.9463
    861.9463
    867.3860
    866.4744
    861.9463
    861.9488
    919.1647
    933.6329
    861.9488
    861.7861
    862.6610
    870.9286
    861.7861
    860.9400
    916.6768
    934.0497
    860.9400
    860.6319
    861.9121
    869.3648
    860.6319
    859.9484
    914.2067
    934.4830
    859.9484
    859.9484
    865.2037
    864.6631
    859.9484
    859.9484
    914.2067
    934.4830
    859.9484
    859.4949
    861.1802
    867.8183
    859.4949
    858.9545
    915.3885
    931.3999
    858.9545
    858.7145
    859.8093
    867.6351
    858.7145
    857.9566
    912.9120
    931.8271
    857.9566
    857.5713
    859.0712
    866.0824
    857.5713
    856.9759
    910.4534
    932.2708
    856.9759
    856.9759
    862.4502
    861.4697
    856.9759
    856.9750
    914.1068
    928.7556
    856.9750
    856.8033
    857.7124
    865.9118
    856.8033
    855.9709
    911.6239
    929.1768
    855.9709
    855.6538
    856.9682
    864.3528
    855.6538
    854.9840
    909.1588
    929.6144
    854.9840
    854.9840
    860.2735
    859.6647
    854.9840
    854.9840
    909.1588
    929.6144
    854.9840
    854.5215
    856.2409
    862.8112
    854.5215
    853.9913
    910.3424
    926.5320
    853.9913
    853.7425
    854.8712
    862.6295
    853.7425
    852.9981
    907.8710
    926.9636
    852.9981
    852.6039
    854.1377
    861.0815
    852.6039
    852.0178
    909.0676
    923.8929
    852.0178
    852.0178
    856.5340
    857.4806
    852.0178
    852.0221
    905.4174
    927.4116
    852.0221
    851.4826
    853.4213
    859.5510
    851.4826
    851.0184
    906.5898
    924.3184
    851.0184
    850.6925
    852.0405
    859.3582
    850.6925
    850.0504
    907.7995
    921.2593
    850.0504
    850.0504
    854.3814
    855.7006
    850.0504
    850.0361
    904.1297
    924.7603
    850.0361
    849.5649
    851.3178
    857.8214
    849.5649
    849.0447
    905.3152
    921.6787
    849.0447
    848.7873
    849.9493
    857.6412
    848.7873
    848.0562
    902.8487
    922.1146
    848.0562
    848.0562
    853.1944
    852.8908
    848.0562
    848.0562
    902.8487
    922.1146
    848.0562
    847.6534
    849.2204
    856.0981
    847.6534
    847.0772
    904.0473
    919.0447
    847.0772
    846.8882
    847.8641
    855.9305
    846.8882
    846.0824
    901.5744
    919.4744
    846.0824
    846.0824
    851.0354
    851.1045
    846.0824
    846.1306
    897.9693
    923.0358
    846.1306
    845.4373
    847.8137
    853.0641
    845.4373
    845.1158
    902.7861
    916.4162
    845.1158
    844.9953
    845.7849
    854.2261
    844.9953
    844.1147
    900.3067
    916.8399
    844.1147
    843.8488
    845.0436
    852.6704
    843.8488
    843.1308
    897.8452
    917.2801
    843.1308
    843.1308
    848.3019
    847.9329
    843.1308
    843.1308
    897.8452
    917.2801
    843.1308
    842.7196
    844.3192
    851.1320
    842.7196
    842.1532
    899.0457
    914.2109
    842.1532
    841.9558
    842.9642
    850.9660
    841.9558
    841.1630
    896.5778
    914.6450
    841.1630
    841.1630
    846.1486
    846.1528
    841.1630
    841.1630
    896.5778
    914.6450
    841.1630
    840.8203
    842.2336
    849.4213
    840.8203
    840.1900
    894.1277
    915.0955
    840.1900
    839.7020
    841.5201
    847.8940
    839.7020
    839.2013
    895.3170
    912.0155
    839.2013
    838.9272
    840.1541
    847.7169
    838.9272
    838.2220
    892.8605
    912.4600
    838.2220
    838.2220
    843.4253
    842.9921
    838.2220
    838.2220
    892.8605
    912.4600
    838.2220
    837.8026
    839.4343
    846.1833
    837.8026
    837.2457
    894.0630
    909.3917
    837.2457
    837.0403
    838.0805
    846.0189
    837.0403
    836.2602
    891.6000
    909.8300
    836.2602
    836.2602
    841.2778
    841.2183
    836.2602
    836.2602
    891.6000
    909.8300
    836.2602
    835.9094
    837.3545
    844.4789
    835.9094
    835.2917
    889.1548
    910.2848
    835.2917
    834.7957
    836.6454
    842.9564
    834.7957
    834.3044
    890.3461
    907.2056
    834.3044
    834.0223
    835.2807
    842.7809
    834.0223
    833.3530
    891.5749
    904.1608
    833.3530
    833.3530
    837.5955
    839.0951
    833.3530
    833.3297
    887.8945
    907.6543
    833.3297
    832.9024
    834.5654
    841.2520
    832.9024
    832.3721
    885.4606
    908.1194
    832.3721
    831.7996
    833.8671
    839.7404
    831.7996
    831.4159
    890.3408
    901.5538
    831.4159
    831.4159
    835.4721
    837.3464
    831.4159
    831.3739
    886.6408
    905.0294
    831.3739
    831.0152
    832.4915
    839.5539
    831.0152
    830.4100
    884.2005
    905.4884
    830.4100
    829.9061
    831.7869
    838.0360
    829.9061
    829.4241
    885.3939
    902.4101
    829.4241
    829.4241
    834.2871
    834.5395
    829.4241
    829.4241
    885.3939
    902.4101
    829.4241
    829.1342
    830.4236
    837.8622
    829.1342
    828.4539
    882.9471
    902.8630
    828.4539
    828.0188
    829.7127
    836.3380
    828.0188
    827.4805
    884.1537
    899.7965
    827.4805
    827.4805
    832.1573
    832.7844
    827.4805
    827.5009
    880.5181
    903.3324
    827.5009
    826.9206
    829.0188
    834.8311
    826.9206
    826.5430
    885.3976
    896.7643
    826.5430
    826.5361
    827.0463
    836.0521
    826.5361
    825.5447
    879.2650
    900.7065
    825.5447
    825.5447
    831.0275
    830.0341
    825.5447
    825.5431
    882.9201
    897.1885
    825.5431
    825.3909
    826.3059
    834.4978
    825.3909
    824.6024
    876.8473
    901.1861
    824.6024
    823.9458
    826.2613
    831.6372
    823.9458
    823.6118
    881.6933
    894.5861
    823.6118
    823.6118
    827.9157
    829.2932
    823.6118
    823.5947
    878.0185
    898.0862
    823.5947
    823.1520
    824.8761
    831.4413
    823.1520
    822.6228
    879.2271
    895.0206
    822.6228
    822.3942
    823.5265
    831.2818
    822.3942
    821.6508
    876.7787
    895.4715
    821.6508
    821.2770
    822.8138
    829.7559
    821.2770
    820.6959
    874.3481
    895.9389
    820.6959
    820.6959
    826.2088
    825.1555
    820.6959
    820.6913
    878.0005
    892.4176
    820.6913
    820.5317
    821.4765
    829.6092
    820.5317
    819.7130
    875.5456
    892.8624
    819.7130
    819.4082
    820.7576
    828.0769
    819.4082
    818.7519
    873.1085
    893.3237
    818.7519
    818.7519
    824.0782
    823.4003
    818.7519
    818.7661
    876.7806
    889.8204
    818.7661
    818.6755
    819.4327
    827.9428
    818.6755
    817.8078
    870.6892
    893.8013
    817.8078
    817.2127
    819.3705
    825.0643
    817.2127
    816.8470
    875.5675
    887.2287
    816.8470
    816.8470
    820.9938
    822.6881
    816.8470
    816.8140
    871.8757
    890.7141
    816.8140
    816.4330
    884.6720
    877.6646
    816.4330
    816.4330
    817.9991
    824.8829
    816.4330
    815.8636
    869.4499
    891.1856
    815.8636
    815.3375
    817.3078
    823.3789
    815.3375
    814.8823
    870.6495
    888.1102
    814.8823
    814.8823
    819.8351
    819.9088
    814.8823
    814.8823
    870.6495
    888.1102
    814.8823
    814.5703
    815.9487
    823.2102
    814.5703
    813.9368
    871.8867
    885.0691
    813.9368
    813.9368
    818.2997
    819.5599
    813.9368
    813.9255
    868.2172
    888.5755
    813.9255
    813.4685
    815.2511
    821.6998
    813.4685
    812.9567
    869.4301
    885.5119
    812.9567
    812.7138
    813.9044
    821.5439
    812.7138
    811.9937
    866.9913
    885.9711
    811.9937
    811.6057
    813.2005
    820.0271
    811.6057
    811.0373
    868.2174
    882.9192
    811.0373
    811.0373
    815.6161
    816.4425
    811.0373
    811.0477
    864.5703
    886.4467
    811.0477
    810.5146
    812.5136
    818.5278
    810.5146
    810.0679
    865.7721
    883.3723
    810.0679
    809.7491
    811.1560
    818.3608
    809.7491
    809.1156
    863.3446
    883.8417
    809.1156
    808.6517
    810.4627
    816.8550
    808.6517
    808.1484
    864.5597
    880.7791
    808.1484
    808.1484
    812.9428
    813.3361
    808.1484
    808.1484
    864.5597
    880.7791
    808.1484
    807.8987
    809.1176
    816.7009
    807.8987
    807.1898
    862.1256
    881.2424
    807.1898
    807.1898
    812.3868
    811.9706
    807.1898
    807.2171
    865.8122
    877.7508
    807.2171
    807.1818
    807.8080
    816.5832
    807.1818
    806.2482
    859.7093
    881.7221
    806.2482
    805.7084
    807.7354
    813.6939
    805.7084
    805.2701
    860.9134
    878.6487
    805.2701
    804.9445
    806.3793
    813.5287
    804.9445
    804.3279
    862.1549
    875.6097
    804.3279
    804.3279
    808.7474
    809.8950
    804.3279
    804.3222
    858.4906
    879.1222
    804.3222
    803.8516
    805.6904
    812.0275
    803.8516
    803.3566
    859.7079
    876.0607
    803.3566
    803.3566
    808.1788
    808.5167
    803.3566
    803.3566
    859.7079
    876.0607
    803.3566
    803.1003
    804.3467
    811.8751
    803.1003
    802.4023
    857.2786
    876.5280
    802.4023
    802.0010
    803.6515
    810.3675
    802.0010
    801.4492
    858.5091
    873.4783
    801.4492
    801.4492
    806.0839
    806.7993
    801.4492
    801.4652
    854.8670
    877.0118
    801.4652
    800.9188
    802.9732
    808.8772
    800.9188
    800.4887
    856.0733
    873.9395
    800.4887
    800.1566
    801.6187
    808.7139
    800.1566
    799.5481
    857.3171
    870.9016
    799.5481
    799.5481
    803.9950
    805.0883
    799.5481
    799.5452
    853.6552
    874.4171
    799.5452
    799.0681
    800.9341
    807.2172
    799.0681
    798.5812
    854.8748
    871.3566
    798.5812
    798.3185
    799.5920
    807.0667
    798.3185
    797.6313
    852.4502
    871.8280
    797.6313
    797.2236
    798.9011
    805.5636
    797.2236
    796.6799
    853.6830
    868.7793
    796.6799
    796.6799
    801.3416
    802.0033
    796.6799
    796.6799
    853.6830
    868.7793
    796.6799
    796.4866
    797.5714
    805.4259
    796.4866
    795.7237
    851.2518
    869.2446
    795.7237
    795.3854
    796.8741
    803.9164
    795.3854
    794.7845
    848.8384
    869.7262
    794.7845
    794.7845
    800.2510
    799.2947
    794.7845
    794.7848
    852.4979
    866.2078
    794.7848
    794.6610
    795.5569
    803.7915
    794.6610
    793.8223
    850.0603
    866.6668
    793.8223
    793.5534
    794.8533
    802.2756
    793.5534
    792.8767
    847.6404
    867.1422
    792.8767
    792.8767
    798.1553
    797.5771
    792.8767
    792.8767
    847.6404
    867.1422
    792.8767
    792.4628
    794.1666
    800.7769
    792.4628
    791.9270
    848.8755
    864.0947
    791.9270
    791.7276
    792.8386
    800.6411
    791.7276
    790.9751
    846.4490
    864.5639
    790.9751
    790.9751
    796.0656
    795.8659
    790.9751
    790.9751
    846.4490
    864.5639
    790.9751
    790.6307
    792.1456
    799.1361
    790.6307
    790.0380
    847.6974
    861.5283
    790.0380
    789.9082
    790.8300
    799.0131
    789.9082
    789.0797
    845.2644
    861.9913
    789.0797
    789.0797
    793.9820
    794.1610
    789.0797
    789.1225
    841.6492
    865.5516
    789.1225
    788.4882
    790.8103
    796.1779
    788.4882
    788.1552
    846.5262
    858.9676
    788.1552
    788.0950
    788.8275
    797.3915
    788.0950
    787.1906
    844.0866
    859.4244
    787.1906
    787.1906
    791.9045
    792.4625
    787.1906
    787.2144
    840.4516
    862.9665
    787.2144
    786.6496
    788.7827
    794.5306
    786.6496
    786.2430
    841.6648
    859.8976
    786.2430
    785.8927
    787.4330
    794.3730
    785.8927
    785.3076
    842.9156
    856.8631
    785.3076
    785.3076
    789.8330
    790.7703
    785.3076
    785.3124
    839.2607
    860.3872
    785.3124
    784.8173
    786.7611
    792.8897
    784.8173
    784.3536
    840.4872
    857.3301
    784.3536
    784.0730
    785.4240
    792.7450
    784.0730
    783.4308
    841.7513
    854.3076
    783.4308
    783.4308
    787.7676
    789.0846
    783.4308
    783.4167
    838.0765
    857.8135
    783.4167
    782.9912
    784.7457
    791.2552
    782.9912
    782.4705
    839.3164
    854.7684
    782.4705
    782.2596
    783.4210
    791.1234
    782.2596
    781.5272
    836.8992
    855.2455
    781.5272
    781.5272
    786.6685
    786.3679
    781.5272
    781.5272
    836.8992
    855.2455
    781.5272
    781.1713
    782.7365
    789.6272
    781.1713
    780.5936
    838.1523
    852.2123
    780.5936
    780.4524
    781.4242
    789.5082
    780.4524
    779.6439
    835.7286
    852.6832
    779.6439
    779.6439
    784.5965
    784.6756
    779.6439
    779.6439
    835.7286
    852.6832
    779.6439
    779.3578
    780.7333
    788.0055
    779.3578
    778.7112
    833.3225
    853.1706
    778.7112
    778.2802
    780.0593
    786.5202
    778.2802
    777.7668
    834.5648
    850.1266
    777.7668
    777.7668
    782.5306
    782.9898
    777.7668
    777.7668
    834.5648
    850.1266
    777.7668
    777.5505
    778.7363
    786.3903
    777.5505
    776.8278
    832.1521
    850.6077
    776.8278
    776.4665
    778.0559
    784.8985
    776.4665
    775.9058
    829.7572
    851.1052
    775.9058
    775.9058
    781.4735
    780.3162
    775.9058
    775.8960
    833.4077
    847.5757
    775.8960
    775.7495
    776.7454
    784.7816
    775.7495
    774.9506
    830.9886
    848.0506
    774.9506
    774.6591
    776.0586
    783.2833
    774.6591
    774.0221
    828.5870
    848.5418
    774.0221
    774.0221
    779.4009
    778.6239
    774.0221
    774.0314
    832.2575
    845.0305
    774.0314
    773.9548
    774.7607
    783.1792
    773.9548
    773.1107
    826.2032
    849.0494
    773.1107
    772.5296
    774.7358
    780.3386
    772.5296
    772.1730
    831.1141
    842.4910
    772.1730
    772.1730
    776.3693
    777.9704
    772.1730
    772.1447
    827.4237
    845.9841
    772.1447
    771.7783
    773.3913
    780.1871
    771.7783
    771.2269
    825.0333
    846.4855
    771.2269
    770.7156
    772.7319
    778.7169
    770.7156
    770.2736
    775.2741
    775.2582
    770.2736
    770.2736
    826.2671
    843.4321
    770.2736
    770.2736
    775.2741
    775.2582
    770.2736
    770.2736
    826.2671
    843.4321
    770.2736
    769.9770
    771.3999
    778.5783
    769.9770
    769.3563
    827.5386
    840.4133
    769.3563
    769.2747
    770.1037
    778.4763
    769.2747
    768.4087
    825.1173
    840.8859
    768.4087
    768.4087
    773.2198
    773.5850
    768.4087
    768.4087
    825.1173
    840.8859
    768.4087
    768.1821
    769.4147
    776.9759
    768.1821
    767.4780
    822.7138
    841.3747
    767.4780
    767.1066
    768.7426
    775.4928
    767.1066
    766.5644
    820.3279
    841.8800
    766.5644
    766.5644
    772.1791
    770.9287
    766.5644
    766.5500
    823.9744
    838.3453
    766.5500
    766.3935
    767.4357
    775.3800
    766.3935
    765.6130
    821.5642
    838.8279
    765.6130
    765.3115
    766.7572
    773.8904
    765.3115
    764.6976
    822.8382
    835.8105
    764.6976
    764.6976
    769.1295
    770.2577
    764.6976
    764.6929
    819.1718
    839.3269
    764.6929
    764.2467
    766.0955
    772.4181
    764.2467
    763.7541
    820.4215
    836.2868
    763.7541
    763.5228
    764.7779
    772.2945
    763.5228
    762.8277
    818.0224
    836.7796
    762.8277
    762.8277
    768.0633
    767.5756
    762.8277
    762.8277
    818.0224
    836.7796
    762.8277
    762.4515
    764.1099
    770.8157
    762.4515
    761.9015
    819.2855
    833.7515
    761.9015
    761.7403
    762.8048
    770.7050
    761.7403
    760.9686
    816.8799
    834.2379
    760.9686
    760.9686
    766.0146
    765.9087
    760.9686
    760.9686
    816.8799
    834.2379
    760.9686
    760.6626
    762.1304
    769.2197
    760.6626
    760.0552
    818.1564
    831.2218
    760.0552
    760.0552
    764.5094
    765.5935
    760.0552
    760.0527
    814.4919
    834.7407
    760.0527
    759.6019
    761.4728
    767.7517
    759.6019
    759.1159
    815.7442
    831.7020
    759.1159
    758.8800
    760.1570
    767.6303
    758.8800
    758.1936
    813.3496
    832.1986
    758.1936
    757.8129
    759.4931
    766.1557
    757.8129
    757.2694
    814.6153
    829.1718
    757.2694
    757.2694
    761.9355
    762.5940
    757.2694
    757.2882
    810.9727
    832.7114
    757.2882
    756.7628
    758.8459
    764.6984
    756.7628
    756.3814
    815.9187
    826.1797
    756.3814
    756.3814
    760.4553
    762.3046
    756.3814
    756.3407
    812.2141
    829.6621
    756.3407
    756.0301
    757.5195
    764.5662
    756.0301
    755.4289
    809.8306
    830.1687
    755.4289
    754.9736
    756.8660
    763.1024
    754.9736
    754.4940
    811.0854
    827.1314
    754.4940
    754.4940
    759.3717
    759.6051
    754.4940
    754.4940
    811.0854
    827.1314
    754.4940
    754.2537
    755.5521
    762.9832
    754.2537
    753.5758
    808.6953
    827.6317
    753.5758
    753.1908
    754.8921
    761.5129
    753.1908
    752.6536
    809.9636
    824.6064
    752.6536
    752.6536
    757.3410
    757.9574
    752.6536
    752.6536
    809.9636
    824.6064
    752.6536
    752.4837
    753.5908
    761.4066
    752.4837
    751.7290
    807.5669
    825.1005
    751.7290
    751.4142
    752.9245
    759.9298
    751.4142
    750.8213
    805.1877
    825.6109
    750.8213
    750.8213
    756.3117
    755.3136
    750.8213
    750.8195
    808.8486
    822.0872
    750.8195
    750.7199
    751.6358
    759.8365
    750.7199
    749.8884
    806.4452
    822.5750
    749.8884
    749.6440
    750.9630
    758.3532
    749.6440
    748.9743
    804.0595
    823.0791
    748.9743
    748.9743
    754.2744
    753.6592
    748.9743
    748.9743
    804.0595
    823.0791
    748.9743
    748.5852
    750.3071
    756.8872
    748.5852
    748.0542
    805.3305
    820.0552
    748.0542
    747.8802
    749.0078
    756.7831
    747.8802
    747.1336
    802.9381
    820.5530
    747.1336
    747.1336
    752.2432
    752.0113
    747.1336
    747.1336
    802.9381
    820.5530
    747.1336
    746.8149
    748.3454
    755.3106
    746.8149
    746.2262
    804.2225
    817.5411
    746.2262
    746.2262
    750.7436
    751.7027
    746.2262
    746.2300
    800.5634
    821.0671
    746.2300
    745.7665
    747.6999
    753.8552
    745.7665
    745.2992
    801.8236
    818.0327
    745.2992
    745.0509
    746.3899
    753.7404
    745.0509
    744.3891
    799.4422
    818.5405
    744.3891
    743.9961
    745.7380
    752.2786
    743.9961
    743.4710
    800.7158
    815.5181
    743.4710
    743.4710
    748.1992
    748.7348
    743.4710
    743.4710
    800.7158
    815.5181
    743.4710
    743.2932
    744.4406
    752.1768
    743.2932
    742.5545
    798.3279
    816.0196
    742.5545
    742.5545
    747.6840
    747.4127
    742.5545
    742.5545
    798.3279
    816.0196
    742.5545
    742.2320
    743.7822
    750.7084
    742.2320
    741.6491
    799.6150
    813.0092
    741.6491
    741.5419
    742.4975
    750.6196
    741.5419
    740.7262
    797.2204
    813.5045
    740.7262
    740.7262
    745.6648
    745.7776
    740.7262
    740.7262
    797.2204
    813.5045
    740.7262
    740.4742
    741.8327
    749.1448
    740.4742
    739.8201
    794.8434
    814.0161
    739.8201
    739.4235
    741.1847
    747.6871
    739.4235
    738.9041
    796.1198
    810.9952
    738.9041
    738.9041
    743.6518
    744.1489
    738.9041
    738.9041
    796.1198
    810.9952
    738.9041
    738.7227
    739.8893
    747.5876
    738.7227
    737.9916
    793.7361
    811.5004
    737.9916
    737.9916
    743.1406
    742.8309
    737.9916
    737.9916
    793.7361
    811.5004
    737.9916
    737.6655
    739.2349
    746.1234
    737.6655
    737.0961
    791.3701
    812.0220
    737.0961
    736.6253
    738.5973
    744.6764
    736.6253
    736.1694
    792.6357
    808.9905
    736.1694
    735.9140
    737.2913
    744.5662
    735.9140
    735.2790
    793.9391
    805.9937
    735.2790
    735.2790
    739.6441
    740.9110
    735.2790
    735.2674
    790.2631
    809.5057
    735.2674
    734.8673
    736.6473
    743.1127
    734.8673
    734.3535
    791.5422
    806.4864
    734.3535
    734.3535
    739.1201
    739.5799
    734.3535
    734.3535
    791.5422
    806.4864
    734.3535
    734.1687
    735.3539
    743.0155
    734.1687
    733.4450
    789.1629
    806.9953
    733.4450
    733.1156
    734.7034
    741.5554
    733.1156
    732.5534
    786.8012
    807.5205
    732.5534
    732.5534
    738.1221
    736.9692
    732.5534
    732.5439
    790.4555
    803.9880
    732.5439
    732.4299
    733.4227
    741.4713
    732.4299
    731.6290
    788.0696
    804.4906
    731.6290
    731.3702
    732.7658
    740.0047
    731.3702
    730.7309
    785.7012
    805.0095
    730.7309
    730.7309
    736.1082
    735.3404
    730.7309
    730.7407
    789.3757
    801.4954
    730.7407
    730.6974
    731.4978
    739.9337
    730.6974
    729.8192
    786.9831
    801.9917
    729.8192
    729.8192
    734.6040
    735.0278
    729.8192
    729.8498
    783.3504
    805.5447
    729.8498
    729.3019
    731.5023
    737.1230
    729.3019
    728.9437
    788.3028
    799.0085
    728.9437
    728.9713
    729.5790
    738.4025
    728.9713
    728.0270
    782.2507
    803.0331
    728.0270
    728.0270
    733.6138
    732.4253
    728.0270
    728.0158
    785.9035
    799.4985
    728.0158
    727.8986
    728.9092
    736.9228
    727.8986
    727.1047
    783.5219
    800.0048
    727.1047
    726.8430
    728.2561
    735.4603
    726.8430
    726.2106
    781.1578
    800.5273
    726.2106
    726.2106
    731.6057
    730.8028
    726.2106
    726.2186
    784.8308
    797.0111
    726.2186
    726.1724
    726.9902
    735.3917
    726.1724
    725.3334
    778.8113
    801.0661
    725.3334
    724.7826
    727.0004
    732.5868
    724.7826
    724.4278
    783.7650
    794.5296
    724.4278
    724.4278
    728.6371
    730.2190
    724.4278
    724.4005
    780.0718
    798.0273
    724.4005
    724.0650
    725.6880
    732.4707
    724.0650
    723.5168
    777.7186
    798.5598
    723.5168
    723.0368
    725.0620
    731.0360
    723.0368
    722.5967
    778.9926
    795.5331
    722.5967
    722.5967
    727.6082
    727.5772
    722.5967
    722.5967
    778.9926
    795.5331
    722.5967
    722.3321
    723.7623
    730.9330
    722.3321
    721.7129
    780.3045
    792.5411
    721.7129
    721.7129
    726.1312
    727.2930
    721.7129
    721.7065
    776.6328
    796.0592
    721.7065
    721.2974
    723.1299
    729.4917
    721.2974
    720.7993
    777.9204
    793.0446
    720.7993
    720.6056
    721.8428
    729.4018
    720.6056
    719.9026
    775.5539
    793.5644
    719.9026
    719.9026
    725.1229
    724.6724
    719.9026
    719.9282
    779.2458
    790.0647
    719.9282
    719.9503
    720.5918
    729.3487
    719.9503
    719.0228
    773.2049
    794.1005
    719.0228
    718.5401
    720.5818
    726.5233
    718.5401
    718.1049
    774.4818
    791.0754
    718.1049
    718.1049
    723.1331
    723.0693
    718.1049
    718.1049
    774.4818
    791.0754
    718.1049
    717.8378
    719.2843
    726.4227
    717.8378
    717.2233
    775.7966
    788.0851
    717.2233
    717.2233
    721.6582
    722.7875
    717.2233
    717.2186
    772.1262
    791.6051
    717.2186
    716.8070
    718.6557
    724.9855
    716.8070
    716.3136
    773.4167
    788.5922
    716.3136
    716.1175
    717.3708
    724.8981
    716.1175
    715.4208
    771.0544
    789.1156
    715.4208
    715.4208
    720.6574
    720.1748
    715.4208
    715.4449
    774.7450
    785.6140
    715.4449
    715.4645
    716.1219
    724.8475
    715.4645
    714.5449
    768.7097
    789.6552
    714.5449
    714.0598
    716.1174
    722.0276
    714.0598
    713.6294
    769.9895
    786.6318
    713.6294
    713.6294
    718.6736
    718.5781
    713.6294
    713.6294
    769.9895
    786.6318
    713.6294
    713.3598
    714.8221
    721.9295
    713.3598
    712.7500
    771.3072
    783.6432
    712.7500
    712.7500
    717.2008
    718.2988
    712.7500
    712.7469
    767.6381
    787.1651
    712.7469
    712.3329
    714.1973
    720.4963
    712.3329
    711.8442
    768.9315
    784.1539
    711.8442
    711.6458
    712.9146
    720.4114
    711.6458
    710.9553
    766.5734
    784.6808
    710.9553
    710.9553
    716.2076
    715.6941
    710.9553
    710.9778
    770.2628
    781.1773
    710.9778
    710.9951
    711.6680
    720.3633
    710.9951
    710.0832
    764.2328
    785.2239
    710.0832
    709.5959
    711.6688
    717.5488
    709.5959
    709.1700
    765.5156
    782.2023
    709.1700
    709.1700
    714.2296
    714.1038
    709.1700
    709.1700
    765.5156
    782.2023
    709.1700
    708.8982
    710.3756
    717.4533
    708.8982
    708.2930
    766.8363
    779.2153
    708.2930
    708.2930
    712.7591
    713.8269
    708.2930
    708.2914
    763.1684
    782.7391
    708.2914
    707.8752
    709.7546
    716.0241
    707.8752
    707.3910
    764.4647
    779.7295
    707.3910
    707.1905
    708.4742
    715.9417
    707.1905
    706.5059
    762.1108
    780.2600
    706.5059
    706.1609
    707.8467
    714.5058
    706.1609
    705.6184
    763.4208
    777.2626
    705.6184
    705.6184
    710.2922
    710.9427
    705.6184
    705.6184
    763.4208
    777.2626
    705.6184
    705.4892
    706.5790
    714.4366
    705.4892
    704.7267
    761.0601
    777.7867
    704.7267
    704.7267
    709.8012
    709.6462
    704.7267
    704.7267
    761.0601
    777.7867
    704.7267
    704.4531
    705.9450
    712.9942
    704.4531
    703.8520
    758.7170
    778.3270
    703.8520
    703.4339
    705.3277
    711.5688
    703.4339
    702.9539
    760.0164
    775.3193
    702.9539
    702.9539
    707.8353
    708.0689
    702.9539
    702.9539
    760.0164
    775.3193
    702.9539
    702.7516
    704.0496
    711.4891
    702.7516
    702.0922
    761.3537
    772.3463
    702.0922
    702.0922
    706.3797
    707.8077
    702.0922
    702.0726
    757.6666
    775.8532
    702.0726
    701.7259
    703.4258
    710.0571
    701.7259
    701.1875
    758.9796
    772.8576
    701.1875
    701.1875
    705.8757
    706.4980
    701.1875
    701.2082
    755.3343
    776.4033
    701.2082
    700.7171
    702.8187
    708.6423
    700.7171
    700.2997
    756.6231
    773.3852
    700.2997
    700.0243
    701.5301
    708.5520
    700.0243
    699.4275
    757.9498
    770.4018
    699.4275
    699.4275
    703.9223
    704.9337
    699.4275
    699.4287
    754.2840
    773.9290
    699.4287
    699.0089
    700.9166
    707.1306
    699.0089
    698.5331
    755.5865
    770.9230
    698.5331
    698.3291
    699.6407
    707.0534
    698.3291
    697.6738
    756.9268
    767.9518
    697.6738
    697.6738
    701.9751
    703.3759
    697.6738
    697.6555
    753.2408
    771.4604
    697.6555
    697.3072
    699.0207
    705.6254
    697.3072
    696.7728
    754.5569
    768.4666
    696.7728
    696.7728
    701.4747
    702.0702
    696.7728
    696.7948
    750.9125
    772.0140
    696.7948
    696.3022
    698.4173
    704.2145
    696.3022
    695.8888
    752.2044
    768.9976
    695.8888
    695.6119
    697.1310
    704.1268
    695.6119
    695.0190
    753.5342
    766.0161
    695.0190
    695.0190
    699.5272
    700.5123
    695.0190
    695.0215
    749.8695
    769.5449
    695.0215
    694.6003
    696.5211
    702.7093
    694.6003
    694.1283
    751.1750
    766.5407
    694.1283
    693.9230
    695.2477
    702.6348
    693.9230
    693.2715
    752.5184
    763.5714
    693.2715
    693.2715
    697.5860
    698.9610
    693.2715
    693.2546
    748.8333
    767.0816
    693.2546
    692.9049
    694.6312
    701.2107
    692.9049
    692.3743
    750.1525
    764.0896
    692.3743
    692.3743
    697.0893
    697.6591
    692.3743
    692.3976
    746.5092
    767.6386
    692.3976
    691.9036
    694.0315
    699.8037
    691.9036
    691.4940
    747.8041
    764.6241
    691.4940
    691.2158
    692.7476
    699.7187
    691.2158
    690.6267
    749.1370
    761.6444
    690.6267
    690.6267
    695.1478
    696.1077
    690.6267
    690.6305
    745.4732
    765.1747
    690.6305
    690.2080
    692.1414
    698.3050
    690.2080
    689.7398
    746.7819
    762.1724
    689.7398
    689.5333
    690.8703
    698.2332
    689.5333
    688.8854
    748.1284
    759.2050
    688.8854
    688.8854
    693.2125
    694.5629
    688.8854
    688.8697
    744.4442
    762.7167
    688.8697
    688.5189
    690.2575
    696.8129
    688.5189
    687.9920
    745.7666
    759.7266
    687.9920
    687.9920
    692.7194
    693.2648
    687.9920
    687.9920
    745.7666
    759.7266
    687.9920
    687.8571
    688.9993
    696.7543
    687.8571
    687.1153
    743.4222
    760.2645
    687.1153
    686.8361
    688.3800
    695.3274
    686.8361
    686.2555
    741.0953
    760.8185
    686.2555
    686.2555
    691.7831
    690.7198
    686.2555
    686.2505
    744.7582
    757.2867
    686.2505
    686.1874
    687.1345
    695.2821
    686.1874
    685.3673
    742.4071
    757.8181
    685.3673
    685.3673
    690.3009
    690.4323
    685.3673
    685.3673
    742.4071
    757.8181
    685.3673
    685.1599
    686.5087
    693.8485
    685.1599
    684.5010
    740.0735
    758.3658
    684.5010
    684.1492
    685.8996
    692.4321
    684.1492
    683.6257
    741.3990
    755.3776
    683.6257
    683.6257
    688.3650
    688.8873
    683.6257
    683.6514
    737.7574
    758.9296
    683.6514
    683.1554
    685.3071
    691.0327
    683.1554
    682.7869
    742.7625
    752.4243
    682.7869
    682.7869
    686.9314
    688.6497
    682.7869
    682.7528
    739.0587
    755.9188
    682.7528
    682.4728
    684.0280
    690.9532
    682.4728
    681.8967
    736.7358
    756.4762
    681.8967
    681.4724
    683.4290
    689.5472
    681.4724
    681.0110
    738.0508
    753.4778
    681.0110
    681.0110
    685.9560
    686.0650
    681.0110
    681.0110
    738.0508
    753.4778
    681.0110
    680.8028
    682.1628
    689.4809
    680.8028
    680.1617
    739.4038
    750.5141
    680.1617
    680.1617
    684.5121
    685.8170
    680.1617
    680.1483
    735.7212
    754.0288
    680.1483
    679.7958
    681.5573
    688.0682
    679.7958
    679.2756
    737.0499
    751.0425
    679.2756
    679.1393
    680.3039
    688.0152
    679.1393
    678.4063
    734.7135
    751.5871
    678.4063
    678.4063
    683.5568
    683.2530
    678.4063
    678.4063
    734.7135
    751.5871
    678.4063
    678.1257
    679.6918
    686.5959
    678.1257
    677.5467
    736.0560
    748.6132
    677.5467
    677.4823
    678.4513
    686.5561
    677.4823
    676.7182
    730.0932
    752.7248
    676.7182
    676.7182
    682.6681
    680.7570
    676.7182
    676.6708
    733.7128
    749.1514
    676.6708
    676.4621
    677.8326
    685.1301
    676.4621
    675.8241
    735.0690
    746.1897
    675.8241
    675.8241
    680.1852
    681.4692
    675.8241
    675.8117
    731.3871
    749.7057
    675.8117
    675.4588
    677.2306
    683.7213
    675.4588
    674.9416
    732.7191
    746.7214
    674.9416
    674.8049
    675.9798
    683.6710
    674.8049
    674.0760
    730.3867
    747.2693
    674.0760
    674.0760
    679.2370
    678.9127
    674.0760
    674.0760
    730.3867
    747.2693
    674.0760
    673.7950
    675.3712
    682.2555
    673.7950
    673.2189
    731.7324
    744.2974
    673.2189
    673.2189
    677.7851
    678.6570
    673.2189
    673.2271
    728.0717
    747.8334
    673.2271
    672.8019
    674.7794
    680.8570
    672.8019
    672.3467
    729.3932
    744.8389
    672.3467
    672.1377
    673.5181
    680.7964
    672.1377
    671.5026
    730.7527
    741.8792
    671.5026
    671.5026
    675.8738
    677.1382
    671.5026
    671.4912
    727.0714
    745.3965
    671.4912
    671.1380
    672.9197
    679.3912
    671.1380
    670.6238
    728.4067
    742.4143
    670.6238
    670.6238
    675.3949
    675.8551
    670.6238
    670.6238
    728.4067
    742.4143
    670.6238
    670.4868
    671.6714
    679.3438
    670.4868
    669.7617
    726.0782
    742.9655
    669.7617
    669.4805
    671.0664
    677.9321
    669.4805
    668.9164
    723.7671
    743.5328
    668.9164
    668.9164
    674.4869
    673.3400
    668.9164
    668.9073
    727.4272
    739.9955
    668.9073
    668.8424
    669.8309
    677.8979
    668.8424
    668.0386
    725.0919
    740.5403
    668.0386
    667.8295
    669.2193
    676.4795
    667.8295
    667.1868
    722.7741
    741.1012
    667.1868
    667.1868
    672.5622
    671.8078
    667.1868
    667.1972
    726.4547
    737.5827
    667.1972
    667.2046
    667.9968
    676.4587
    667.2046
    666.3220
    724.1126
    738.1210
    666.3220
    666.3220
    671.1025
    671.5445
    666.3220
    666.3517
    720.4737
    741.6782
    666.3517
    665.8543
    668.0462
    673.6937
    665.8543
    665.4635
    721.7880
    738.6755
    665.4635
    665.1824
    666.7771
    673.6255
    665.1824
    664.6117
    723.1404
    735.7076
    664.6117
    664.6117
    669.1968
    670.0321
    664.6117
    664.6117
    723.1404
    735.7076
    664.6117
    664.5470
    665.5443
    673.5943
    664.5470
    663.7467
    720.8090
    736.2556
    663.7467
    663.7467
    668.7314
    668.7631
    663.7467
    663.7467
    720.8090
    736.2556
    663.7467
    663.5377
    664.9362
    672.1796
    663.5377
    662.8983
    718.4950
    736.8198
    662.8983
    662.5453
    664.3448
    670.7819
    662.5453
    662.0363
    719.8369
    733.8416
    662.0363
    662.0363
    666.8255
    667.2506
    662.0363
    662.0363
    719.8369
    733.8416
    662.0363
    661.8996
    663.1016
    670.7403
    661.8996
    661.1813
    717.5162
    734.3994
    661.1813
    661.1813
    666.3701
    665.9919
    661.1813
    661.1813
    717.5162
    734.3994
    661.1813
    660.9005
    662.5036
    669.3359
    660.9005
    660.3323
    718.8719
    731.4336
    660.3323
    660.3323
    664.9258
    665.7448
    660.3323
    660.3432
    715.2128
    734.9732
    660.3432
    659.9182
    661.9222
    667.9485
    659.9182
    659.4707
    716.5443
    731.9848
    659.4707
    659.2622
    660.6687
    667.8966
    659.2622
    658.6348
    717.9139
    729.0314
    658.6348
    658.6348
    663.0325
    664.2455
    658.6348
    658.6260
    714.2342
    732.5522
    658.6260
    658.2733
    660.0808
    666.5025
    658.2733
    657.7666
    715.5795
    729.5762
    657.7666
    657.7666
    662.5640
    662.9734
    657.7666
    657.7666
    715.5795
    729.5762
    657.7666
    657.6304
    658.8402
    666.4639
    657.6304
    656.9152
    713.2626
    730.1371
    656.9152
    656.6349
    658.2457
    665.0631
    656.6349
    656.0805
    710.9631
    730.7141
    656.0805
    656.0805
    661.6767
    660.4802
    656.0805
    656.0689
    714.6218
    727.1734
    656.0689
    656.0051
    657.0181
    665.0379
    656.0051
    655.2109
    712.2980
    727.7279
    655.2109
    655.2109
    660.2118
    660.2123
    655.2109
    655.2109
    712.2980
    727.7279
    655.2109
    655.0029
    656.4169
    663.6304
    655.0029
    654.3696
    709.9917
    728.2985
    654.3696
    654.0176
    655.8324
    662.2400
    654.0176
    653.5130
    711.3405
    725.3246
    653.5130
    653.5130
    658.3179
    658.7129
    653.5130
    653.5130
    711.3405
    725.3246
    653.5130
    653.3775
    654.5945
    662.2044
    653.3775
    652.6651
    709.0274
    725.8887
    652.6651
    652.3855
    654.0034
    660.8073
    652.3855
    651.8216
    710.3900
    722.9272
    651.8216
    651.8216
    656.4303
    657.2201
    651.8216
    651.8339
    706.7317
    726.4689
    651.8339
    651.4103
    653.4288
    659.4272
    651.4103
    650.9671
    708.0700
    723.4848
    650.9671
    650.9671
    655.9752
    655.9619
    650.9671
    650.9671
    708.0700
    723.4848
    650.9671
    650.7599
    721.1082
    710.5450
    650.7599
    650.7599
    652.1807
    659.3812
    650.7599
    650.1367
    709.4465
    720.5357
    650.1367
    650.1367
    654.5490
    655.7339
    650.1367
    650.1292
    705.7675
    724.0586
    650.1292
    649.7781
    651.5996
    657.9944
    649.7781
    649.2755
    707.1197
    721.0869
    649.2755
    649.2755
    654.0873
    654.4691
    649.2755
    649.2755
    707.1197
    721.0869
    649.2755
    649.1409
    650.3644
    657.9618
    649.1409
    648.4310
    704.8104
    721.6542
    648.4310
    648.4310
    653.6421
    653.2211
    648.4310
    648.4310
    704.8104
    721.6542
    648.4310
    648.1523
    649.7767
    656.5683
    648.1523
    647.5903
    706.1765
    718.6948
    647.5903
    647.5283
    648.5545
    656.5491
    647.5283
    646.7392
    703.8603
    719.2556
    646.7392
    646.7392
    651.7539
    651.7282
    646.7392
    646.7392
    703.8603
    719.2556
    646.7392
    646.5331
    647.9601
    655.1489
    646.5331
    645.9049
    701.5616
    719.8325
    645.9049
    645.9049
    651.3187
    650.4905
    645.9049
    645.9117
    705.2403
    716.3087
    645.9117
    645.9223
    646.7510
    655.1430
    645.9223
    645.0539
    702.9173
    716.8630
    645.0539
    645.0539
    649.8720
    650.2419
    645.0539
    645.0873
    699.2802
    720.4255
    645.0873
    644.5932
    646.8212
    652.3994
    644.5932
    644.2395
    704.3112
    713.9285
    644.2395
    644.3229
    644.9538
    653.7437
    644.3229
    643.3887
    698.3236
    718.0199
    643.3887
    643.3887
    649.0049
    647.7700
    643.3887
    643.3751
    701.9813
    714.4763
    643.3751
    643.3143
    644.3462
    652.3300
    643.3143
    642.5275
    699.6689
    715.0403
    642.5275
    642.5275
    647.5480
    647.5111
    642.5275
    642.5275
    699.6689
    715.0403
    642.5275
    642.3226
    643.7552
    650.9334
    642.3226
    641.6965
    697.3739
    715.6203
    641.6965
    641.3477
    643.1808
    649.5537
    641.3477
    640.8484
    698.7332
    712.6530
    640.8484
    640.8484
    645.6722
    646.0313
    640.8484
    640.8484
    698.7332
    712.6530
    640.8484
    640.7163
    641.9511
    649.5273
    640.7163
    640.0109
    696.4313
    713.2265
    640.0109
    640.0109
    645.2336
    644.7905
    640.0109
    640.0109
    696.4313
    713.2265
    640.0109
    639.7347
    641.3701
    648.1409
    639.7347
    639.1759
    697.8045
    710.2717
    639.1759
    639.1166
    640.1535
    648.1279
    639.1166
    638.3317
    695.4958
    710.8387
    638.3317
    638.3317
    643.3575
    643.3106
    638.3317
    638.3317
    695.4958
    710.8387
    638.3317
    638.1283
    639.5658
    646.7347
    638.1283
    637.5099
    696.8829
    707.8963
    637.5099
    637.5099
    641.9395
    643.0917
    637.5099
    637.5041
    693.2045
    711.4218
    637.5041
    637.1568
    638.9947
    645.3586
    637.1568
    636.6590
    694.5673
    708.4568
    636.6590
    636.6590
    641.4877
    641.8374
    636.6590
    636.6590
    694.5673
    708.4568
    636.6590
    636.5284
    637.7679
    645.3353
    636.5284
    635.8248
    692.2692
    709.0334
    635.8248
    635.5503
    637.1902
    643.9524
    635.5503
    634.9928
    693.6460
    706.0808
    634.9928
    634.9928
    639.6242
    640.3709
    634.9928
    635.0073
    689.9884
    709.6261
    635.0073
    634.5888
    636.6291
    642.5865
    634.5888
    634.1519
    691.3409
    706.6509
    634.1519
    634.1519
    639.1824
    639.1268
    634.1519
    634.1519
    691.3409
    706.6509
    634.1519
    633.9502
    635.3921
    642.5530
    633.9502
    633.3330
    692.7316
    703.7108
    633.3330
    633.3330
    637.7671
    638.9110
    633.3330
    633.3277
    689.0533
    707.2371
    633.3277
    632.9821
    634.8243
    641.1803
    632.9821
    632.4855
    690.4198
    704.2744
    632.4855
    632.3568
    633.6003
    641.1602
    632.3568
    631.6546
    688.1253
    704.8541
    631.6546
    631.6546
    636.8866
    636.4262
    631.6546
    631.6546
    688.1253
    704.8541
    631.6546
    631.3820
    633.0259
    639.7808
    631.3820
    630.8256
    689.5057
    701.9038
    630.8256
    630.8256
    635.4612
    636.2002
    630.8256
    630.8256
    689.5057
    701.9038
    630.8256
    630.7699
    631.8150
    639.7741
    630.7699
    629.9880
    687.2044
    702.4770
    629.9880
    629.9880
    635.0226
    634.9595
    629.9880
    629.9880
    687.2044
    702.4770
    629.9880
    629.7884
    631.2339
    638.3880
    629.7884
    629.1672
    684.9204
    703.0662
    629.1672
    628.8236
    630.6694
    637.0188
    628.8236
    628.3280
    686.2905
    700.1058
    628.3280
    628.3280
    633.1649
    633.4995
    628.3280
    628.3280
    686.2905
    700.1058
    628.3280
    628.2013
    629.4483
    637.0019
    628.2013
    627.5004
    683.9997
    700.6885
    627.5004
    627.5004
    632.7361
    632.2690
    627.5004
    627.5004
    683.9997
    700.6885
    627.5004
    627.2299
    628.8771
    635.6260
    627.2299
    626.6744
    685.3837
    697.7406
    626.6744
    626.6208
    627.6691
    635.6226
    626.6208
    625.8402
    683.0860
    698.3168
    625.8402
    625.8402
    630.8782
    630.8089
    625.8402
    625.8402
    683.0860
    698.3168
    625.8402
    625.6427
    627.0912
    634.2399
    625.6427
    625.0227
    680.8057
    698.9090
    625.0227
    625.0227
    630.4593
    629.5885
    625.0227
    625.0274
    684.4840
    695.3814
    625.0274
    625.0469
    625.8963
    634.2499
    625.0469
    624.1864
    682.1795
    695.9510
    624.1864
    624.1864
    629.0265
    629.3555
    624.1864
    624.1864
    682.1795
    695.9510
    624.1864
    624.0620
    625.3118
    632.8605
    624.0620
    623.3622
    679.8922
    696.5367
    623.3622
    623.0939
    624.7439
    631.4880
    623.0939
    622.5547
    677.6224
    697.1384
    622.5547
    622.5547
    628.1919
    626.9181
    622.5547
    622.5392
    681.2800
    693.5912
    622.5392
    622.4880
    623.5388
    631.4878
    622.4880
    621.7083
    678.9859
    694.1704
    621.7083
    621.7083
    626.7491
    626.6749
    621.7083
    621.7083
    678.9859
    694.1704
    621.7083
    621.5132
    622.9642
    630.1086
    621.5132
    620.8985
    680.3877
    691.2374
    620.8985
    620.8985
    625.3424
    626.4686
    620.8985
    620.8941
    676.7092
    694.7656
    620.8941
    620.5551
    622.4061
    628.7463
    620.5551
    620.0609
    678.0867
    691.8100
    620.0609
    619.9390
    621.1909
    628.7359
    619.9390
    619.2399
    675.8031
    692.3987
    619.2399
    619.2399
    624.4811
    624.0043
    619.2399
    619.2399
    675.8031
    692.3987
    619.2399
    618.9742
    620.6262
    627.3668
    618.9742
    618.4200
    677.1946
    689.4556
    618.4200
    618.4200
    623.0643
    623.7879
    618.4200
    618.4200
    677.1946
    689.4556
    618.4200
    618.3713
    619.4241
    627.3699
    618.3713
    617.5924
    674.9041
    690.0377
    617.5924
    617.5924
    622.6353
    622.5574
    617.5924
    617.5924
    674.9041
    690.0377
    617.5924
    617.3998
    618.8527
    625.9941
    617.3998
    616.7814
    672.6309
    690.6359
    616.7814
    616.4450
    618.2978
    624.6352
    616.4450
    615.9513
    620.7958
    621.1172
    615.9513
    615.9513
    674.0122
    687.6827
    615.9513
    615.9513
    620.7958
    621.1172
    615.9513
    615.9513
    674.0122
    687.6827
    615.9513
    615.8321
    617.0856
    624.6281
    615.8321
    615.1336
    671.7321
    688.2743
    615.1336
    615.1336
    620.3766
    619.8968
    615.1336
    615.1336
    671.7321
    688.2743
    615.1336
    614.8705
    616.5240
    623.2624
    614.8705
    614.3168
    673.1274
    685.3337
    614.3168
    614.2709
    615.3249
    623.2689
    614.2709
    613.4923
    670.8404
    685.9188
    613.4923
    613.4923
    618.5368
    618.4565
    613.4923
    613.4923
    670.8404
    685.9188
    613.4923
    613.3026
    614.7567
    621.8964
    613.3026
    612.6846
    668.5708
    686.5199
    612.6846
    612.6846
    618.1274
    617.2462
    612.6846
    612.6888
    672.2498
    682.9907
    612.6888
    612.7163
    613.5707
    621.9164
    612.7163
    611.8576
    669.9559
    683.5692
    611.8576
    611.8576
    616.7034
    617.0229
    611.8576
    611.8576
    669.9559
    683.5692
    611.8576
    611.7413
    612.9958
    620.5371
    611.7413
    611.0432
    667.6793
    684.1638
    611.0432
    611.0432
    616.2873
    615.8058
    611.0432
    611.0432
    667.6793
    684.1638
    611.0432
    610.7831
    612.4374
    619.1748
    610.7831
    610.2295
    669.0785
    681.2256
    610.2295
    610.1866
    611.2413
    619.1846
    610.1866
    609.4083
    666.7950
    681.8136
    609.4083
    609.4083
    614.4537
    614.3721
    609.4083
    609.4083
    666.7950
    681.8136
    609.4083
    609.2216
    610.6762
    617.8155
    609.2216
    608.6037
    664.5289
    682.4176
    608.6037
    608.6037
    614.0473
    613.1652
    608.6037
    608.6078
    668.2082
    678.8880
    608.6078
    608.6385
    609.4933
    617.8388
    608.6385
    607.7799
    665.9178
    679.4694
    607.7799
    607.7799
    612.6264
    612.9452
    607.7799
    607.8158
    662.2801
    683.0376
    607.8158
    607.3417
    609.5956
    615.1279
    607.3417
    606.9928
    667.3451
    676.5564
    606.9928
    607.0971
    620.6075
    625.8546
    606.9928
    607.0971
    611.2233
    610.6762
    606.9928
    606.9928
    611.2416
    612.7623
    606.9928
    606.9686
    663.6448
    680.0669
    606.9686
    606.7117
    608.3662
    615.1039
    606.7117
    606.1740
    661.3890
    680.6803
    606.1740
    606.1740
    611.8168
    610.5345
    606.1740
    606.1581
    665.0478
    677.1313
    606.1581
    606.1185
    607.1732
    615.1171
    606.1185
    605.3401
    662.7678
    677.7221
    605.3401
    605.3401
    610.3858
    610.3043
    605.3401
    605.3401
    662.7678
    677.7221
    605.3401
    605.1567
    606.6112
    613.7513
    605.1567
    604.5429
    664.1849
    674.7991
    604.5429
    604.5429
    608.9910
    610.1113
    604.5429
    604.5387
    660.5052
    678.3290
    604.5387
    604.2117
    606.0658
    612.4024
    604.2117
    603.7181
    661.8980
    675.3834
    603.7181
    603.6084
    604.8627
    612.4055
    603.6084
    602.9100
    659.6284
    675.9837
    602.9100
    602.9100
    608.1547
    607.6735
    602.9100
    602.9100
    659.6284
    675.9837
    602.9100
    602.6565
    604.3106
    611.0498
    602.6565
    602.1027
    661.0353
    673.0506
    602.1027
    602.1027
    606.7498
    607.4704
    602.1027
    602.1027
    661.0353
    673.0506
    602.1027
    602.0666
    603.1207
    611.0665
    602.0666
    601.2878
    658.7588
    673.6444
    601.2878
    601.2878
    606.3332
    606.2531
    601.2878
    601.2878
    658.7588
    673.6444
    601.2878
    601.1080
    602.5618
    609.7040
    601.1080
    600.4896
    656.4996
    674.2541
    600.4896
    600.1661
    602.0194
    608.3583
    600.1661
    599.6722
    657.8964
    671.3110
    599.6722
    599.6722
    604.5181
    604.8394
    599.6722
    599.6722
    657.8964
    671.3110
    599.6722
    599.5661
    600.8195
    608.3649
    599.5661
    598.8673
    655.6302
    671.9142
    598.8673
    598.8673
    604.1112
    603.6321
    598.8673
    598.8673
    655.6302
    671.9142
    598.8673
    598.6174
    600.2704
    607.0124
    598.6174
    598.0632
    657.0411
    668.9837
    598.0632
    598.0632
    602.7095
    603.4324
    598.0632
    598.0632
    657.0411
    668.9837
    598.0632
    598.0308
    599.0837
    607.0326
    598.0308
    597.2515
    654.7680
    669.5803
    597.2515
    597.2515
    602.2959
    602.2184
    597.2515
    597.2515
    654.7680
    669.5803
    597.2515
    597.0754
    598.5278
    605.6733
    597.0754
    596.4564
    652.5122
    670.1928
    596.4564
    596.1366
    597.9885
    604.3310
    596.1366
    595.6423
    653.9129
    667.2524
    595.6423
    595.6423
    600.4869
    600.8113
    595.6423
    595.6423
