32   
4    

1    
  0.0034255997538186  -0.0000013328345419   0.0093949595289277
  -0.2224378800    0.0073700000   -0.1343204300
   0.0274171500    0.0064041200   -0.0051705300
  -0.0089534100   -0.0146097000   -0.0051061300
  -0.0090444500    0.0275244900   -0.0053313400
  -0.0125995300    0.0061995300    0.0019036800
  -0.0125780400    0.0062008600    0.0019287000
  -0.0125882100    0.0061991500    0.0019281400
  -0.0125874900    0.0062111100    0.0019293300
   0.0114908100   -0.0071825700   -0.0019500500
   0.0113205400   -0.0072671300   -0.0020092800
   0.0114784000   -0.0070753700   -0.0019781500
   0.0113085200   -0.0071819400   -0.0013192900
   0.0113819900   -0.0058277700   -0.0020937300
   0.0115274600   -0.0059054500   -0.0020367600
   0.0115206600   -0.0059951400   -0.0020660200
   0.0113516200   -0.0059131500   -0.0013277600
   0.0094996200   -0.0059892300    0.0121715600
   0.0365967400   -0.0067115600    0.0471777400
   0.0819063700    0.0200551200    0.0475934400
   0.0820252100   -0.0322654500    0.0467121900
   0.0119013700   -0.0058545000   -0.0002449900
   0.0119007800   -0.0058539700   -0.0002290000
   0.0119012200   -0.0058580700   -0.0002298800
   0.0119013100   -0.0058578700   -0.0002270100
  -0.0111045900    0.0068833600    0.0007299600
  -0.0106474400    0.0069850900    0.0007544500
  -0.0109645000    0.0065467000    0.0007440800
  -0.0108041200    0.0068027000    0.0000628500
  -0.0103344100    0.0053281300    0.0006904200
  -0.0107100600    0.0054365900    0.0006490300
  -0.0106176300    0.0057094200    0.0006589300
  -0.0104579800    0.0054925200    0.0000058800

1    
 -0.0034255997538186   0.0000013328345419  -0.0093949595289277
   0.2005481600    0.0073867300    0.1343266000
  -0.0492583600    0.0064046000    0.0052202300
  -0.0128091500    0.0274636500    0.0052827100
  -0.0129000700   -0.0146498300    0.0052539800
  -0.0109307800    0.0066591900   -0.0018853500
  -0.0109464900    0.0066542500   -0.0019150300
  -0.0109426200    0.0066609200   -0.0019121000
  -0.0109452000    0.0066436300   -0.0019110700
   0.0109457400   -0.0071269800    0.0019554900
   0.0111011600   -0.0070450500    0.0020113800
   0.0109544600   -0.0072210000    0.0019816700
   0.0111189700   -0.0071257000    0.0012472700
   0.0111283100   -0.0058168400    0.0020294100
   0.0109614100   -0.0057465300    0.0019691300
   0.0109824300   -0.0056245300    0.0020015200
   0.0111329600   -0.0057168100    0.0013388600
   0.0109719900   -0.0060655500   -0.0121830700
  -0.0161474300   -0.0065953400   -0.0471984300
  -0.0617484100   -0.0323805400   -0.0467688300
  -0.0612477400    0.0199244700   -0.0475740400
   0.0102274000   -0.0062190200    0.0002245000
   0.0102303400   -0.0062188000    0.0002085300
   0.0102225500   -0.0062122400    0.0002071000
   0.0102275100   -0.0062191100    0.0002092300
  -0.0103555300    0.0066829100   -0.0006880300
  -0.0107421500    0.0065837900   -0.0007118200
  -0.0104614800    0.0069587900   -0.0007029700
  -0.0106181300    0.0067410100   -0.0000373500
  -0.0104048200    0.0054893800   -0.0006974800
  -0.0099559500    0.0053873600   -0.0006420300
  -0.0100945100    0.0050412900   -0.0006517600
  -0.0102445700    0.0053019200    0.0000117300

17   
  0.0034255997538186  -0.0000013328345419   0.0093949595289277
  -0.0120469000    0.0069401100    0.0111229900
   0.0150220700    0.0074745700    0.0461368300
   0.0606479300    0.0332577500    0.0457030200
   0.0601489200   -0.0190614200    0.0465112100
  -0.0136829300    0.0070077700   -0.0013680700
  -0.0136807800    0.0070093400   -0.0013519600
  -0.0136814700    0.0070086600   -0.0013544500
  -0.0136811400    0.0070124200   -0.0013496400
   0.0105108200   -0.0066668200    0.0017428300
   0.0106196800   -0.0065811100    0.0018831700
   0.0104942100   -0.0066905900    0.0018088100
   0.0106339600   -0.0066429200    0.0011364000
   0.0102183400   -0.0054586100    0.0018308200
   0.0101235800   -0.0053311100    0.0016669000
   0.0100639400   -0.0053415900    0.0017402700
   0.0102386800   -0.0053811200    0.0010813500
  -0.2008619300   -0.0074299200   -0.1354595800
   0.0487878000   -0.0064521000   -0.0072881100
   0.0128604300   -0.0272191200   -0.0073472300
   0.0129582500    0.0143084800   -0.0073330100
   0.0129336900   -0.0065963400    0.0002557000
   0.0129250000   -0.0065955900    0.0001392600
   0.0129292200   -0.0065973400    0.0001397200
   0.0129288600   -0.0065991000    0.0001393300
  -0.0102088200    0.0063252900    0.0000264200
  -0.0098740700    0.0063236700    0.0001234300
  -0.0100377200    0.0060405100    0.0000615600
  -0.0100484200    0.0062235800   -0.0002068000
  -0.0091340400    0.0048284200    0.0001012000
  -0.0094731100    0.0048279000   -0.0000461300
  -0.0093000300    0.0051201900    0.0000117100
  -0.0093340500    0.0049361500   -0.0002579300

17   
 -0.0034255997538186   0.0000013328345419  -0.0093949595289277
  -0.0091637700    0.0062459700   -0.0109412400
  -0.0362427600    0.0069628600   -0.0459419200
  -0.0815657800   -0.0198085100   -0.0463593800
  -0.0816768600    0.0325265400   -0.0454798500
  -0.0137220800    0.0060511400    0.0016041300
  -0.0137198500    0.0060497700    0.0015883100
  -0.0137221700    0.0060544700    0.0015861800
  -0.0137239100    0.0060546400    0.0015898800
   0.0122265300   -0.0075767100   -0.0019752100
   0.0121304200   -0.0076563500   -0.0021112600
   0.0122449600   -0.0075493500   -0.0020364600
   0.0121084900   -0.0075946600   -0.0013772700
   0.0116943400   -0.0060372000   -0.0020386000
   0.0117864100   -0.0061770700   -0.0018798700
   0.0118582000   -0.0061670300   -0.0019534000
   0.0116782400   -0.0061276900   -0.0012803000
   0.2206713700   -0.0067431200    0.1353118500
  -0.0289791900   -0.0057781500    0.0071892700
   0.0068338100    0.0149100500    0.0071268600
   0.0069255600   -0.0265798200    0.0073610800
   0.0131127600   -0.0057290700   -0.0003125600
   0.0131147300   -0.0057286400   -0.0001958400
   0.0131110700   -0.0057312500   -0.0001953900
   0.0131131800   -0.0057322300   -0.0001959600
  -0.0114906400    0.0071345100    0.0000466900
  -0.0118238400    0.0071384900   -0.0000515800
  -0.0116629400    0.0074220700    0.0000063700
  -0.0116548600    0.0072363400    0.0002707400
  -0.0110501900    0.0058335000    0.0000100400
  -0.0107020300    0.0058261200    0.0001600300
  -0.0108725400    0.0055407900    0.0000977300
  -0.0108366500    0.0057295700    0.0003769500
