   4 1   1    0.1    -8.0    0.0                                                                                                                                                                         
  17375.6034
  89835.8914
  15793.6353
    836.2817
   4 1   2    0.1    -1.0  100.0                                                                                                                                                                         
    891.4639
    790.8922
    837.4466
    726.1951
   4 1   3    0.1    -1.0   15.0                                                                                                                                                                         
   6111.0405
   4955.7543
    726.1951
    679.8866
   4 1   7    0.1   600.0 1200.0                                                                                                                                                                         
    675.5183
    684.4052
    679.8866
    614.1789
   4 1   8    0.1     0.0   12.0                                                                                                                                                                         
  30403.9073
  58614.9653
    614.1789
   1380.0886
   8829.5004
  13553.9891
    614.1789
    649.9477
   2627.6607
   3840.5364
    614.1789
    600.7830
   4 1   9    0.5     0.0    3.0                                                                                                                                                                         
  59964.9410
 784783.4433
    600.7830
  19662.0289
  24532.3404
  80609.9130
    600.7830
   3338.7642
   8574.4834
  14179.6016
    600.7830
    823.8694
   2996.1802
   3342.3620
    600.7830
    611.0847
   1295.2467
   1175.3623
    600.7830
    596.9137
   4 1  10    0.1     0.0    1.0                                                                                                                                                                         
  91662.2138
  45137.3926
    596.9137
   2402.7774
  19323.8023
  13907.4334
    596.9137
    720.3691
   4817.0634
   4271.7446
    596.9137
    605.0428
   1582.4261
   1578.0313
    596.9137
    596.9137
   4 1   1    0.1    -8.0    0.0                                                                                                                                                                         
  91662.2138
  45137.3926
    596.9137
   2382.7983
  19323.8023
  13907.4334
    596.9137
    720.3691
   4817.0634
   4271.7446
    596.9137
    605.0428
   1582.4261
   1578.0313
    596.9137
    596.9137
   4 1   2    0.1    -1.0  100.0                                                                                                                                                                         
    601.2472
    600.0327
    596.9137
    596.8890
   4 1   3    0.1    -1.0   15.0                                                                                                                                                                         
   4968.4272
   5936.6060
    596.8890
    608.8904
   1745.0561
   1865.9563
    596.8890
    597.5817
    891.1343
    906.2920
    596.8890
    596.9320
   4 1   7    0.1   600.0 1200.0                                                                                                                                                                         
    594.4587
    599.5556
    596.9320
    575.3180
   4 1   8    0.1     0.0   12.0                                                                                                                                                                         
  30104.5125
  57990.1316
    575.3180
   1330.8716
   8732.2779
  13366.4735
    575.3180
    610.6480
   2581.1582
   3757.8500
    575.3180
    562.7726
   4 1   9    0.5     0.0    3.0                                                                                                                                                                         
  58461.5465
 758566.6935
    562.7726
  19080.8412
  23869.2866
  78252.2760
    562.7726
   3214.6303
   8317.2674
  13776.8714
    562.7726
    778.1174
   2888.4479
   3236.5582
    562.7726
    573.1691
   1239.2412
   1121.2427
    562.7726
    559.1736
   4 1  10    0.1     0.0    1.0                                                                                                                                                                         
  90484.2731
  44493.9863
    559.1736
   2335.9256
  19061.9637
  13681.5652
    559.1736
    685.0567
   4733.5594
   4178.1988
    559.1736
    566.8899
   1536.2845
   1523.3927
    559.1736
    559.5364
    784.4811
    818.8279
    559.1736
    558.8205
   4 1   1    0.1    -8.0    0.0                                                                                                                                                                         
  90914.8292
  44348.6714
    558.8205
   2335.9256
  19224.9720
  13586.4597
    558.8205
    685.0567
   4804.4094
   4123.6182
    558.8205
    566.8899
   1569.1804
   1494.0234
    558.8205
    559.1736
    800.0621
    803.3494
    558.8205
    558.8205
   4 1   2    0.1    -1.0  100.0                                                                                                                                                                         
    560.9800
    564.0241
    558.8205
    558.6632
   4 1   3    0.1    -1.0   15.0                                                                                                                                                                         
   4873.1224
   5828.1873
    558.6632
    570.5180
   1691.8894
   1810.9919
    558.6632
    559.4683
    849.1056
    863.9579
    558.6632
    558.7063
   4 1   7    0.1   600.0 1200.0                                                                                                                                                                         
    556.3195
    561.2433
    558.7063
    538.5359
   4 1   8    0.1     0.0   12.0                                                                                                                                                                         
  29820.3375
  57394.5204
    538.5359
   1294.7869
   8640.5276
  13187.3893
    538.5359
    576.2584
   2537.4510
   3678.9425
    538.5359
    527.4990
   4 1   9    0.5     0.0    3.0                                                                                                                                                                         
  57070.8645
 732601.4985
    527.4990
  18563.9104
  23276.4046
  75825.5203
    527.4990
   3100.8212
   8099.9361
  13335.7130
    527.4990
    735.8641
   2802.8366
   3112.9505
    527.4990
    536.8619
   1191.9036
   1063.8957
    527.4990
    523.5328
   4 1  10    0.1     0.0    1.0                                                                                                                                                                         
  89251.9379
  43912.3073
    523.5328
   2281.7177
  18772.2064
  13488.2738
    523.5328
    643.5097
   4636.9328
   4102.0694
    523.5328
    531.3878
   1484.6008
   1478.5175
    523.5328
    523.5328
   4 1   1    0.1    -8.0    0.0                                                                                                                                                                         
  89251.9379
  43912.3073
    523.5328
   2262.2595
  18772.2064
  13488.2738
    523.5328
    643.5097
   4636.9328
   4102.0694
    523.5328
    531.3878
   1484.6008
   1478.5175
    523.5328
    523.5328
   4 1   2    0.1    -1.0  100.0                                                                                                                                                                         
    527.8078
    526.5237
    523.5328
    523.5045
   4 1   3    0.1    -1.0   15.0                                                                                                                                                                         
   4783.0201
   5725.8766
    523.5045
    535.2093
   1642.3043
   1759.8688
    523.5045
    524.2996
    810.2519
    824.9047
    523.5045
    523.5471
   4 1   7    0.1   600.0 1200.0                                                                                                                                                                         
    521.2436
    526.0008
    523.5471
    504.7179
   4 1   8    0.1     0.0   12.0                                                                                                                                                                         
  29556.5315
  56846.5907
    504.7179
   1261.7684
   8556.0482
  13021.7829
    504.7179
    541.8593
   2497.4406
   3605.9275
    504.7179
    494.3699
   4 1   9    0.5     0.0    3.0                                                                                                                                                                         
  55704.1748
 709355.7392
    494.3699
  18024.4048
  22674.9031
  73720.2350
    494.3699
   2982.8104
   7867.1471
  12977.1654
    494.3699
    695.6362
   2705.8869
   3019.8939
    494.3699
    503.2675
   1134.8428
   1024.4200
    494.3699
    490.8267
   4 1  10    0.1     0.0    1.0                                                                                                                                                                         
  88109.0584
  43341.7100
    490.8267
   2227.5894
  18510.3903
  13295.3895
    490.8267
    609.4299
   4552.1908
   4025.4715
    490.8267
    498.6099
   1439.5434
   1434.2675
    490.8267
    490.8267
   4 1   7    0.1   600.0 1200.0                                                                                                                                                                         
    488.6137
    493.1900
    490.8267
    473.4026
   4 1   1    0.1    -8.0    0.0                                                                                                                                                                         
  90534.4766
  41627.0795
    473.4026
   2125.5231
  19603.3993
  12352.3823
    473.4026
    580.2934
   5064.7165
   3524.2131
    473.4026
    468.5269
   4 1   2    0.1    -1.0  100.0                                                                                                                                                                         
    480.3386
    463.7588
    468.5269
    463.6486
   4 1   3    0.1    -1.0   15.0                                                                                                                                                                         
   4619.8244
   5540.0457
    463.6486
    475.0643
   1555.2795
   1670.1028
    463.6486
    464.4230
    743.4195
    757.7712
    463.6486
    463.6898
   4 1   7    0.1   600.0 1200.0                                                                                                                                                                         
    461.5355
    465.9943
    463.6898
    447.1487
   4 1   8    0.1     0.0   12.0                                                                                                                                                                         
  28956.7351
  55569.4684
    447.1487
   1190.7004
   8368.3441
  12667.0343
    447.1487
    487.8424
   2418.0709
   3464.1432
    447.1487
    438.4574
   4 1   9    0.5     0.0    3.0                                                                                                                                                                         
  53760.1819
 678823.4410
    438.4574
  17323.5852
  21837.7255
  70790.7610
    438.4574
   2830.4544
   7546.6601
  12447.3937
    438.4574
    630.3735
   2569.8654
   2869.2985
    438.4574
    447.0392
   1055.6674
    948.6637
    438.4574
    435.0359
   4 1  10    0.1     0.0    1.0                                                                                                                                                                         
  85958.3963
  42271.6480
    435.0359
   2131.3836
  18022.3889
  12937.4933
    435.0359
    556.2689
   4398.2546
   3886.8833
    435.0359
    442.6833
   1360.4621
   1356.6955
    435.0359
    435.0359
   4 1   1    0.1    -8.0    0.0                                                                                                                                                                         
  85958.3963
  42271.6480
    435.0359
   2131.3836
  18022.3889
  12937.4933
    435.0359
    551.0456
   4398.2546
   3886.8833
    435.0359
    442.6833
   1360.4621
   1356.6955
    435.0359
    435.0359
   4 1   2    0.1    -1.0  100.0                                                                                                                                                                         
    439.3313
    437.6966
    435.0359
    434.9878
   4 1   3    0.1    -1.0   15.0                                                                                                                                                                         
   4542.2094
   5451.8390
    434.9878
    446.2639
   1513.7343
   1627.3197
    434.9878
    435.7517
    711.4430
    725.6819
    434.9878
    435.0599
   4 1   7    0.1   600.0 1200.0                                                                                                                                                                         
    432.9455
    437.3245
    435.0599
    419.1056
   4 1   8    0.1     0.0   12.0                                                                                                                                                                         
  28718.9726
  55073.2569
    419.1056
   1163.3554
   8293.9527
  12519.1512
    419.1056
    459.0048
   2384.2732
   3400.5127
    419.1056
    411.6242
   4 1   9    0.5     0.0    3.0                                                                                                                                                                         
  52575.2078
 657278.6753
    411.6242
  16874.8524
  21336.1403
  68753.2198
    411.6242
   2736.5988
   7365.2365
  12077.6564
    411.6242
    597.4923
   2500.3813
   2767.6532
    411.6242
    419.8033
   1022.1623
    899.3803
    411.6242
    407.7327
   4 1  10    0.1     0.0    1.0                                                                                                                                                                         
  84959.0993
  41747.8037
    407.7327
   2081.9141
  17799.8558
  12758.6075
    407.7327
    526.9131
   4329.0706
   3816.0047
    407.7327
    415.1548
   1324.3978
   1316.8670
    407.7327
    408.0923
    618.4945
    653.0906
    407.7327
    407.3639
   4 1   1    0.1    -8.0    0.0                                                                                                                                                                         
  85363.9689
  41611.0922
    407.3639
   2081.9141
  17953.1217
  12669.1225
    407.3639
    526.9131
   4395.6665
   3764.6347
    407.3639
    415.1548
   1355.2991
   1289.2086
    407.3639
    408.0923
    633.1115
    638.4965
    407.3639
    407.3639
   4 1   2    0.1    -1.0  100.0                                                                                                                                                                         
    409.7496
    411.8595
    407.3639
    407.2831
   4 1   3    0.1    -1.0   15.0                                                                                                                                                                         
   4466.8524
   5365.8220
    407.2831
    417.9901
   1473.5253
   1585.7436
    407.2831
    407.9269
    680.5396
    694.5891
    407.2831
    407.3232
   4 1   7    0.1   600.0 1200.0                                                                                                                                                                         
    405.3209
    409.4757
    407.3232
    392.9616
   4 1   8    0.1     0.0   12.0                                                                                                                                                                         
  28511.9574
  54645.6246
    392.9616
   1138.5544
   8229.4791
  12387.7976
    392.9616
    434.8459
   2354.2626
   3342.4795
    392.9616
    385.9296
   4 1   9    0.5     0.0    3.0                                                                                                                                                                         
  51428.7627
 638476.5090
    385.9296
  16433.5302
  20832.8265
  67036.0011
    385.9296
   2644.7700
   7171.0787
  11787.4710
    385.9296
    565.6874
   2420.3054
   2694.2029
    385.9296
    393.6965
    975.5394
    869.6139
    385.9296
    382.4522
   4 1  10    0.1     0.0    1.0                                                                                                                                                                         
  83995.0449
  41261.9096
    382.4522
   2037.7671
  17581.9955
  12595.3562
    382.4522
    495.1530
   4260.5885
   3752.4719
    382.4522
    389.7780
   1289.1214
   1281.2925
    382.4522
    382.4522
   4 1   1    0.1    -8.0    0.0                                                                                                                                                                         
  83995.0449
  41261.9096
    382.4522
   2037.7671
  17581.9955
  12595.3562
    382.4522
    495.1530
   4260.5885
   3752.4719
    382.4522
    389.7780
   1289.1214
   1281.2925
    382.4522
    382.4522
   4 1   2    0.1    -1.0  100.0                                                                                                                                                                         
    386.6151
    385.0900
    382.4522
    382.4094
   4 1   7    0.1   600.0 1200.0                                                                                                                                                                         
    380.5851
    384.3840
    382.4094
    370.4025
   4 1   3    0.1    -1.0   15.0                                                                                                                                                                         
   3954.0628
   5750.1862
    370.4025
    369.2310
   4 1   7    0.1   600.0 1200.0                                                                                                                                                                         
    365.7417
    372.8705
    369.2310
    326.9489
   4 1   8    0.1     0.0   12.0                                                                                                                                                                         
  27793.5343
  53067.9302
    326.9489
   1060.2395
   8008.7841
  11952.2521
    326.9489
    368.0896
   2263.7582
   3170.9448
    326.9489
    322.1472
   4 1   7    0.1   600.0 1200.0                                                                                                                                                                         
    319.7064
    324.7383
    322.1472
    301.0815
   4 1   9    0.5     0.0    3.0                                                                                                                                                                         
  47401.7163
 615603.7105
    301.0815
  14790.7389
  18703.0399
  66329.1435
    301.0815
   2296.4153
   6110.8224
  12170.2914
    301.0815
    457.0136
   1876.5826
   2950.1976
    301.0815
    306.1624
    674.5740
    971.0994
    301.0815
    295.7988
   4 1  10    0.1     0.0    1.0                                                                                                                                                                         
  80339.6094
  39431.1377
    295.7988
   1880.2529
  16761.9794
  11987.1482
    295.7988
    408.5011
   4008.8125
   3521.7094
    295.7988
    302.7989
   1163.9650
   1156.1140
    295.7988
    296.1362
    495.5074
    527.8951
    295.7988
    295.4555
   4 1   1    0.1    -8.0    0.0                                                                                                                                                                         
  80722.8788
  39301.7102
    295.4555
   1880.2529
  16907.0770
  11902.4359
    295.4555
    408.5011
   4071.8635
   3473.0826
    295.4555
    302.7989
   1193.2248
   1129.9355
    295.4555
    296.1362
    509.3511
    514.0847
    295.4555
    295.4555
   4 1   2    0.1    -1.0  100.0                                                                                                                                                                         
    297.9009
    299.5266
    295.4555
    295.4048
   4 1   3    0.1    -1.0   15.0                                                                                                                                                                         
   4139.5826
   4990.5587
    295.4048
    305.9671
   1305.1064
   1411.2333
    295.4048
    296.0161
    554.1874
    567.4241
    295.4048
    295.4432
   4 1   7    0.1   600.0 1200.0                                                                                                                                                                         
    293.7840
    297.2527
    295.4432
    285.4327
   4 1   8    0.1     0.0   12.0                                                                                                                                                                         
  26892.2719
  51009.8557
    285.4327
    983.9767
   7735.6430
  11457.9709
    285.4327
    325.8755
   2171.2948
   3011.4135
    285.4327
    281.6827
   4 1   9    0.5     0.0    3.0                                                                                                                                                                         
  47175.8308
 571005.7576
    281.6827
  14882.1836
  19015.0600
  60547.2467
    281.6827
   2315.3245
   6489.5127
  10623.7284
    281.6827
    443.4127
   2143.0744
   2375.4640
    281.6827
    288.4632
    822.0226
    719.0692
    281.6827
    278.2453
   4 1  10    0.1     0.0    1.0                                                                                                                                                                         
  79544.9870
  39044.3661
    278.2453
   1848.7001
  16582.4584
  11860.7522
    278.2453
    385.3425
   3953.7478
   3474.9317
    278.2453
    285.2429
   1137.1612
   1131.1870
    278.2453
    278.2453
   4 1   1    0.1    -8.0    0.0                                                                                                                                                                         
  79544.9870
  39044.3661
    278.2453
   1831.3174
  16582.4584
  11860.7522
    278.2453
    385.3425
   3953.7478
   3474.9317
    278.2453
    285.2429
   1137.1612
   1131.1870
    278.2453
    278.2453
   4 1   2    0.1    -1.0  100.0                                                                                                                                                                         
    282.4389
    280.5008
    278.2453
    278.1725
   4 1   3    0.1    -1.0   15.0                                                                                                                                                                         
   4085.7819
   4928.6633
    278.1725
    288.6343
   1278.2691
   1383.3866
    278.1725
    278.7779
    534.4933
    547.6042
    278.1725
    278.2105
   4 1   7    0.1   600.0 1200.0                                                                                                                                                                         
    276.6110
    279.9602
    278.2105
    268.8783
   4 1   8    0.1     0.0   12.0                                                                                                                                                                         
  26751.1591
  50724.1649
    268.8783
    968.9729
   7694.0746
  11368.5502
    268.8783
    308.2381
   2152.9441
   2972.2213
    268.8783
    265.2703
   4 1   9    0.5     0.0    3.0                                                                                                                                                                         
  46292.0853
 557202.7345
    265.2703
  14551.2374
  18627.9171
  59280.0573
    265.2703
   2251.7148
   6340.9728
  10414.4961
    265.2703
    423.5514
   2083.1175
   2325.8588
    265.2703
    272.5895
    794.1575
    695.0560
    265.2703
    262.2291
   4 1  10    0.1     0.0    1.0                                                                                                                                                                         
  78810.7148
  38663.4456
    262.2291
   1816.5774
  16421.7398
  11733.6262
    262.2291
    372.7042
   3906.4858
   3427.1271
    262.2291
    269.0733
   1114.5052
   1106.1093
    262.2291
    262.5574
    458.3750
    489.8100
    262.2291
    261.8978
   4 1   1    0.1    -8.0    0.0                                                                                                                                                                         
  79186.8140
  38536.4413
    261.8978
   1816.5774
  16564.1278
  11650.5028
    261.8978
    372.7042
   3968.3629
   3379.4150
    261.8978
    269.0733
   1143.2233
   1080.4258
    261.8978
    262.2291
    471.9653
    476.2633
    261.8978
    261.8978
   4 1   7    0.1   600.0 1200.0                                                                                                                                                                         
    260.5738
    263.3720
    261.8978
    255.3831
   4 1   2    0.1    -1.0  100.0                                                                                                                                                                         
    248.8771
    268.2828
    255.3831
    248.0207
   4 1   3    0.1    -1.0   15.0                                                                                                                                                                         
   3991.1037
   4820.1203
    248.0207
    258.2963
   1231.1239
   1334.6545
    248.0207
    248.7167
    499.9631
    512.9471
    248.0207
    248.0575
   4 1   7    0.1   600.0 1200.0                                                                                                                                                                         
    246.5696
    249.6957
    248.0575
    239.9267
   4 1   8    0.1     0.0   12.0                                                                                                                                                                         
  26420.3037
  50007.0961
    239.9267
    930.7754
   7596.2335
  11167.1787
    239.9267
    281.7808
   2114.3756
   2892.9441
    239.9267
    237.7180
   4 1   9    0.5     0.0    3.0                                                                                                                                                                         
  45144.6080
 538722.3573
    237.7180
  14148.0477
  18153.9426
  57418.2156
    237.7180
   2167.5167
   6172.5409
  10062.6597
    237.7180
    390.0193
   2018.5944
   2224.8914
    237.7180
    243.9067
    755.7947
    651.2053
    237.7180
    234.1593
   4 1  10    0.1     0.0    1.0                                                                                                                                                                         
  77469.0642
  38013.3741
    234.1593
   1748.2132
  16119.3428
  11522.5668
    234.1593
    338.6883
   3814.6516
   3350.1234
    234.1593
    241.0146
   1070.6037
   1065.7981
    234.1593
    234.1593
   4 1   1    0.1    -8.0    0.0                                                                                                                                                                         
  77469.0642
  38013.3741
    234.1593
   1748.2132
  16119.3428
  11522.5668
    234.1593
    338.6883
   3814.6516
   3350.1234
    234.1593
    241.0146
   1070.6037
   1065.7981
    234.1593
    234.1593
   4 1   2    0.1    -1.0  100.0                                                                                                                                                                         
    238.4067
    236.2441
    234.1593
    234.0670
   4 1   3    0.1    -1.0   15.0                                                                                                                                                                         
   3944.8862
   4766.0856
    234.0670
    244.2684
   1208.7685
   1311.0952
    234.0670
    234.7609
    483.8933
    496.6127
    234.0670
    234.1044
   4 1   7    0.1   600.0 1200.0                                                                                                                                                                         
    232.6694
    235.6897
    234.1044
    226.5145
   4 1   8    0.1     0.0   12.0                                                                                                                                                                         
  26309.3948
  49788.1595
    226.5145
    919.2119
   7564.7176
  11095.7026
    226.5145
    267.1661
   2100.5122
   2860.9182
    226.5145
    224.3276
   4 1   9    0.5     0.0    3.0                                                                                                                                                                         
  44359.3622
 526735.8116
    224.3276
  13863.2677
  17809.8224
  56317.3164
    224.3276
   2111.6076
   6040.5243
   9883.2683
    224.3276
    375.1112
   1965.6477
   2183.8165
    224.3276
    231.0397
    731.9189
    631.6138
    224.3276
    221.1770
   4 1  10    0.1     0.0    1.0                                                                                                                                                                         
  76823.8534
  37673.1056
    221.1770
   1737.1855
  15980.2625
  11409.0872
    221.1770
    324.2906
   3775.0392
   3307.9373
    221.1770
    227.8585
   1052.2643
   1044.2650
    221.1770
    221.1770
   4 1   7    0.1   600.0 1200.0                                                                                                                                                                         
    219.7452
    222.7589
    221.1770
    213.6202
   4 1   1    0.1    -8.0    0.0                                                                                                                                                                         
  78319.8932
  36620.8270
    213.6202
   1682.8194
  16656.2029
  10831.7930
    213.6202
    312.6352
   4093.6817
   3002.5615
    213.6202
    215.1420
   1204.0957
    884.4115
    213.6202
    209.4947
   4 1   2    0.1    -1.0  100.0                                                                                                                                                                         
    213.8004
    211.4081
    209.4947
    209.3797
   4 1   3    0.1    -1.0   15.0                                                                                                                                                                         
   3857.5387
   4665.5780
    209.3797
    219.3937
   1167.5466
   1268.4732
    209.3797
    210.0577
    454.9291
    467.5943
    209.3797
    209.4155
   4 1   7    0.1   600.0 1200.0                                                                                                                                                                         
    208.0832
    210.8980
    209.4155
    202.8232
   4 1   8    0.1     0.0   12.0                                                                                                                                                                         
  25991.6538
  49110.7389
    202.8232
    885.8392
   7472.8975
  10908.9648
    202.8232
    243.1312
   2066.5882
   2790.0242
    202.8232
    201.1869
   4 1   9    0.5     0.0    3.0                                                                                                                                                                         
  43258.5186
 510924.2856
    201.1869
  13472.0341
  17340.9077
  54768.8206
    201.1869
   2032.1580
   5864.7905
   9610.6967
    201.1869
    347.2937
   1895.0112
   2112.7756
    201.1869
    207.6279
    694.1755
    599.5353
    201.1869
    198.3075
   4 1  10    0.1     0.0    1.0                                                                                                                                                                         
  75514.7129
  37046.2344
    198.3075
   1692.0533
  15687.9234
  11209.1387
    198.3075
    305.0091
   3689.1235
   3238.0733
    198.3075
    205.0279
   1013.5459
   1009.8337
    198.3075
    198.6398
    385.3530
    417.6711
    198.3075
    197.9551
   4 1   1    0.1    -8.0    0.0                                                                                                                                                                         
  75875.3821
  36924.3894
    197.9551
   1675.5267
  15824.4499
  11129.3805
    197.9551
    300.4105
   3748.4341
   3192.2781
    197.9551
    205.0279
   1041.0543
    985.1663
    197.9551
    198.3075
    398.3526
    404.6440
    197.9551
    197.9551
   4 1   2    0.1    -1.0  100.0                                                                                                                                                                         
    200.6148
    201.4675
    197.9551
    197.9404
   4 1   3    0.1    -1.0   15.0                                                                                                                                                                         
   3817.2975
   4618.6684
    197.9404
    207.8815
   1148.5737
   1248.5694
    197.9404
    198.6147
    441.5750
    454.0746
    197.9404
    198.0042
   4 1   7    0.1   600.0 1200.0                                                                                                                                                                         
    196.6872
    199.4715
    198.0042
    191.5543
   4 1   8    0.1     0.0   12.0                                                                                                                                                                         
  25886.6240
  48898.6109
    191.5543
    885.6308
   7443.7719
  10841.8043
    191.5543
    233.0771
   2054.6152
   2761.0189
    191.5543
    190.5138
   4 1   9    0.5     0.0    3.0                                                                                                                                                                         
  42580.1048
 499314.8934
    190.5138
  13213.9303
  17059.6155
  53635.9446
    190.5138
   1981.0577
   5767.0534
   9405.4771
    190.5138
    331.0252
   1860.7312
   2059.0414
    190.5138
    196.2146
    675.3041
    580.7390
    190.5138
    187.3929
   4 1  10    0.1     0.0    1.0                                                                                                                                                                         
  74894.1315
  36749.3463
    187.3929
   1654.2526
  15549.1364
  11114.4840
    187.3929
    289.0335
   3648.2346
   3204.9843
    187.3929
    192.9760
    995.0708
    993.4892
    187.3929
    187.3929
   4 1   1    0.1    -8.0    0.0                                                                                                                                                                         
  74894.1315
  36749.3463
    187.3929
   1654.2526
  15549.1364
  11114.4840
    187.3929
    289.0335
   3648.2346
   3204.9843
    187.3929
    192.9760
    995.0708
    993.4892
    187.3929
    187.3929
   4 1   2    0.1    -1.0  100.0                                                                                                                                                                         
    191.7132
    189.1890
    187.3929
    187.2626
   4 1   3    0.1    -1.0   15.0                                                                                                                                                                         
