   4 1   1    0.1    -8.0    0.0                                                                                                                                                                         
  30122.2470
  15695.9349
    147.6279
    745.6610
   6174.8852
   4889.7782
    147.6279
    185.3035
   1436.7976
   1513.2825
    147.6279
    145.4527
   4 1   2    0.1    -1.0  100.0                                                                                                                                                                         
    150.5466
    142.7304
    145.4282
    142.2734
   4 1   3    0.1    -1.0   15.0                                                                                                                                                                         
   1675.1515
   2014.4311
    142.2753
    146.4881
