       0     2.466440     2.466440    20.000000     4.114617     4.120249    -0.000000     0.000000   105.318927
       0     2.466440     2.466440     7.095970    23.149832    23.169815    -0.692341     0.000000    37.366997
       0     2.466440     2.466440     7.029660    23.367573    23.387473    -0.696349     0.000000    37.017812
       0     2.466440     2.466440     6.963340    23.589576    23.609393    -0.699050     0.000000    36.668575
       0     2.466440     2.466440     6.897020    23.815942    23.835680    -0.700284     0.000000    36.319337
       0     2.466440     2.466440     6.830700    24.046813    24.066478    -0.699871     0.000000    35.970100
       0     2.466440     2.466440     6.764390    24.282304    24.301901    -0.697617     0.000000    35.620915
       0     2.466440     2.466440     6.698070    24.522640    24.542178    -0.693302     0.000000    35.271677
       0     2.466440     2.466440     6.631750    24.767953    24.787441    -0.686689     0.000000    34.922440
       0     2.466440     2.466440     6.565430    25.018417    25.037867    -0.677515     0.000000    34.573202
       0     2.466440     2.466440     6.499120    25.274176    25.293602    -0.665491     0.000000    34.224017
       0     2.466440     2.466440     6.432800    25.535502    25.554922    -0.650296     0.000000    33.874780
       0     2.466440     2.466440     6.366480    25.802563    25.821998    -0.631582     0.000000    33.525542
       0     2.466440     2.466440     6.300160    26.075578    26.095050    -0.608964     0.000000    33.176305
       0     2.466440     2.466440     6.233850    26.354735    26.374272    -0.582021     0.000000    32.827120
       0     2.466440     2.466440     6.167530    26.640365    26.659999    -0.550281     0.000000    32.477882
