  F CC-ref                                                      
    2.4664    2.4664   20.0000
   90.0000   90.0000  120.0446
   1 C     0.19450000000000D+01 -0.72999999999990D-03  0.10000000000000D+02
   2 C     0.52144000000000D+00  0.24671700000000D+01  0.10000000000000D+02

  F CC-70959                                                    
    2.4664    2.4664    7.0959
   90.0000   90.0000  120.0446
   1 C     0.22991900000000D+01 -0.61475750000000D+00  0.17922900000000D+01
   2 C     0.16725000000000D+00  0.30812025000000D+01  0.53036100000000D+01
   3 C     0.87589000000000D+00  0.18526825000000D+01  0.17922900000000D+01
   4 C     0.15905500000000D+01  0.61375250000000D+00  0.53036100000000D+01

  F CC-70296                                                    
    2.4664    2.4664    7.0296
   90.0000   90.0000  120.0446
   1 C     0.22993500000000D+01 -0.61502000000000D+00  0.17757100000000D+01
   2 C     0.16709000000000D+00  0.30814600000000D+01  0.52538900000000D+01
   3 C     0.87578000000000D+00  0.18528800000000D+01  0.17757100000000D+01
   4 C     0.15906600000000D+01  0.61356000000000D+00  0.52538900000000D+01

  F CC-69633                                                    
    2.4664    2.4664    6.9633
   90.0000   90.0000  120.0446
   1 C     0.22993500000000D+01 -0.61502000000000D+00  0.17591400000000D+01
   2 C     0.16709000000000D+00  0.30814600000000D+01  0.52041600000000D+01
   3 C     0.87578000000000D+00  0.18528800000000D+01  0.17591400000000D+01
   4 C     0.15906600000000D+01  0.61356000000000D+00  0.52041600000000D+01

  F CC-68970                                                    
    2.4664    2.4664    6.8970
   90.0000   90.0000  120.0446
   1 C     0.22993500000000D+01 -0.61502000000000D+00  0.17425700000000D+01
   2 C     0.16709000000000D+00  0.30814600000000D+01  0.51544300000000D+01
   3 C     0.87578000000000D+00  0.18528800000000D+01  0.17425700000000D+01
   4 C     0.15906600000000D+01  0.61356000000000D+00  0.51544300000000D+01

  F CC-68307                                                    
    2.4664    2.4664    6.8307
   90.0000   90.0000  120.0446
   1 C     0.22993500000000D+01 -0.61502000000000D+00  0.17260000000000D+01
   2 C     0.16709000000000D+00  0.30814600000000D+01  0.51047000000000D+01
   3 C     0.87578000000000D+00  0.18528800000000D+01  0.17260000000000D+01
   4 C     0.15906600000000D+01  0.61356000000000D+00  0.51047000000000D+01

  F CC-67643                                                    
    2.4664    2.4664    6.6764
   90.0000   90.0000  120.0446
   1 C     0.22993500000000D+01 -0.61502000000000D+00  0.16654400000000D+01
   2 C     0.16709000000000D+00  0.30814600000000D+01  0.50109900000000D+01
   3 C     0.87578000000000D+00  0.18528800000000D+01  0.16654400000000D+01
   4 C     0.15906600000000D+01  0.61356000000000D+00  0.50109900000000D+01

  F CC-67454                                                    
    2.4664    2.4664    6.6754
   90.0000   90.0000  120.0446
   1 C     0.22993500000000D+01 -0.61502000000000D+00  0.16815075000000D+01
   2 C     0.16709000000000D+00  0.30814600000000D+01  0.49938975000000D+01
   3 C     0.87578000000000D+00  0.18528800000000D+01  0.16814975000000D+01
   4 C     0.15906600000000D+01  0.61356000000000D+00  0.49938975000000D+01

  F CC-66980                                                    
    2.4664    2.4664    6.6980
   90.0000   90.0000  120.0446
   1 C     0.22993500000000D+01 -0.61502000000000D+00  0.16928050000000D+01
   2 C     0.16709000000000D+00  0.30814600000000D+01  0.50051950000000D+01
   3 C     0.87578000000000D+00  0.18528800000000D+01  0.16928050000000D+01
   4 C     0.15906600000000D+01  0.61356000000000D+00  0.50051950000000D+01

  F CC-66317                                                    
    2.4664    2.4664    6.6317
   90.0000   90.0000  120.0446
   1 C     0.22993500000000D+01 -0.61502000000000D+00  0.16762300000000D+01
   2 C     0.16709000000000D+00  0.30814600000000D+01  0.49554700000000D+01
   3 C     0.87578000000000D+00  0.18528800000000D+01  0.16762300000000D+01
   4 C     0.15906600000000D+01  0.61356000000000D+00  0.49554700000000D+01

  F CC-65654                                                    
    2.4664    2.4664    6.5654
   90.0000   90.0000  120.0446
   1 C     0.22993500000000D+01 -0.61502000000000D+00  0.16596725000000D+01
   2 C     0.16709000000000D+00  0.30814600000000D+01  0.49057325000000D+01
   3 C     0.87578000000000D+00  0.18528800000000D+01  0.16596625000000D+01
   4 C     0.15906600000000D+01  0.61356000000000D+00  0.49057325000000D+01

  F CC-64991                                                    
    2.4664    2.4664    6.4258
   90.0000   90.0000  120.0446
   1 C     0.22993500000000D+01 -0.61502000000000D+00  0.16064600000000D+01
   2 C     0.16709000000000D+00  0.30814600000000D+01  0.48193600000000D+01
   3 C     0.87578000000000D+00  0.18528800000000D+01  0.16064600000000D+01
   4 C     0.15906600000000D+01  0.61356000000000D+00  0.48193600000000D+01

  F CC-64327                                                    
    2.4664    2.4664    6.4327
   90.0000   90.0000  120.0446
   1 C     0.22993500000000D+01 -0.61502000000000D+00  0.16264800000000D+01
   2 C     0.16709000000000D+00  0.30814600000000D+01  0.48062200000000D+01
   3 C     0.87578000000000D+00  0.18528800000000D+01  0.16264800000000D+01
   4 C     0.15906600000000D+01  0.61356000000000D+00  0.48062200000000D+01

  F CC-63664                                                    
    2.4664    2.4664    6.3664
   90.0000   90.0000  120.0446
   1 C     0.22993500000000D+01 -0.61502000000000D+00  0.16099000000000D+01
   2 C     0.16709000000000D+00  0.30814600000000D+01  0.47565000000000D+01
   3 C     0.87578000000000D+00  0.18528800000000D+01  0.16099000000000D+01
   4 C     0.15906600000000D+01  0.61356000000000D+00  0.47565000000000D+01

  F CC-63001                                                    
    2.4664    2.4664    6.3001
   90.0000   90.0000  120.0446
   1 C     0.22993500000000D+01 -0.61502000000000D+00  0.15933400000000D+01
   2 C     0.16709000000000D+00  0.30814600000000D+01  0.47067600000000D+01
   3 C     0.87578000000000D+00  0.18528800000000D+01  0.15933400000000D+01
   4 C     0.15906600000000D+01  0.61356000000000D+00  0.47067600000000D+01

  F CC-62338                                                    
    2.4664    2.4664    6.2338
   90.0000   90.0000  120.0446
   1 C     0.22993500000000D+01 -0.61502000000000D+00  0.15767650000000D+01
   2 C     0.16709000000000D+00  0.30814600000000D+01  0.46570350000000D+01
   3 C     0.87578000000000D+00  0.18528800000000D+01  0.15767650000000D+01
   4 C     0.15906600000000D+01  0.61356000000000D+00  0.46570350000000D+01

  F CC-61675                                                    
    2.4664    2.4664    6.1675
   90.0000   90.0000  120.0446
   1 C     0.22993500000000D+01 -0.61502000000000D+00  0.15601975000000D+01
   2 C     0.16709000000000D+00  0.30814600000000D+01  0.46073075000000D+01
   3 C     0.87578000000000D+00  0.18528800000000D+01  0.15601875000000D+01
   4 C     0.15906600000000D+01  0.61356000000000D+00  0.46073075000000D+01

