   5779.4002
   5779.6539
   5779.4559
   5779.3994
   5782.5249
   5782.6908
   5782.5981
   5782.4215
   5782.4172
   5782.4274
   5782.4215
   5782.4130
   5782.0384
   5784.1130
   5782.4130
   5782.0054
   5781.8928
   5782.2608
   5782.0054
   5781.8866
   5781.8899
   5781.8849
   5781.8866
   5781.8845
   5782.0106
   5783.0984
   5781.8845
   5781.7720
   5781.6723
   5782.0143
   5781.7720
   5781.6694
   5781.8099
   5782.8693
   5781.6694
   5781.5626
   5781.5660
   5781.5607
   5781.5626
   5781.5603
   5781.4596
   5781.8037
   5781.5603
   5781.4565
   5781.6001
   5782.6536
   5781.4565
   5781.3508
   5781.3517
   5781.3516
   5781.3508
   5781.3508
   5781.2455
   5781.5989
   5781.3508
   5781.2415
   5781.1858
   5781.3168
   5781.2415
   5781.1324
   5781.1282
   5781.1382
   5781.1324
   5781.1243
   5780.7594
   5782.8152
   5781.1243
   5780.7245
   5780.6086
   5780.9832
   5780.7245
   5780.6015
   5780.6042
   5780.6001
   5780.6015
   5780.6000
   5780.7373
   5781.8032
   5780.6000
   5780.4986
   5780.4390
   5780.7006
   5780.4986
   5780.4386
   5780.5868
   5781.6314
   5780.4386
   5780.3348
   5780.3381
   5780.3331
   5780.3348
   5780.3328
   5780.2291
   5780.5792
   5780.3328
   5780.2254
   5780.3781
   5781.4140
   5780.2254
   5780.1234
   5780.1244
   5780.1239
   5780.1234
   5780.1234
   5780.0153
   5780.3742
   5780.1234
   5780.0106
   5779.9590
   5780.0819
   5780.0106
   5779.9151
   5779.9109
   5779.9209
   5779.9151
   5779.9067
   5779.5382
   5781.6015
   5779.9067
   5779.5039
   5779.3892
   5779.7616
   5779.5039
   5779.3830
   5779.3858
   5779.3817
   5779.3830
   5779.3816
   5779.4722
   5780.6304
   5779.3816
   5779.2549
   5779.1666
   5779.4859
   5779.2549
   5779.1655
   5779.3148
   5780.3575
   5779.1655
   5779.0621
   5779.0658
   5779.0599
   5779.0621
   5779.0592
   5778.9560
   5779.3053
   5779.0592
   5778.9523
   5779.1036
   5780.1425
   5778.9523
   5778.8497
   5778.8505
   5778.8504
   5778.8497
   5778.8497
   5778.7419
   5779.1003
   5778.8497
   5778.7373
   5778.6804
   5778.8142
   5778.7373
   5778.6250
   5778.6207
   5778.6308
   5778.6250
   5778.6166
   5778.2400
   5780.3193
   5778.6166
   5778.2074
   5778.0951
   5778.4625
   5778.2074
   5778.0891
   5778.0922
   5778.0875
   5778.0891
   5778.0873
   5778.2126
   5779.3026
   5778.0873
   5777.9743
   5777.8747
   5778.2167
   5777.9743
   5777.8718
   5778.0117
   5779.0731
   5777.8718
   5777.7647
   5777.7681
   5777.7627
   5777.7647
   5777.7622
   5777.6616
   5778.0055
   5777.7622
   5777.6585
   5777.8012
   5778.8574
   5777.6585
   5777.5525
   5777.5533
   5777.5531
   5777.5525
   5777.5524
   5777.4473
   5777.8004
   5777.5524
   5777.4435
   5777.3926
   5777.5144
   5777.4435
   5777.3513
   5777.3471
   5777.3570
   5777.3513
   5777.3430
   5776.9775
   5779.0353
   5777.3430
   5776.9426
   5776.8267
   5777.2015
   5776.9426
   5776.8196
   5776.8226
   5776.8181
   5776.8196
   5776.8179
   5776.9549
   5778.0222
   5776.8179
   5776.7096
   5776.6062
   5776.9558
   5776.7096
   5776.6025
   5776.7540
   5777.7928
   5776.6025
   5776.4999
   5776.5034
   5776.4980
   5776.4999
   5776.4975
   5776.3931
   5776.7447
   5776.4975
   5776.3892
   5776.5437
   5777.5769
   5776.3892
   5776.2929
   5776.2931
   5776.2941
   5776.2929
   5776.2927
   5776.2266
   5776.5013
   5776.2927
   5776.2268
   5776.1691
   5776.3048
   5776.2268
   5776.1133
   5776.1098
   5776.1185
   5776.1133
   5776.1072
   5775.7402
   5777.8013
   5776.1072
   5775.7056
   5775.5900
   5775.9640
   5775.7056
   5775.5836
   5775.5859
   5775.5826
   5775.5836
   5775.5827
   5775.6761
   5776.8296
   5775.5827
   5775.4570
   5775.3676
   5775.6891
   5775.4570
   5775.3664
   5775.5185
   5776.5564
   5775.3664
   5775.2640
   5775.2676
   5775.2620
   5775.2640
   5775.2615
   5775.1570
   5775.5088
   5775.2615
   5775.1532
   5775.3076
   5776.3411
   5775.1532
   5775.0517
   5775.0525
   5775.0524
   5775.0517
   5775.0517
   5774.9426
   5775.3037
   5775.0517
   5774.9375
   5774.8849
   5775.0106
   5774.9375
   5774.8407
   5774.8363
   5774.8465
   5774.8407
   5774.8321
   5774.4588
   5776.5325
   5774.8321
   5774.4255
   5774.3119
   5774.6820
   5774.4255
   5774.3055
   5774.3087
   5774.3039
   5774.3055
   5774.3036
   5774.4327
   5775.5161
   5774.3036
   5774.1921
   5774.0911
   5774.4359
   5774.1921
   5774.0879
   5774.2315
   5775.2864
   5774.0879
   5773.9822
   5773.9857
   5773.9802
   5773.9822
   5773.9796
   5773.8776
   5774.2245
   5773.9796
   5773.8742
   5774.0210
   5775.0698
   5773.8742
   5773.7696
   5773.7706
   5773.7702
   5773.7696
   5773.7696
   5773.6632
   5774.0189
   5773.7696
   5773.6589
   5773.6017
   5773.7367
   5773.6589
   5773.5481
   5773.5439
   5773.5540
   5773.5481
   5773.5399
   5773.1646
   5775.2425
   5773.5399
   5773.1316
   5773.0186
   5773.3876
   5773.1316
   5773.0124
   5773.0151
   5773.0111
   5773.0124
   5773.0110
   5773.1392
   5774.2247
   5773.0110
   5772.8991
   5772.7983
   5773.1427
   5772.8991
   5772.7952
   5772.9379
   5773.9948
   5772.7952
   5772.6891
   5772.6925
   5772.6872
   5772.6891
   5772.6868
   5772.5849
   5772.9315
   5772.6868
   5772.5816
   5772.7277
   5773.7782
   5772.5816
   5772.4767
   5772.4775
   5772.4773
   5772.4767
   5772.4767
   5772.3703
   5772.7261
   5772.4767
   5772.3660
   5772.3140
   5772.4387
   5772.3660
   5772.2722
   5772.2679
   5772.2779
   5772.2722
   5772.2639
   5771.8956
   5773.9600
   5772.2639
   5771.8644
   5771.7928
   5772.0785
   5771.8644
   5771.7928
   5771.7962
   5771.7909
   5771.7928
   5771.7906
   5771.9194
   5773.0038
   5771.7906
   5771.6789
   5771.5779
   5771.9228
   5771.6789
   5771.5747
   5771.7181
   5772.7739
   5771.5747
   5771.4688
   5771.4721
   5771.4668
   5771.4688
   5771.4665
   5771.3647
   5771.7112
   5771.4665
   5771.3619
   5771.4633
   5772.6021
   5771.3619
   5771.2425
   5771.2435
   5771.2430
   5771.2425
   5771.2424
   5771.1067
   5771.5215
   5771.2424
   5771.0922
   5771.0343
   5771.1710
   5771.0922
   5770.9802
   5770.9755
   5770.9865
   5770.9802
   5770.9704
   5770.5968
   5772.6717
   5770.9704
   5770.5672
   5770.4972
   5770.7797
   5770.5672
   5770.4972
   5770.5004
   5770.4955
   5770.4972
   5770.4952
   5770.6194
   5771.7133
   5770.4952
   5770.3816
   5770.2821
   5770.6241
   5770.3816
   5770.2799
   5770.4629
   5771.4410
   5770.2799
   5770.1897
   5770.1931
   5770.1876
   5770.1897
   5770.1871
   5770.0726
   5770.4448
   5770.1871
   5770.0659
   5770.2069
   5771.2679
   5770.0659
   5769.9590
   5769.9595
   5769.9600
   5769.9590
   5769.9590
   5769.8536
   5770.2073
   5769.9590
   5769.8497
   5769.7977
   5769.9227
   5769.8497
   5769.7569
   5769.7527
   5769.7627
   5769.7569
   5769.7486
   5769.3727
   5771.4525
   5769.7486
   5769.3398
   5769.2267
   5769.5959
   5769.3398
   5769.2205
   5769.2239
   5769.2186
   5769.2205
   5769.2182
   5769.3435
   5770.4354
   5769.2182
   5769.1050
   5769.0050
   5769.3479
   5769.1050
   5769.0021
   5769.1420
   5770.2052
   5769.0021
   5768.8947
   5768.8981
   5768.8928
   5768.8947
   5768.8923
   5768.7913
   5769.1363
   5768.8923
   5768.7881
   5768.9311
   5769.9885
   5768.7881
   5768.6820
   5768.6827
   5768.6827
   5768.6820
   5768.6820
   5768.5763
   5768.9306
   5768.6820
   5768.5722
   5768.5145
   5768.6511
   5768.5722
   5768.4622
   5768.4580
   5768.4679
   5768.4622
   5768.4541
   5768.0873
   5770.1495
   5768.4541
   5768.0525
   5767.9364
   5768.3117
   5768.0525
   5767.9297
   5767.9331
   5767.9278
   5767.9297
   5767.9274
   5768.0178
   5769.1788
   5767.9274
   5767.8004
   5767.7116
   5768.0320
   5767.8004
   5767.7105
   5767.8596
   5768.9049
   5767.7105
   5767.6068
   5767.6104
   5767.6046
   5767.6068
   5767.6040
   5767.5003
   5767.8508
   5767.6040
   5767.4966
   5767.6478
   5768.6892
   5767.4966
   5767.3936
   5767.3944
   5767.3943
   5767.3936
   5767.3936
   5767.2852
   5767.6451
   5767.3936
   5767.2804
   5767.2270
   5767.3552
   5767.2804
   5767.1841
   5767.1798
   5767.1899
   5767.1841
   5767.1757
   5766.8039
   5768.8762
   5767.1757
   5766.7737
   5766.7029
   5766.9871
   5766.7737
   5766.7029
   5766.7061
   5766.7013
   5766.7029
   5766.7010
   5766.8285
   5767.9166
   5766.7010
   5766.5944
   5766.4497
   5766.8826
   5766.5944
   5766.4307
   5766.5764
   5767.6287
   5766.4307
   5766.3316
   5766.3345
   5766.3301
   5766.3316
   5766.3300
   5766.2702
   5766.5325
   5766.3300
   5766.2698
   5766.4170
   5767.4665
   5766.2698
   5766.1652
   5766.1667
   5766.1652
   5766.1652
   5766.1651
   5766.0589
   5766.4144
   5766.1651
   5766.0547
   5765.9965
   5766.1346
   5766.0547
   5765.9440
   5765.9396
   5765.9497
   5765.9440
   5765.9355
   5765.5664
   5767.6336
   5765.9355
   5765.5320
   5765.4165
   5765.7907
   5765.5320
   5765.4095
   5765.4132
   5765.4075
   5765.4095
   5765.4067
   5765.5387
   5766.6183
   5765.4067
   5765.2961
   5765.1938
   5765.5414
   5765.2961
   5765.1904
   5765.3369
   5766.3879
   5765.1904
   5765.0856
   5765.0892
   5765.0835
   5765.0856
   5765.0829
   5764.9797
   5765.3292
   5765.0829
   5764.9765
   5765.0814
   5766.2146
   5764.9765
   5764.8551
   5764.8558
   5764.8560
   5764.8551
   5764.8551
   5764.7614
   5765.0919
   5764.8551
   5764.7597
   5764.7061
   5764.8350
   5764.7597
   5764.6638
   5764.6598
   5764.6694
   5764.6638
   5764.6560
   5764.2767
   5766.3643
   5764.6560
   5764.2444
   5764.1320
   5764.4999
   5764.2444
   5764.1260
   5764.1290
   5764.1247
   5764.1260
   5764.1245
   5764.2490
   5765.3436
   5764.1245
   5764.0109
   5763.9110
   5764.2539
   5764.0109
   5763.9080
   5764.0471
   5765.1130
   5763.9080
   5763.8002
   5763.8037
   5763.7982
   5763.8002
   5763.7978
   5763.6971
   5764.0416
   5763.7978
   5763.6940
   5763.8355
   5764.8969
   5763.6940
   5763.5871
   5763.5877
   5763.5878
   5763.5871
   5763.5870
   5763.4815
   5763.8357
   5763.5870
   5763.4774
   5763.4190
   5763.5577
   5763.4774
   5763.3674
   5763.3632
   5763.3730
   5763.3674
   5763.3593
   5762.9990
   5765.0494
   5763.3593
   5762.9628
   5762.8442
   5763.2247
   5762.9628
   5762.8364
   5762.8397
   5762.8346
   5762.8364
   5762.8342
   5762.9761
   5764.0366
   5762.8342
   5762.7274
   5762.6219
   5762.9762
   5762.7274
   5762.6178
   5762.7743
   5763.8061
   5762.6178
   5762.5168
   5762.5203
   5762.5148
   5762.5168
   5762.5144
   5762.4079
   5762.7639
   5762.5144
   5762.4037
   5762.5184
   5763.6329
   5762.4037
   5762.2862
   5762.2867
   5762.2872
   5762.2862
   5762.2862
   5762.1890
   5762.5265
   5762.2862
   5762.1866
   5762.1313
   5762.2640
   5762.1866
   5762.0867
   5762.0824
   5762.0924
   5762.0867
   5762.0785
   5761.6910
   5763.7952
   5762.0785
   5761.6603
   5761.5504
   5761.9133
   5761.6603
   5761.5455
   5761.5492
   5761.5433
   5761.5455
   5761.5426
   5761.6994
   5762.7309
   5761.5426
   5761.4466
   5761.3801
   5761.6560
   5761.4466
   5761.3801
   5761.5035
   5762.6008
   5761.3801
   5761.2714
   5761.2751
   5761.2691
   5761.2714
   5761.2684
   5761.1287
   5761.5516
   5761.2684
   5761.1123
   5761.2414
   5762.3278
   5761.1123
   5761.0004
   5761.0008
   5761.0016
   5761.0004
   5761.0003
   5760.8982
   5761.2457
   5761.0003
   5760.8948
   5760.8373
   5760.9745
   5760.8948
   5760.7889
   5760.7847
   5760.7945
   5760.7889
   5760.7808
   5760.4218
   5762.4702
   5760.7808
   5760.3875
   5760.3121
   5760.6057
   5760.3875
   5760.3121
   5760.3152
   5760.3106
   5760.3121
   5760.3104
   5760.4514
   5761.5142
   5760.3104
   5760.2032
   5760.0978
   5760.4518
   5760.2032
   5760.0938
   5760.2494
   5761.2835
   5760.0938
   5759.9924
   5759.9959
   5759.9905
   5759.9924
   5759.9900
   5759.8833
   5760.2400
   5759.9900
   5759.8790
   5759.9943
   5761.1080
   5759.8790
   5759.7616
   5759.7625
   5759.7622
   5759.7616
   5759.7616
   5759.6646
   5760.0017
   5759.7616
   5759.6622
   5759.6065
   5759.7402
   5759.6622
   5759.5623
   5759.5581
   5759.5680
   5759.5623
   5759.5544
   5759.1769
   5761.2620
   5759.5544
   5759.1441
   5759.0308
   5759.4007
   5759.1441
   5759.0245
   5759.0275
   5759.0231
   5759.0245
   5759.0229
   5759.1489
   5760.2416
   5759.0229
   5758.9097
   5758.8091
   5759.1535
   5758.9097
   5758.8060
   5758.9466
   5760.0106
   5758.8060
   5758.6987
   5758.7020
   5758.6968
   5758.6987
   5758.6964
   5758.5946
   5758.9414
   5758.6964
   5758.5913
   5758.7354
   5759.7927
   5758.5913
   5758.4853
   5758.4862
   5758.4859
   5758.4853
   5758.4853
   5758.3790
   5758.7349
   5758.4853
   5758.3748
   5758.3153
   5758.4569
   5758.3748
   5758.2637
   5758.2593
   5758.2695
   5758.2637
   5758.2550
   5757.8705
   5759.9696
   5758.2550
   5757.8391
   5757.7280
   5758.0935
   5757.8391
   5757.7224
   5757.7256
   5757.7207
   5757.7224
   5757.7204
   5757.8387
   5758.9468
   5757.7204
   5757.6042
   5757.5060
   5757.8456
   5757.6042
   5757.5040
   5757.6812
   5758.6732
   5757.5040
   5757.4111
   5757.4147
   5757.4090
   5757.4111
   5757.4083
   5757.2950
   5757.6650
   5757.4083
   5757.2888
   5757.4241
   5758.4990
   5757.2888
   5757.1793
   5757.1800
   5757.1801
   5757.1793
   5757.1793
   5757.0755
   5757.4264
   5757.1793
   5757.0718
   5757.0130
   5757.1533
   5757.0718
   5756.9636
   5756.9593
   5756.9693
   5756.9636
   5756.9552
   5756.5787
   5758.6624
   5756.9552
   5756.5457
   5756.4319
   5756.8028
   5756.5457
   5756.4255
   5756.4289
   5756.4236
   5756.4255
   5756.4232
   5756.5490
   5757.6426
   5756.4232
   5756.3099
   5756.2092
   5756.5538
   5756.3099
   5756.2061
   5756.3465
   5757.4114
   5756.2061
   5756.0986
   5756.1020
   5756.0966
   5756.0986
   5756.0962
   5755.9946
   5756.3410
   5756.0962
   5755.9914
   5756.1343
   5757.1945
   5755.9914
   5755.8849
   5755.8856
   5755.8856
   5755.8849
   5755.8849
   5755.7786
   5756.1345
   5755.8849
   5755.7745
   5755.7203
   5755.8516
   5755.7745
   5755.6803
   5755.6760
   5755.6860
   5755.6803
   5755.6721
   5755.3107
   5757.3649
   5755.6721
   5755.2770
   5755.2022
   5755.4949
   5755.2770
   5755.2025
   5755.2058
   5755.2007
   5755.2025
   5755.2002
   5755.2934
   5756.4516
   5755.2002
   5755.0763
   5754.9421
   5755.3541
   5755.0763
   5754.9283
   5755.0840
   5756.1190
   5754.9283
   5754.8319
   5754.8348
   5754.8303
   5754.8319
   5754.8301
   5754.7669
   5755.0362
   5754.8301
   5754.7668
   5754.9233
   5755.9570
   5754.7668
   5754.6656
   5754.6671
   5754.6658
   5754.6656
   5754.6655
   5754.5557
   5754.9187
   5754.6655
   5754.5505
   5754.4947
   5754.6294
   5754.5505
   5754.4521
   5754.4478
   5754.4581
   5754.4521
   5754.4434
   5754.0537
   5756.1640
   5754.4434
   5754.0233
   5753.9136
   5754.2763
   5754.0233
   5753.9085
   5753.9115
   5753.9069
   5753.9085
   5753.9067
   5754.0201
   5755.1388
   5753.9067
   5753.7885
   5753.6917
   5754.0285
   5753.7885
   5753.6894
   5753.8174
   5754.9073
   5753.6894
   5753.5769
   5753.5802
   5753.5751
   5753.5769
   5753.5748
   5753.4766
   5753.8162
   5753.5748
   5753.4741
   5753.6062
   5754.6882
   5753.4741
   5753.3632
   5753.3641
   5753.3638
   5753.3632
   5753.3632
   5753.2605
   5753.6091
   5753.3632
   5753.2571
   5753.1982
   5753.3392
   5753.2571
   5753.1502
   5753.1460
   5753.1559
   5753.1502
   5753.1421
   5752.7711
   5754.8447
   5753.1421
   5752.7369
   5752.6210
   5752.9962
   5752.7369
   5752.6141
   5752.6171
   5752.6125
   5752.6141
   5752.6123
   5752.7448
   5753.8260
   5752.6123
   5752.5015
   5752.3985
   5752.7479
   5752.5015
   5752.3950
   5752.5421
   5753.5946
   5752.3950
   5752.2901
   5752.2934
   5752.2882
   5752.2901
   5752.2879
   5752.1838
   5752.5354
   5752.2879
   5752.1800
   5752.3305
   5753.3765
   5752.1800
   5752.0764
   5752.0772
   5752.0771
   5752.0764
   5752.0764
   5751.9676
   5752.3286
   5752.0764
   5751.9630
   5751.9014
   5752.0479
   5751.9630
   5751.8484
   5751.8441
   5751.8542
   5751.8484
   5751.8398
   5751.4679
   5753.5436
   5751.8398
   5751.4339
   5751.3182
   5751.6930
   5751.4339
   5751.3113
   5751.3144
   5751.3098
   5751.3113
   5751.3097
   5751.4425
   5752.5233
   5751.3097
   5751.1991
   5751.0959
   5751.4456
   5751.1991
   5751.0927
   5751.1958
   5752.3352
   5751.0927
   5750.9703
   5750.9736
   5750.9684
   5750.9703
   5750.9680
   5750.8781
   5751.2011
   5750.9680
   5750.8769
   5751.0273
   5752.0739
   5750.8769
   5750.7732
   5750.7742
   5750.7738
   5750.7732
   5750.7732
   5750.6647
   5751.0252
   5750.7732
   5750.6599
   5750.6040
   5750.7393
   5750.6599
   5750.5628
   5750.5584
   5750.5687
   5750.5628
   5750.5540
   5750.1729
   5752.2670
   5750.5540
   5750.1407
   5750.0279
   5750.3969
   5750.1407
   5750.0219
   5750.0253
   5750.0200
   5750.0219
   5750.0196
   5750.1414
   5751.2442
   5750.0196
   5749.9046
   5749.8049
   5750.1476
   5749.9046
   5749.8020
   5749.9385
   5751.0125
   5749.8020
   5749.6928
   5749.6964
   5749.6909
   5749.6928
   5749.6903
   5749.5893
   5749.9347
   5749.6903
   5749.5862
   5749.7266
   5750.7930
   5749.5862
   5749.4785
   5749.4797
   5749.4790
   5749.4785
   5749.4785
   5749.3732
   5749.7272
   5749.4785
   5749.3693
   5749.3087
   5749.4536
   5749.3693
   5749.2590
   5749.2548
   5749.2647
   5749.2590
   5749.2509
   5748.8820
   5750.9522
   5749.2509
   5748.8473
   5748.7305
   5749.1077
   5748.8473
   5748.7232
   5748.7265
   5748.7214
   5748.7232
   5748.7211
   5748.8551
   5749.9342
   5748.7211
   5748.6109
   5748.5072
   5748.8580
   5748.6109
   5748.5036
   5748.6522
   5749.7025
   5748.5036
   5748.4049
   5748.4076
   5748.4038
   5748.4049
   5748.4037
   5748.3418
   5748.6086
   5748.4037
   5748.3416
   5748.4931
   5749.5379
   5748.3416
   5748.2383
   5748.2398
   5748.2383
   5748.2383
   5748.2381
   5748.1298
   5748.4900
   5748.2381
   5748.1251
   5748.0689
   5748.2052
   5748.1251
   5748.0282
   5748.0238
   5748.0340
   5748.0282
   5748.0195
   5747.6333
   5749.7380
   5748.0195
   5747.6021
   5747.4908
   5747.8568
   5747.6021
   5747.4852
   5747.4887
   5747.4834
   5747.4852
   5747.4829
   5747.5999
   5748.7128
   5747.4829
   5747.3659
   5747.2677
   5747.6075
   5747.3659
   5747.2651
   5747.3967
   5748.4808
   5747.2651
   5747.1539
   5747.1574
   5747.1519
   5747.1539
   5747.1513
   5747.0521
   5747.3939
   5747.1513
   5747.0494
   5747.1837
   5748.2627
   5747.0494
   5746.9392
   5746.9401
   5746.9398
   5746.9392
   5746.9392
   5746.8355
   5747.1863
   5746.9392
   5746.8319
   5746.7716
   5746.9163
   5746.8319
   5746.7234
   5746.7192
   5746.7292
   5746.7234
   5746.7151
   5746.3365
   5748.4265
   5746.7151
   5746.3038
   5746.1899
   5746.5611
   5746.3038
   5746.1836
   5746.1868
   5746.1819
   5746.1836
   5746.1816
   5746.3071
   5747.4034
   5746.1816
   5746.0679
   5745.9669
   5746.3124
   5746.0679
   5745.9638
   5746.1039
   5747.1714
   5745.9638
   5745.8559
   5745.8594
   5745.8540
   5745.8559
   5745.8535
   5745.7513
   5746.0991
   5745.8535
   5745.7479
   5745.8915
   5746.9525
   5745.7479
   5745.6414
   5745.6424
   5745.6420
   5745.6414
   5745.6414
   5745.5348
   5745.8916
   5745.6414
   5745.5306
   5745.4689
   5745.6167
   5745.5306
   5745.4185
   5745.4142
   5745.4243
   5745.4185
   5745.4101
   5745.0390
   5747.1145
   5745.4101
   5745.0047
   5744.8884
   5745.2647
   5745.0047
   5744.8813
   5744.8846
   5744.8794
   5744.8813
   5744.8790
   5745.0110
   5746.0948
   5744.8790
   5744.7679
   5744.6647
   5745.0146
   5744.7679
   5744.6612
   5744.8078
   5745.8628
   5744.6612
   5744.5558
   5744.5592
   5744.5540
   5744.5558
   5744.5536
   5744.4492
   5744.8015
   5744.5536
   5744.4457
   5744.5515
   5745.6872
   5744.4457
   5744.3241
   5744.3248
   5744.3249
   5744.3241
   5744.3241
   5744.2292
   5744.5624
   5744.3241
   5744.2274
   5744.1703
   5744.3089
   5744.2274
   5744.1294
   5744.1253
   5744.1350
   5744.1294
   5744.1215
   5743.7470
   5745.8295
   5744.1215
   5743.7133
   5743.5980
   5743.9723
   5743.7133
   5743.5912
   5743.5943
   5743.5896
   5743.5912
   5743.5893
   5743.7195
   5744.8072
   5743.5893
   5743.4775
   5743.3748
   5743.7236
   5743.4775
   5743.3714
   5743.5162
   5744.5751
   5743.3714
   5743.2653
   5743.2688
   5743.2633
   5743.2653
   5743.2628
   5743.1591
   5743.5100
   5743.2628
   5743.1555
   5743.3034
   5744.3565
   5743.1555
   5743.0506
   5743.0515
   5743.0512
   5743.0506
   5743.0506
   5742.9424
   5743.3023
   5743.0506
   5742.9378
   5742.8810
   5743.0193
   5742.9378
   5742.8409
   5742.8366
   5742.8468
   5742.8409
   5742.8322
   5742.4535
   5744.5446
   5742.8322
   5742.4207
   5742.3066
   5742.6784
   5742.4207
   5742.3002
   5742.3033
   5742.2987
   5742.3002
   5742.2984
   5742.4247
   5743.5203
   5742.2984
   5742.1850
   5742.0835
   5742.4300
   5742.1850
   5742.0803
   5742.2212
   5743.2880
   5742.0803
   5741.9727
   5741.9762
   5741.9706
   5741.9727
   5741.9700
   5741.8677
   5742.2158
   5741.9700
   5741.8644
   5742.0077
   5743.0701
   5741.8644
   5741.7576
   5741.7584
   5741.7583
   5741.7576
   5741.7577
   5741.6508
   5742.0082
   5741.7577
   5741.6465
   5741.5841
   5741.7338
   5741.6465
   5741.5339
   5741.5296
   5741.5397
   5741.5339
   5741.5254
   5741.1473
   5743.2374
   5741.5254
   5741.1183
   5741.0480
   5741.3319
   5741.1183
   5741.0480
   5741.0511
   5741.0465
   5741.0480
   5741.0462
   5741.1695
   5742.2713
   5741.0462
   5740.9369
   5740.7922
   5741.2255
   5740.9369
   5740.7734
   5740.9150
   5741.9808
   5740.7734
   5740.6725
   5740.6754
   5740.6712
   5740.6725
   5740.6710
   5740.6114
   5740.8739
   5740.6710
   5740.6109
   5740.7547
   5741.8163
   5740.6109
   5740.5044
   5740.5060
   5740.5043
   5740.5044
   5740.5041
   5740.3981
   5740.7538
   5740.5041
   5740.3940
   5740.3317
   5740.4814
   5740.3940
   5740.2823
   5740.2780
   5740.2882
   5740.2823
   5740.2739
   5739.8908
   5741.9909
   5740.2739
   5739.8588
   5739.7460
   5740.1154
   5739.8588
   5739.7400
   5739.7430
   5739.7383
   5739.7400
   5739.7381
   5739.8590
   5740.9658
   5739.7381
   5739.6224
   5739.5226
   5739.8658
   5739.6224
   5739.5197
   5739.6552
   5740.7333
   5739.5197
   5739.4099
   5739.4132
   5739.4081
   5739.4099
   5739.4078
   5739.3066
   5739.6526
   5739.4078
   5739.3035
   5739.4431
   5740.5132
   5739.3035
   5739.1952
   5739.1962
   5739.1959
   5739.1952
   5739.1952
   5739.0895
   5739.4446
   5739.1952
   5739.0856
   5739.0292
   5739.1673
   5739.0856
   5738.9914
   5738.9871
   5738.9973
   5738.9914
   5738.9828
   5738.5908
   5740.7088
   5738.9828
   5738.5606
   5738.4506
   5738.8143
   5738.5606
   5738.4454
   5738.4488
   5738.4436
   5738.4454
   5738.4432
   5738.5550
   5739.6801
   5738.4432
   5738.3239
   5738.2270
   5738.5644
   5738.3239
   5738.2251
   5738.3959
   5739.4046
   5738.2251
   5738.1292
   5738.1329
   5738.1270
   5738.1292
   5738.1264
   5738.0147
   5738.3819
   5738.1264
   5738.0090
   5738.1368
   5739.2305
   5738.0090
   5737.8960
   5737.8964
   5737.8970
   5737.8960
   5737.8959
   5737.7933
   5738.1422
   5737.8959
   5737.7899
   5737.7287
   5737.8767
   5737.7899
   5737.6825
   5737.6783
   5737.6882
   5737.6825
   5737.6743
   5737.2944
   5739.3888
   5737.6743
   5737.2618
   5737.1477
   5737.5196
   5737.2618
   5737.1413
   5737.1445
   5737.1397
   5737.1413
   5737.1394
   5737.2648
   5738.3633
   5737.1394
   5737.0255
   5736.9241
   5737.2705
   5737.0255
   5736.9209
   5737.0609
   5738.1306
   5736.9209
   5736.8128
   5736.8164
   5736.8107
   5736.8128
   5736.8101
   5736.7079
   5737.0559
   5736.8101
   5736.7046
   5736.8469
   5737.9123
   5736.7046
   5736.5973
   5736.5981
   5736.5980
   5736.5973
   5736.5974
   5736.4905
   5736.8479
   5736.5974
   5736.4863
   5736.4230
   5736.5752
   5736.4863
   5736.3736
   5736.3693
   5736.3793
   5736.3736
   5736.3654
   5735.9984
   5738.0676
   5736.3654
   5735.9631
   5735.8447
   5736.2253
   5735.9631
   5735.8374
   5735.8408
   5735.8354
   5735.8374
   5735.8350
   5735.9267
   5737.0919
   5735.8350
   5735.7077
   5735.6171
   5735.9418
   5735.7077
   5735.6158
   5735.7666
   5736.8154
   5735.6158
   5735.5119
   5735.5154
   5735.5099
   5735.5119
   5735.5093
   5735.4037
   5735.7587
   5735.5093
   5735.3997
   5735.5526
   5736.5973
   5735.3997
   5735.2966
   5735.2973
   5735.2974
   5735.2966
   5735.2966
   5735.1862
   5735.5508
   5735.2966
   5735.1809
   5735.1220
   5735.2657
   5735.1809
   5735.0811
   5735.0767
   5735.0870
   5735.0811
   5735.0724
   5734.6875
   5736.7922
   5735.0724
   5734.6558
   5734.5432
   5734.9122
   5734.6558
   5734.5372
   5734.5404
   5734.5355
   5734.5372
   5734.5353
   5734.6548
   5735.7653
   5734.5353
   5734.4190
   5734.3193
   5734.6623
   5734.4190
   5734.3165
   5734.4507
   5735.5324
   5734.3165
   5734.2060
   5734.2094
   5734.2042
   5734.2060
   5734.2037
   5734.1028
   5734.4483
   5734.2037
   5734.0998
   5734.2378
   5735.3122
   5734.0998
   5733.9907
   5733.9917
   5733.9913
   5733.9907
   5733.9907
   5733.8854
   5734.2398
   5733.9907
   5733.8814
   5733.8184
   5733.9706
   5733.8814
   5733.7705
   5733.7662
   5733.7763
   5733.7705
   5733.7620
   5733.3838
   5735.4757
   5733.7620
   5733.3507
   5733.2358
   5733.6095
   5733.3507
   5733.2292
   5733.2324
   5733.2276
   5733.2292
   5733.2274
   5733.3550
   5734.4498
   5733.2274
   5733.1142
   5733.0119
   5733.3602
   5733.1142
   5733.0086
   5733.1509
   5734.2169
   5733.0086
   5732.9012
   5732.9049
   5732.8992
   5732.9012
   5732.8985
   5732.7953
   5733.1455
   5732.8985
   5732.7918
   5732.9368
   5733.9978
   5732.7918
   5732.6855
   5732.6865
   5732.6860
   5732.6855
   5732.6855
   5732.5779
   5732.9369
   5732.6855
   5732.5735
   5732.5153
   5732.6579
   5732.5735
   5732.4769
   5732.4725
   5732.4827
   5732.4769
   5732.4682
   5732.0894
   5734.1827
   5732.4682
   5732.0605
   5731.9898
   5732.2747
   5732.0605
   5731.9898
   5731.9929
   5731.9880
   5731.9898
   5731.9877
   5732.1091
   5733.2166
   5731.9877
   5731.8772
   5731.7327
   5732.1658
   5731.8772
   5731.7141
   5731.8537
   5732.9252
   5731.7141
   5731.6057
   5731.6089
   5731.6039
   5731.6057
   5731.6036
   5731.5009
   5731.8501
   5731.6036
   5731.4975
   5731.6408
   5732.7054
   5731.4975
   5731.3968
   5731.3969
   5731.3981
   5731.3968
   5731.3967
   5731.3324
   5731.6044
   5731.3967
   5731.3324
   5731.2682
   5731.4231
   5731.3324
   5731.2191
   5731.2154
   5731.2242
   5731.2191
   5731.2127
   5730.8327
   5732.9286
   5731.2127
   5730.8000
   5730.6855
   5731.0584
   5730.8000
   5730.6790
   5730.6822
   5730.6773
   5730.6790
   5730.6771
   5730.8025
   5731.9022
   5730.6771
   5730.5630
   5730.4613
   5730.8085
   5730.5630
   5730.4581
   5730.5982
   5731.6690
   5730.4581
   5730.3498
   5730.3533
   5730.3478
   5730.3498
   5730.3473
   5730.2447
   5730.5937
   5730.3473
   5730.2418
   5730.3401
   5731.4936
   5730.2418
   5730.1197
   5730.1209
   5730.1199
   5730.1197
   5730.1195
   5729.9831
   5730.4001
   5730.1195
   5729.9685
   5729.9100
   5730.0538
   5729.9685
   5729.8717
   5729.8669
   5729.8780
   5729.8717
   5729.8616
   5729.4789
   5731.5804
   5729.8616
   5729.4511
   5729.3814
   5729.6642
   5729.4511
   5729.3820
   5729.3850
   5729.3804
   5729.3820
   5729.3803
   5729.5438
   5730.5687
   5729.3803
   5729.2813
   5729.1672
   5729.5392
   5729.2813
   5729.1609
   5729.2946
   5730.3783
   5729.1609
   5729.0501
   5729.0532
   5729.0484
   5729.0501
   5729.0482
   5728.9470
   5729.2931
   5729.0482
   5728.9439
   5729.0820
   5730.1573
   5728.9439
   5728.8348
   5728.8356
   5728.8355
   5728.8348
   5728.8348
   5728.7290
   5729.0845
   5728.8348
   5728.7250
   5728.6609
   5728.8160
   5728.7250
   5728.6133
   5728.6090
   5728.6191
   5728.6133
   5728.6048
   5728.2191
   5730.3269
   5728.6048
   5728.1874
   5728.0746
   5728.4442
   5728.1874
   5728.0687
   5728.0719
   5728.0669
   5728.0687
   5728.0666
   5728.1855
   5729.2986
   5728.0666
   5727.9498
   5727.8501
   5728.1933
   5727.9498
   5727.8473
   5727.9809
   5729.0651
   5727.8473
   5727.7364
   5727.7398
   5727.7346
   5727.7364
   5727.7341
   5727.6330
   5727.9791
   5727.7341
   5727.6300
   5727.7677
   5728.8440
   5727.6300
   5727.5207
   5727.5217
   5727.5211
   5727.5207
   5727.5206
   5727.4152
   5727.7699
   5727.5206
   5727.4112
   5727.3471
   5727.5025
   5727.4112
   5727.2999
   5727.2956
   5727.3058
   5727.2999
   5727.2914
   5726.9022
   5729.0171
   5727.2914
   5726.8712
   5726.7595
   5727.1269
   5726.8712
   5726.7538
   5726.7570
   5726.7520
   5726.7538
   5726.7517
   5726.8673
   5727.9874
   5726.7517
   5726.6336
   5726.5349
   5726.8761
   5726.6336
   5726.5323
   5726.6625
   5727.7538
   5726.5323
   5726.4200
   5726.4234
   5726.4182
   5726.4200
   5726.4177
   5726.3179
   5726.6614
   5726.4177
   5726.3151
   5726.4486
   5727.5336
   5726.3151
   5726.2041
   5726.2050
   5726.2047
   5726.2041
   5726.2041
   5726.0998
   5726.4524
   5726.2041
   5726.0963
   5726.0387
   5726.1813
   5726.0963
   5726.0033
   5725.9989
   5726.0090
   5726.0033
   5725.9947
   5725.6139
   5727.7126
   5725.9947
   5725.5812
   5725.4667
   5725.8398
   5725.5812
   5725.4602
   5725.4634
   5725.4584
   5725.4602
   5725.4581
   5725.5818
   5726.6860
   5725.4581
   5725.3432
   5725.2418
   5725.5884
   5725.3432
   5725.2387
   5725.3770
   5726.4524
   5725.2387
   5725.1296
   5725.1329
   5725.1278
   5725.1296
   5725.1274
   5725.0249
   5725.3738
   5725.1274
   5725.0216
   5725.1634
   5726.2323
   5725.0216
   5724.9138
   5724.9145
   5724.9145
   5724.9138
   5724.9138
   5724.8066
   5725.1649
   5724.9138
   5724.8023
   5724.7370
   5724.8952
   5724.8023
   5724.6888
   5724.6844
   5724.6946
   5724.6888
   5724.6801
   5724.2919
   5726.4053
   5724.6801
   5724.2607
   5724.1484
   5724.5170
   5724.2607
   5724.1426
   5724.1459
   5724.1408
   5724.1426
   5724.1405
   5724.2568
   5725.3758
   5724.1405
   5724.0226
   5723.9235
   5724.2656
   5724.0226
   5723.9209
   5724.0519
   5725.1420
   5723.9209
   5723.8089
   5723.8121
   5723.8070
   5723.8089
   5723.8065
   5723.7067
   5724.0503
   5723.8065
   5723.7039
   5723.8373
   5724.9229
   5723.7039
   5723.5927
   5723.5933
   5723.5937
   5723.5927
   5723.5928
   5723.4879
   5723.8416
   5723.5928
   5723.4841
   5723.4196
   5723.5764
   5723.4841
   5723.3734
   5723.3691
   5723.3792
   5723.3734
   5723.3650
   5722.9866
   5725.0810
   5723.3650
   5722.9534
   5722.8378
   5723.2130
   5722.9534
   5722.8310
   5722.8344
   5722.8292
   5722.8310
   5722.8288
   5722.9556
   5724.0542
   5722.8288
   5722.7151
   5722.6126
   5722.9615
   5722.7151
   5722.6092
   5722.7508
   5723.8204
   5722.6092
   5722.5013
   5722.5048
   5722.4993
   5722.5013
   5722.4987
   5722.3954
   5722.7459
   5722.4987
   5722.3920
   5722.5357
   5723.6013
   5722.3920
   5722.2849
   5722.2857
   5722.2857
   5722.2849
   5722.2849
   5722.1769
   5722.5369
   5722.2849
   5722.1724
   5722.1126
   5722.2602
   5722.1724
   5722.0750
   5722.0707
   5722.0809
   5722.0750
   5722.0665
   5721.6895
   5723.7815
   5722.0665
   5721.6560
   5721.5399
   5721.9163
   5721.6560
   5721.5330
   5721.5360
   5721.5314
   5721.5330
   5721.5312
   5721.6600
   5722.7549
   5721.5312
   5721.4182
   5721.3150
   5721.6654
   5721.4182
   5721.3115
   5721.4551
   5722.5210
   5721.3115
   5721.2044
   5721.2077
   5721.2026
   5721.2044
   5721.2021
   5721.0977
   5721.4506
   5721.2021
   5721.0940
   5721.2412
   5722.3003
   5721.0940
   5720.9883
   5720.9892
   5720.9889
   5720.9883
   5720.9883
   5720.8794
   5721.2413
   5720.9883
   5720.8748
   5720.8080
   5720.9697
   5720.8748
   5720.7588
   5720.7544
   5720.7647
   5720.7588
   5720.7499
   5720.3608
   5722.4768
   5720.7499
   5720.3297
   5720.2174
   5720.5861
   5720.3297
   5720.2116
   5720.2151
   5720.2097
   5720.2116
   5720.2092
   5720.3250
   5721.4460
   5720.2092
   5720.0910
   5719.9920
   5720.3340
   5720.0910
   5719.9893
   5720.1198
   5721.2119
   5719.9893
   5719.8770
   5719.8805
   5719.8749
   5719.8770
   5719.8744
   5719.7746
   5720.1183
   5719.8744
   5719.7718
   5719.9047
   5720.9922
   5719.7718
   5719.6603
   5719.6611
   5719.6610
   5719.6603
   5719.6603
   5719.5558
   5719.9089
   5719.6603
   5719.5524
   5719.4937
   5719.6394
   5719.5524
   5719.4589
   5719.4545
   5719.4648
   5719.4589
   5719.4501
   5719.0601
   5721.1783
   5719.4501
   5719.0292
   5718.9171
   5719.2853
   5719.0292
   5718.9114
   5718.9149
   5718.9094
   5718.9114
   5718.9090
   5719.0230
   5720.1476
   5718.9090
   5718.7901
   5718.6915
   5719.0326
   5718.7901
   5718.6890
   5718.8177
   5719.9134
   5718.6890
   5718.5759
   5718.5792
   5718.5740
   5718.5759
   5718.5736
   5718.4741
   5718.8172
   5718.5736
   5718.4720
   5718.6482
   5719.6507
   5718.4720
   5718.3777
   5718.3787
   5718.3783
   5718.3777
   5718.3777
   5718.2594
   5718.6403
   5718.3777
   5718.2518
   5718.1868
   5718.3454
   5718.2518
   5718.1420
   5718.1375
   5718.1479
   5718.1420
   5718.1329
   5717.7625
   5719.8422
   5718.1329
   5717.7307
   5717.6563
   5717.9489
   5717.7307
   5717.6568
   5717.6597
   5717.6553
   5717.6568
   5717.6552
   5717.7441
   5718.9185
   5717.6552
   5717.5281
   5717.3934
   5717.8072
   5717.5281
   5717.3796
   5717.5314
   5718.5819
   5717.3796
   5717.2757
   5717.2794
   5717.2734
   5717.2757
   5717.2726
   5717.1660
   5717.5232
   5717.2726
   5717.1619
   5717.3151
   5718.3631
   5717.1619
   5717.0585
   5717.0593
   5717.0591
   5717.0585
   5717.0585
   5716.9473
   5717.3138
   5717.0585
   5716.9419
   5716.8799
   5717.0327
   5716.9419
   5716.8407
   5716.8362
   5716.8466
   5716.8407
   5716.8316
   5716.4380
   5718.5638
   5716.8316
   5716.4078
   5716.2967
   5716.6630
   5716.4078
   5716.2913
   5716.2947
   5716.2893
   5716.2913
   5716.2888
   5716.3993
   5717.5316
   5716.2888
   5716.1684
   5716.0709
   5716.4100
   5716.1684
   5716.0686
   5716.1937
   5717.2971
   5716.0686
   5715.9540
   5715.9573
   5715.9522
   5715.9540
   5715.9519
   5715.8532
   5716.1946
   5715.9519
   5715.8506
   5715.9793
   5717.0760
   5715.8506
   5715.7374
   5715.7382
   5715.7381
   5715.7374
   5715.7374
   5715.6341
   5715.9849
   5715.7374
   5715.6306
   5715.5655
   5715.7248
   5715.6306
   5715.5214
   5715.5171
   5715.5272
   5715.5214
   5715.5130
   5715.1356
   5717.2297
   5715.5130
   5715.1020
   5714.9856
   5715.3627
   5715.1020
   5714.9786
   5714.9819
   5714.9768
   5714.9786
   5714.9765
   5715.1051
   5716.2018
   5714.9765
   5714.8633
   5714.7598
   5715.1108
   5714.8633
   5714.7563
   5714.8997
   5715.9674
   5714.7563
   5714.6489
   5714.6524
   5714.6469
   5714.6489
   5714.6464
   5714.5421
   5714.8948
   5714.6464
   5714.5385
   5714.6843
   5715.7474
   5714.5385
   5714.4320
   5714.4328
   5714.4327
   5714.4320
   5714.4321
   5714.3231
   5714.6852
   5714.4321
   5714.3185
   5714.2506
   5714.4157
   5714.3185
   5714.2024
   5714.1979
   5714.2083
   5714.2024
   5714.1933
   5713.7920
   5715.9334
   5714.1933
   5713.7633
   5713.6545
   5714.0163
   5713.7633
   5713.6498
   5713.6532
   5713.6479
   5713.6498
   5713.6474
   5713.7511
   5714.8971
   5713.6474
   5713.5242
   5713.4288
   5713.7638
   5713.5242
   5713.4271
   5713.5902
   5714.6193
   5713.4271
   5713.3275
   5713.3312
   5713.3254
   5713.3275
   5713.3247
   5713.2139
   5713.5797
   5713.3247
   5713.2086
   5713.3300
   5714.4416
   5713.2086
   5713.0924
   5713.0933
   5713.0931
   5713.0924
   5713.0924
   5712.9914
   5713.3377
   5713.0924
   5712.9884
   5712.9238
   5713.0824
   5712.9884
   5712.8820
   5712.8778
   5712.8876
   5712.8820
   5712.8738
   5712.5042
   5714.5835
   5712.8738
   5712.4721
   5712.3971
   5712.6909
   5712.4721
   5712.3971
   5712.4003
   5712.3954
   5712.3971
   5712.3951
   5712.5285
   5713.6163
   5712.3951
   5712.2837
   5712.1786
   5712.5330
   5712.2837
   5712.1748
   5712.3229
   5713.3818
   5712.1748
   5712.0692
   5712.0727
   5712.0672
   5712.0692
   5712.0666
   5711.9610
   5712.3165
   5712.0666
   5711.9572
   5712.0624
   5713.2061
   5711.9572
   5711.8381
   5711.8392
   5711.8386
   5711.8381
   5711.8381
   5711.6981
   5712.1226
   5711.8381
   5711.6820
   5711.6191
   5711.7746
   5711.6820
   5711.5805
   5711.5757
   5711.5868
   5711.5805
   5711.5702
   5711.1869
   5713.2935
   5711.5702
   5711.1589
   5711.0883
   5711.3734
   5711.1589
   5711.0883
   5711.0913
   5711.0868
   5711.0883
   5711.0867
   5711.2072
   5712.3207
   5711.0867
   5710.9752
   5710.8299
   5711.2651
   5710.9752
   5710.8110
   5710.9500
   5712.0272
   5710.8110
   5710.7018
   5710.7053
   5710.6998
   5710.7018
   5710.6993
   5710.5961
   5710.9467
   5710.6993
   5710.5927
   5710.7345
   5711.8063
   5710.5927
   5710.4846
   5710.4854
   5710.4852
   5710.4846
   5710.4846
   5710.3768
   5710.7366
   5710.4846
   5710.3724
   5710.3044
   5710.4704
   5710.3724
   5710.2576
   5710.2532
   5710.2634
   5710.2576
   5710.2488
   5709.8548
   5711.9828
   5710.2488
   5709.8300
   5709.7628
   5710.0411
   5709.8300
   5709.7628
   5709.7658
   5709.7612
   5709.7628
   5709.7610
   5709.8702
   5711.0063
   5709.7610
   5709.6438
   5709.5021
   5709.9301
   5709.6438
   5709.4856
   5709.6579
   5710.6697
   5709.4856
   5709.3931
   5709.3961
   5709.3917
   5709.3931
   5709.3915
   5709.3209
   5709.6059
   5709.3915
   5709.3209
   5709.4504
   5710.5469
   5709.3209
   5709.2079
   5709.2092
   5709.2079
   5709.2079
   5709.2077
   5709.1047
   5709.4550
   5709.2077
   5709.1017
   5709.0422
   5709.1914
   5709.1017
   5709.0095
   5709.0052
   5709.0154
   5709.0095
   5709.0009
   5708.6069
   5710.7350
   5709.0009
   5708.5766
   5708.4651
   5708.8325
   5708.5766
   5708.4596
   5708.4627
   5708.4580
   5708.4596
   5708.4577
   5708.5711
   5709.6992
   5708.4577
   5708.3426
   5708.1995
   5708.6304
   5708.3426
   5708.1817
   5708.3136
   5709.4053
   5708.1817
   5708.0696
   5708.0732
   5708.0675
   5708.0696
   5708.0669
   5707.9660
   5708.3122
   5708.0669
   5707.9630
   5708.0977
   5709.1842
   5707.9630
   5707.8520
   5707.8530
   5707.8526
   5707.8520
   5707.8520
   5707.7465
   5708.1017
   5707.8520
   5707.7426
   5707.6752
   5707.8405
   5707.7426
   5707.6305
   5707.6263
   5707.6363
   5707.6305
   5707.6220
   5707.2362
   5709.3485
   5707.6220
   5707.2088
   5707.1388
   5707.4229
   5707.2088
   5707.1388
   5707.1418
   5707.1372
   5707.1388
   5707.1370
   5707.2549
   5708.3745
   5707.1370
   5707.0241
   5706.8795
   5707.3134
   5707.0241
   5706.8610
   5706.9973
   5708.0806
   5706.8610
   5706.7506
   5706.7541
   5706.7486
   5706.7506
   5706.7481
   5706.6458
   5706.9948
   5706.7481
   5706.6425
   5706.7813
   5707.8599
   5706.6425
   5706.5331
   5706.5339
   5706.5338
   5706.5331
   5706.5331
   5706.4260
   5706.7845
   5706.5331
   5706.4218
   5706.3534
   5706.5209
   5706.4218
   5706.3076
   5706.3033
   5706.3135
   5706.3076
   5706.2990
   5705.9166
   5708.0224
   5706.2990
   5705.8882
   5705.8169
   5706.1035
   5705.8882
   5705.8169
   5705.8202
   5705.8153
   5705.8169
   5705.8149
   5705.9364
   5707.0492
   5705.8149
   5705.6986
   5705.5971
   5705.9445
   5705.6986
   5705.5940
   5705.7302
   5706.8140
   5705.5940
   5705.4836
   5705.4872
   5705.4814
   5705.4836
   5705.4808
   5705.3786
   5705.7273
   5705.4808
   5705.3754
   5705.5135
   5706.5937
   5705.3754
   5705.2657
   5705.2664
   5705.2664
   5705.2657
   5705.2657
   5705.1587
   5705.5170
   5705.2657
   5705.1546
   5705.0927
   5705.2474
   5705.1546
   5705.0579
   5705.0536
   5705.0637
   5705.0579
   5705.0492
   5704.6607
   5706.7789
   5705.0492
   5704.6292
   5704.5156
   5704.8872
   5704.6292
   5704.5095
   5704.5127
   5704.5079
   5704.5095
   5704.5076
   5704.6269
   5705.7443
   5704.5076
   5704.3904
   5704.2896
   5704.6356
   5704.3904
   5704.2866
   5704.4206
   5705.5090
   5704.2866
   5704.1752
   5704.1788
   5704.1732
   5704.1752
   5704.1725
   5704.0708
   5704.4186
   5704.1725
   5704.0676
   5704.2043
   5705.2877
   5704.0676
   5703.9573
   5703.9582
   5703.9579
   5703.9573
   5703.9573
   5703.8510
   5704.2080
   5703.9573
   5703.8469
   5703.7785
   5703.9466
   5703.8469
   5703.7336
   5703.7293
   5703.7395
   5703.7336
   5703.7250
   5703.3353
   5705.4561
   5703.7250
   5703.3040
   5703.1907
   5703.5618
   5703.3040
   5703.1847
   5703.1879
   5703.1830
   5703.1847
   5703.1827
   5703.2997
   5704.4218
   5703.1827
   5703.0692
   5702.9247
   5703.3586
   5703.0692
   5702.9062
   5703.0417
   5704.1275
   5702.9062
   5702.7954
   5702.7989
   5702.7935
   5702.7954
   5702.7931
   5702.6906
   5703.0399
   5702.7931
   5702.6873
   5702.8260
   5703.9057
   5702.6873
   5702.5777
   5702.5786
   5702.5784
   5702.5777
   5702.5777
   5702.4707
   5702.8292
   5702.5777
   5702.4665
   5702.4042
   5702.5603
   5702.4665
   5702.3696
   5702.3652
   5702.3755
   5702.3696
   5702.3607
   5701.9681
   5704.0950
   5702.3607
   5701.9427
   5701.8745
   5702.1550
   5701.9427
   5701.8749
   5701.8782
   5701.8731
   5701.8749
   5701.8728
   5702.0280
   5703.0751
   5701.8728
   5701.7698
   5701.6572
   5702.0268
   5701.7698
   5701.6514
   5701.7767
   5702.8829
   5701.6514
   5701.5365
   5701.5398
   5701.5347
   5701.5365
   5701.5344
   5701.4351
   5701.7781
   5701.5344
   5701.4324
   5701.5612
   5702.6607
   5701.4324
   5701.3189
   5701.3197
   5701.3196
   5701.3189
   5701.3189
   5701.2148
   5701.5674
   5701.3189
   5701.2112
   5701.1434
   5701.3107
   5701.2112
   5701.1007
   5701.0963
   5701.1066
   5701.1007
   5701.0919
   5700.6900
   5702.8354
   5701.0919
   5700.6611
   5700.5516
   5700.9151
   5700.6611
   5700.5467
   5700.5497
   5700.5453
   5700.5467
   5700.5450
   5700.6513
   5701.7951
   5700.5450
   5700.4262
   5700.2849
   5700.7122
   5700.4262
   5700.2687
   5700.4381
   5701.4575
   5700.2687
   5700.1751
   5700.1783
   5700.1734
   5700.1751
   5700.1732
   5700.1037
   5700.3869
   5700.1732
   5700.1037
   5700.2289
   5701.3356
   5700.1037
   5699.9887
   5699.9900
   5699.9890
   5699.9887
   5699.9887
   5699.8863
   5700.2355
   5699.9887
   5699.8830
   5699.8158
   5699.9822
   5699.8830
   5699.7744
   5699.7701
   5699.7802
   5699.7744
   5699.7660
   5699.3789
   5701.4954
   5699.7660
   5699.3470
   5699.2326
   5699.6060
   5699.3470
   5699.2263
   5699.2297
   5699.2243
   5699.2263
   5699.2238
   5699.3422
   5700.4624
   5699.2238
   5699.1061
   5699.0053
   5699.3514
   5699.1061
   5699.0023
   5699.1355
   5700.2266
   5699.0023
   5698.8905
   5698.8939
   5698.8887
   5698.8905
   5698.8883
   5698.7862
   5699.1348
   5698.8883
   5698.7830
   5698.9198
   5700.0041
   5698.7830
   5698.6726
   5698.6735
   5698.6733
   5698.6726
   5698.6726
   5698.5660
   5698.9238
   5698.6726
   5698.5619
   5698.4923
   5698.6636
   5698.5619
   5698.4479
   5698.4436
   5698.4538
   5698.4479
   5698.4395
   5698.0621
   5700.1598
   5698.4395
   5698.0283
   5697.9106
   5698.2906
   5698.0283
   5697.9033
   5697.9065
   5697.9016
   5697.9033
   5697.9013
   5698.0323
   5699.1279
   5697.9013
   5697.7886
   5697.6836
   5698.0380
   5697.7886
   5697.6801
   5697.7812
   5698.9358
   5697.6801
   5697.5586
   5697.5627
   5697.5560
   5697.5586
   5697.5548
   5697.4199
   5697.8346
   5697.5548
   5697.4061
   5697.5555
   5698.6152
   5697.4061
   5697.3065
   5697.3062
   5697.3083
   5697.3065
   5697.3061
   5697.2380
   5697.5184
   5697.3061
   5697.2380
   5697.1729
   5697.3355
   5697.2380
   5697.1360
   5697.1323
   5697.1412
   5697.1360
   5697.1293
   5696.7374
   5698.8640
   5697.1293
   5696.7065
   5696.5934
   5696.9641
   5696.7065
   5696.5875
   5696.5905
   5696.5860
   5696.5875
   5696.5857
   5696.7024
   5697.8266
   5696.5857
   5696.4719
   5696.3271
   5696.7616
   5696.4719
   5696.3087
   5696.4438
   5697.5316
   5696.3087
   5696.1976
   5696.2012
   5696.1955
   5696.1976
   5696.1949
   5696.0924
   5696.4419
   5696.1949
   5696.0891
   5696.2270
   5697.3097
   5696.0891
   5695.9790
   5695.9800
   5695.9796
   5695.9790
   5695.9790
   5695.8720
   5696.2306
   5695.9790
   5695.8679
   5695.7977
   5695.9707
   5695.8679
   5695.7534
   5695.7490
   5695.7594
   5695.7534
   5695.7445
   5695.3423
   5697.4895
   5695.7445
   5695.3134
   5695.2036
   5695.5678
   5695.3134
   5695.1989
   5695.2022
   5695.1971
   5695.1989
   5695.1967
   5695.3458
   5696.4064
   5695.1967
   5695.0970
   5695.0304
   5695.3077
   5695.0970
   5695.0304
   5695.1458
   5696.2728
   5695.0304
   5694.9160
   5694.9197
   5694.9136
   5694.9160
   5694.9129
   5694.7729
   5695.1978
   5694.9129
   5694.7568
   5694.8768
   5695.9951
   5694.7568
   5694.6396
   5694.6397
   5694.6410
   5694.6396
   5694.6394
   5694.5369
   5694.8865
   5694.6394
   5694.5336
   5694.4653
   5694.6348
   5694.5336
   5694.4246
   5694.4202
   5694.4304
   5694.4246
   5694.4160
   5694.0193
   5696.1558
   5694.4160
   5693.9893
   5693.8776
   5694.2456
   5693.9893
   5693.8725
   5693.8760
   5693.8705
   5693.8725
   5693.8699
   5694.0242
   5695.0748
   5693.8699
   5693.7663
   5693.6537
   5694.0236
   5693.7663
   5693.6479
   5693.7723
   5694.8819
   5693.6479
   5693.5325
   5693.5357
   5693.5307
   5693.5325
   5693.5304
   5693.4309
   5693.7745
   5693.5304
   5693.4282
   5693.5565
   5694.6586
   5693.4282
   5693.3143
   5693.3151
   5693.3149
   5693.3143
   5693.3143
   5693.2101
   5693.5631
   5693.3143
   5693.2068
   5693.1445
   5693.3024
   5693.2068
   5693.1129
   5693.1087
   5693.1187
   5693.1129
   5693.1047
   5692.7306
   5694.8229
   5693.1047
   5692.6994
   5692.6246
   5692.9185
   5692.6994
   5692.6246
   5692.6279
   5692.6227
   5692.6246
   5692.6223
   5692.7517
   5693.8515
   5692.6223
   5692.5088
   5692.4041
   5692.7581
   5692.5088
   5692.4007
   5692.5003
   5693.6590
   5692.4007
   5692.2783
   5692.2822
   5692.2759
   5692.2783
   5692.2750
   5692.1398
   5692.5551
   5692.2750
   5692.1260
   5692.2753
   5693.3363
   5692.1260
   5692.0204
   5692.0208
   5692.0213
   5692.0204
   5692.0203
   5691.9088
   5692.2765
   5692.0203
   5691.9038
   5691.8308
   5692.0102
   5691.9038
   5691.7834
   5691.7790
   5691.7894
   5691.7834
   5691.7745
   5691.3788
   5693.5140
   5691.7745
   5691.3485
   5691.2363
   5691.6054
   5691.3485
   5691.2307
   5691.2338
   5691.2291
   5691.2307
   5691.2288
   5691.3412
   5692.4749
   5691.2288
   5691.1085
   5691.0093
   5691.3524
   5691.1085
   5691.0067
   5691.1338
   5692.2384
   5691.0067
   5690.8923
   5690.8957
   5690.8903
   5690.8923
   5690.8899
   5690.7896
   5691.1348
   5690.8899
   5690.7875
   5690.9624
   5691.9731
   5690.7875
   5690.6920
   5690.6930
   5690.6924
   5690.6920
   5690.6920
   5690.5729
   5690.9558
   5690.6920
   5690.5656
   5690.5026
   5690.6623
   5690.5656
   5690.4710
   5690.4663
   5690.4770
   5690.4710
   5690.4616
   5690.0650
   5692.2021
   5690.4616
   5690.0349
   5689.9229
   5690.2916
   5690.0349
   5689.9173
   5689.9208
   5689.9153
   5689.9173
   5689.9147
   5690.0244
   5691.1637
   5689.9147
   5689.7933
   5689.6949
   5690.0364
   5689.7933
   5689.6924
   5689.8169
   5690.9271
   5689.6924
   5689.5769
   5689.5804
   5689.5750
   5689.5769
   5689.5747
   5689.4751
   5689.8189
   5689.5747
   5689.4724
   5689.6003
   5690.7040
   5689.4724
   5689.3582
   5689.3591
   5689.3588
   5689.3582
   5689.3582
   5689.2541
   5689.6070
   5689.3582
   5689.2505
   5689.1806
   5689.3544
   5689.2505
   5689.1394
   5689.1349
   5689.1453
   5689.1394
   5689.1305
   5688.7296
   5690.8756
   5689.1305
   5688.7003
   5688.5896
   5688.9558
   5688.7003
   5688.5845
   5688.5877
   5688.5826
   5688.5845
   5688.5822
   5688.6880
   5689.8353
   5688.5822
   5688.4593
   5688.3620
   5688.7011
   5688.4593
   5688.3602
   5688.5255
   5689.5555
   5688.3602
   5688.2609
   5688.2644
   5688.2588
   5688.2609
   5688.2584
   5688.1458
   5688.5158
   5688.2584
   5688.1400
   5688.2634
   5689.3764
   5688.1400
   5688.0240
   5688.0246
   5688.0249
   5688.0240
   5688.0240
   5687.9209
   5688.2719
   5688.0240
   5687.9175
   5687.8478
   5688.0214
   5687.9175
   5687.8075
   5687.8032
   5687.8132
   5687.8075
   5687.7991
   5687.4146
   5689.5286
   5687.7991
   5687.3820
   5687.2659
   5687.6430
   5687.3820
   5687.2591
   5687.2626
   5687.2571
   5687.2591
   5687.2566
   5687.3793
   5688.4934
   5687.2566
   5687.1403
   5687.0376
   5687.3878
   5687.1403
   5687.0342
   5687.1718
   5688.2568
   5687.0342
   5686.9239
   5686.9274
   5686.9218
   5686.9239
   5686.9212
   5686.8176
   5687.1697
   5686.9212
   5686.8141
   5686.9544
   5688.0342
   5686.8141
   5686.7047
   5686.7056
   5686.7054
   5686.7047
   5686.7048
   5686.5964
   5686.9579
   5686.7048
   5686.5920
   5686.5196
   5686.6989
   5686.5920
   5686.4755
   5686.4711
   5686.4814
   5686.4755
   5686.4667
   5686.0732
   5688.2052
   5686.4667
   5686.0424
   5685.9291
   5686.3006
   5686.0424
   5685.9232
   5685.9264
   5685.9214
   5685.9232
   5685.9211
   5686.0357
   5687.1663
   5685.9211
   5685.8016
   5685.7014
   5686.0465
   5685.8016
   5685.6986
   5685.8280
   5686.9294
   5685.6986
   5685.5849
   5685.5884
   5685.5830
   5685.5849
   5685.5825
   5685.4813
   5685.8286
   5685.5825
   5685.4783
   5685.6109
   5686.7062
   5685.4783
   5685.3659
   5685.3667
   5685.3665
   5685.3659
   5685.3658
   5685.2600
   5685.6165
   5685.3658
   5685.2563
   5685.1919
   5685.3554
   5685.2563
   5685.1601
   5685.1558
   5685.1659
   5685.1601
   5685.1516
   5684.7697
   5686.8790
   5685.1516
   5684.7366
   5684.6194
   5684.9987
   5684.7366
   5684.6123
   5684.6156
   5684.6104
   5684.6123
   5684.6100
   5684.7358
   5685.8445
   5684.6100
   5684.4949
   5684.3910
   5684.7435
   5684.4949
   5684.3875
   5684.5281
   5685.6077
   5684.3875
   5684.2782
   5684.2817
   5684.2763
   5684.2782
   5684.2759
   5684.1709
   5684.5258
   5684.2759
   5684.1674
   5684.2667
   5685.4279
   5684.1674
   5684.0418
   5684.0425
   5684.0425
   5684.0418
   5684.0417
   5683.9463
   5684.2819
   5684.0417
   5683.9447
   5683.8710
   5684.0533
   5683.9447
   5683.8261
   5683.8219
   5683.8318
   5683.8261
   5683.8179
   5683.4234
   5685.5579
   5683.8179
   5683.3927
   5683.2796
   5683.6508
   5683.3927
   5683.2742
   5683.2776
   5683.2723
   5683.2742
   5683.2719
   5683.4297
   5684.4756
   5683.2719
   5683.1694
   5683.0552
   5683.4285
   5683.1694
   5683.0490
   5683.1768
   5684.2818
   5683.0490
   5682.9346
   5682.9378
   5682.9329
   5682.9346
   5682.9326
   5682.8314
   5683.1786
   5682.9326
   5682.8284
   5682.9605
   5684.0573
   5682.8284
   5682.7157
