   4 1   1    0.1    -8.0    0.0                                                                                                                                                                         
  63733.4801
  30990.4441
     77.1914
   1321.0190
  13222.5088
   9277.8278
     77.1914
    163.5288
   3063.7360
   2597.5869
     77.1914
     83.1746
    786.2121
    739.9569
     77.1914
     77.4938
    251.2355
    245.9297
     77.1914
     77.1914
   4 1   2    0.1    -1.0  100.0                                                                                                                                                                         
     80.2885
     79.3759
     77.1914
     77.1717
   4 1   3    0.1    -1.0   15.0                                                                                                                                                                         
   3130.6064
   3798.8819
     77.1538
     85.3725
    879.9882
    960.7334
     77.1538
     77.6803
    283.3389
    292.1115
     77.1538
     77.1946
   4 1   7    0.1   600.0 1200.0                                                                                                                                                                         
     77.2513
     77.2882
     77.1946
     77.1935
   4 1   8    0.1     0.0   12.0                                                                                                                                                                         
  21615.6388
  38555.3735
     77.1935
    630.8428
   6288.7334
   8326.2848
     77.1935
    113.9705
   1752.6470
   1983.3299
     77.1935
     79.5070
    515.1844
    532.5084
     77.1935
     77.2833
   4 1   9    0.5     0.0    3.0                                                                                                                                                                         
  41609.9154
 563619.6767
     77.2833
  13366.1831
  16697.0444
  57864.9469
     77.2833
   1987.5975
   5526.6200
  10050.6786
     77.2833
    234.4162
   1662.8114
   2167.3960
     77.2833
     87.8460
    510.0377
    552.7486
     77.2833
     77.8504
   4 1  10    0.1     0.0    1.0                                                                                                                                                                         
  63241.3909
  31154.6362
     77.8504
   1324.1513
  13036.7564
   9385.9009
     77.8504
    164.4048
   2983.2519
   2659.8426
     77.8504
     82.4096
    749.0081
    773.6048
     77.8504
     77.5478
   4 1   1    0.1    -8.0    0.0                                                                                                                                                                         
  63392.6506
  31103.3127
     77.5478
   1338.0770
  13093.9244
   9352.2532
     77.5478
    164.4048
   3008.0010
   2640.4578
     77.5478
     83.4085
    760.4042
    763.0921
     77.5478
     77.5478
   4 1   2    0.1    -1.0  100.0                                                                                                                                                                         
     82.1533
     78.2122
     77.5478
     77.1794
   4 1   3    0.1    -1.0   15.0                                                                                                                                                                         
   3127.2507
   3802.5777
     77.1794
     85.2259
    878.2880
    962.5569
     77.1794
     77.6636
    282.4927
    293.0269
     77.1794
     77.2097
   4 1   7    0.1   600.0 1200.0                                                                                                                                                                         
     77.2818
     77.2878
     77.2097
     77.2096
   4 1   8    0.1     0.0   12.0                                                                                                                                                                         
  21581.2862
  38475.6194
     77.2096
    629.7687
   6277.9122
   8310.5953
     77.2096
    113.8938
   1749.5454
   1979.9504
     77.2096
     79.5129
    514.3260
    531.7783
     77.2096
     77.2985
   4 1   9    0.5     0.0    3.0                                                                                                                                                                         
  41527.4718
 561545.2260
     77.2985
  13336.5058
  16660.5522
  57696.1814
     77.2985
   1982.9175
   5513.8115
  10024.3756
     77.2985
    235.6342
   1658.9025
   2162.2184
     77.2985
     87.8243
    511.5487
    548.4522
     77.2985
     77.8624
   4 1  10    0.1     0.0    1.0                                                                                                                                                                         
  63241.5943
  31153.0351
     77.8624
   1323.9272
  13037.2120
   9385.1547
     77.8624
    164.3627
   2983.5441
   2659.4983
     77.8624
     82.4125
    749.1720
    773.4461
     77.8624
     77.5611
   4 1   1    0.1    -8.0    0.0                                                                                                                                                                         
  63392.8524
  31101.7133
     77.5611
   1337.8515
  13094.3804
   9351.5087
     77.5611
    164.3627
   3008.2941
   2640.1150
     77.5611
     83.4102
    760.5692
    762.9348
     77.5611
     77.5611
   4 1   2    0.1    -1.0  100.0                                                                                                                                                                         
     82.1480
     78.2331
     77.5611
     77.1969
   4 1   3    0.1    -1.0   15.0                                                                                                                                                                         
   3127.0974
   3802.6799
     77.1969
     85.5675
    878.2291
    962.6293
     77.1969
     77.6795
    282.4744
    293.0748
     77.1969
     77.2267
   4 1   7    0.1   600.0 1200.0                                                                                                                                                                         
     77.2980
     77.3057
     77.2267
     77.2267
   4 1   8    0.1     0.0   12.0                                                                                                                                                                         
  21546.9216
  38395.7791
     77.2267
    628.7024
   6267.1038
   8294.8652
     77.2267
    115.8690
   1746.4551
   1976.5536
     77.2267
     79.5202
    513.4748
    531.0409
     77.2267
     77.4595
    191.8804
    184.9353
     77.2267
     77.1956
   4 1   9    0.5     0.0    3.0                                                                                                                                                                         
  41398.1390
 561702.3749
     77.1956
  13259.7512
  16575.1462
  57844.4317
     77.1956
   1963.4145
   5464.1468
  10090.9331
     77.1956
    232.0334
   1632.0500
   2193.2022
     77.1956
     87.3913
    494.9503
    566.5554
     77.1956
     77.8847
   4 1  10    0.1     0.0    1.0                                                                                                                                                                         
  63239.3827
  31151.7981
     77.8847
   1323.8637
  13036.8730
   9384.7360
     77.8847
    164.3718
   2983.5221
   2659.3687
     77.8847
     82.4330
    749.2011
    773.4129
     77.8847
     77.5837
   4 1   1    0.1    -8.0    0.0                                                                                                                                                                         
  63390.6349
  31100.4781
     77.5837
   1323.8637
  13094.0393
   9351.0913
     77.5837
    164.3718
   3008.2714
   2639.9862
     77.5837
     83.4303
    760.5981
    762.9022
     77.5837
     77.5837
   4 1   2    0.1    -1.0  100.0                                                                                                                                                                         
     82.1596
     78.2556
     77.5837
     77.2207
   4 1   3    0.1    -1.0   15.0                                                                                                                                                                         
   3127.1728
   3802.4519
     77.2207
     85.5982
    878.3003
    962.5560
     77.2207
     77.7050
    282.5277
    293.0567
     77.2207
     77.2510
   4 1   7    0.1   600.0 1200.0                                                                                                                                                                         
     77.3195
     77.3326
     77.2510
     77.2508
   4 1   8    0.1     0.0   12.0                                                                                                                                                                         
  21488.2155
  38259.2699
     77.2508
    626.8875
   6248.6603
   8267.9285
     77.2508
    115.7335
   1741.1892
   1970.7186
     77.2508
     80.0671
    512.0261
    529.7635
     77.2508
     77.4807
    191.4809
    184.6894
     77.2508
     77.2508
   4 1   9    0.5     0.0    3.0                                                                                                                                                                         
  41337.7592
 558491.2016
     77.2508
  13243.6477
  16562.4888
  57515.4794
     77.2508
   1966.0271
   5469.5166
  10017.9655
     77.2508
    232.3759
   1639.5088
   2169.9049
     77.2508
     87.5767
    502.8114
    554.2320
     77.2508
     77.8440
   4 1  10    0.1     0.0    1.0                                                                                                                                                                         
  63264.2237
  31140.5740
     77.8440
   1321.2111
  13046.9099
   9377.9420
     77.8440
    163.6680
   2988.0280
   2655.6062
     77.8440
     82.2775
    751.3212
    771.4172
     77.8440
     77.5595
   4 1   7    0.1   600.0 1200.0                                                                                                                                                                         
     77.4174
     77.8517
     77.5595
     77.4025
   4 1   1    0.1    -8.0    0.0                                                                                                                                                                         
  63612.2647
  30952.2592
     77.4025
   1321.5758
  13193.4594
   9269.5266
     77.4025
    164.2171
   3055.3630
   2597.0727
     77.4025
     83.5314
    783.4549
    740.8172
     77.4025
     77.7327
    244.6772
    252.0997
     77.4025
     77.3687
   4 1   2    0.1    -1.0  100.0                                                                                                                                                                         
     79.8764
     80.1021
     77.3687
     77.3675
   4 1   3    0.1    -1.0   15.0                                                                                                                                                                         
   3123.1934
   3797.3527
     77.3675
     85.7381
    877.3855
    961.4315
     77.3675
     77.8523
    282.4138
    292.8816
     77.3675
     77.3980
   4 1   7    0.1   600.0 1200.0                                                                                                                                                                         
     77.4734
     77.4729
     77.3980
     77.3980
   4 1   8    0.1     0.0   12.0                                                                                                                                                                         
  21419.6191
  38100.0736
     77.3980
    618.0515
   6228.8892
   8234.2239
     77.3980
    113.8447
   1736.2947
   1962.6649
     77.3980
     79.2146
    511.0778
    527.7080
     77.3980
     77.4883
   4 1   9    0.5     0.0    3.0                                                                                                                                                                         
  41232.4028
 554658.2157
     77.4883
  13214.8351
  16533.3925
  57114.9997
     77.4883
   1957.7205
   5470.4711
   9931.1000
     77.4883
    232.9952
   1646.2815
   2143.1836
     77.4883
     87.9587
    505.6844
    547.3939
     77.4883
     78.0532
   4 1  10    0.1     0.0    1.0                                                                                                                                                                         
  63147.7490
  31109.5514
     78.0532
   1322.5541
  13017.7173
   9372.5387
     78.0532
    164.4881
   2979.1212
   2656.2984
     78.0532
     82.6071
    748.1976
    772.8083
     78.0532
     77.7509
   4 1   1    0.1    -8.0    0.0                                                                                                                                                                         
  63298.7835
  31058.3025
     77.7509
   1336.4596
  13074.8005
   9338.9401
     77.7509
    164.4881
   3003.8335
   2636.9418
     77.7509
     83.6047
    759.5767
    762.3109
     77.7509
     77.7509
   4 1   2    0.1    -1.0  100.0                                                                                                                                                                         
     82.3302
     78.4017
     77.7509
     77.3820
   4 1   3    0.1    -1.0   15.0                                                                                                                                                                         
   3123.0648
   3797.5673
     77.3820
     85.7442
    877.3222
    961.5381
     77.3820
     77.9486
    282.3877
    292.9403
     77.3820
     77.4120
   4 1   7    0.1   600.0 1200.0                                                                                                                                                                         
     77.4866
     77.4877
     77.4120
     77.4120
   4 1   8    0.1     0.0   12.0                                                                                                                                                                         
  21385.9218
  38021.8522
     77.4120
    617.0142
   6218.2824
   8218.8164
     77.4120
    113.7688
   1733.2574
   1959.3390
     77.4120
     79.7034
    510.2378
    526.9856
     77.4120
     77.5014
   4 1   9    0.5     0.0    3.0                                                                                                                                                                         
  41151.3012
 552628.9978
     77.5014
  13176.3076
  16497.5233
  56949.3721
     77.5014
   1953.1516
   5457.8923
   9905.2442
     77.5014
    232.5891
   1642.4466
   2138.0842
     77.5014
     87.9362
    507.1897
    543.1465
     77.5014
     77.9557
   4 1  10    0.1     0.0    1.0                                                                                                                                                                         
  63197.6584
  31091.9394
     77.9557
   1317.8821
  13036.7673
   9361.1101
     77.9557
    163.2103
   2987.4110
   2649.7488
     77.9557
     82.3044
    752.0265
    769.2672
     77.9557
     77.6828
   4 1   1    0.1    -8.0    0.0                                                                                                                                                                         
  63348.7697
  31040.6990
     77.6828
   1331.7630
  13093.8989
   9327.5283
     77.6828
    167.0681
   3012.1614
   2630.4147
     77.6828
     83.2729
    763.4391
    758.7954
     77.6828
     77.9557
    235.2329
    261.6073
     77.6828
     77.3993
   4 1   2    0.1    -1.0  100.0                                                                                                                                                                         
     80.3958
     79.6308
     77.3993
     77.3853
   4 1   3    0.1    -1.0   15.0                                                                                                                                                                         
   3123.1566
   3797.4292
     77.3853
     85.7531
    877.3755
    961.4782
     77.3853
     77.9533
    282.4176
    292.9137
     77.3853
     77.4156
   4 1   7    0.1   600.0 1200.0                                                                                                                                                                         
     77.4893
     77.4922
     77.4156
     77.4156
   4 1   8    0.1     0.0   12.0                                                                                                                                                                         
  21357.2599
  37954.3605
     77.4156
    616.1653
   6209.3322
   8205.3939
     77.4156
    113.7079
   1730.7289
   1956.3818
     77.4156
     79.7015
    509.5531
    526.3106
     77.4156
     77.5047
   4 1   9    0.5     0.0    3.0                                                                                                                                                                         
  41079.1662
 550826.7355
     77.5047
  13150.5337
  16465.7317
  56801.4999
     77.5047
   1949.1525
   5446.8027
   9882.0037
     77.5047
    232.2425
   1639.0949
   2133.4395
     77.5047
     87.9134
    506.2451
    542.1327
     77.5047
     78.0648
   4 1  10    0.1     0.0    1.0                                                                                                                                                                         
  63149.1385
  31107.7604
     78.0648
   1322.2478
  13018.5887
   9371.6174
     78.0648
    164.4234
   2979.5847
   2655.8418
     78.0648
     82.6056
    748.4387
    772.5865
     78.0648
     77.7643
   4 1   1    0.1    -8.0    0.0                                                                                                                                                                         
  63300.1734
  31056.5131
     77.7643
   1322.2478
  13075.6734
   9338.0206
     77.7643
    164.4234
   3004.2987
   2636.4871
     77.7643
     82.6056
    759.8196
    762.0909
     77.7643
     77.7643
   4 1   2    0.1    -1.0  100.0                                                                                                                                                                         
     82.3191
     78.4266
     77.7643
     77.4013
   4 1   7    0.1   600.0 1200.0                                                                                                                                                                         
     77.5671
     77.3857
     77.4013
     77.3739
   4 1   3    0.1    -1.0   15.0                                                                                                                                                                         
   3141.0212
   3777.6005
     77.3739
     85.6520
    886.5321
    951.8138
     77.3739
     77.8982
    287.0492
    288.1381
     77.3739
     77.3961
   4 1   7    0.1   600.0 1200.0                                                                                                                                                                         
     77.4400
     77.5024
     77.3961
     77.3929
   4 1   8    0.1     0.0   12.0                                                                                                                                                                         
  21330.5902
  37892.5828
     77.3929
    615.1118
   6200.4323
   8193.8752
     77.3929
    113.5612
   1727.9659
   1954.1119
     77.3929
     79.6588
    508.6753
    525.9026
     77.3929
     77.4797
   4 1   7    0.1   600.0 1200.0                                                                                                                                                                         
     77.4644
     77.6453
     77.4797
     77.4525
   4 1   9    0.5     0.0    3.0                                                                                                                                                                         
  40946.7359
 549271.7543
     77.4525
  13079.2020
  16393.7347
  56737.9780
     77.4525
   1935.8949
   5411.9994
   9893.0674
     77.4525
    230.9890
   1622.7742
   2144.3040
     77.4525
     87.7065
    495.9170
    551.6399
     77.4525
     78.1599
   4 1  10    0.1     0.0    1.0                                                                                                                                                                         
  63112.2429
  31109.4987
     78.1599
   1324.2053
  13006.9920
   9375.0169
     78.1599
    165.0490
   2975.1578
   2658.3896
     78.1599
     82.7952
    746.5648
    774.1350
     78.1599
     77.6190
   4 1   1    0.1    -8.0    0.0                                                                                                                                                                         
  63414.4103
  31007.0413
     77.6190
   1324.2053
  13121.2380
   9307.8705
     77.6190
    165.0490
   3024.6537
   2619.7334
     77.6190
     82.7952
    769.3904
    753.2003
     77.6190
     77.8458
    243.5584
    253.2344
     77.6190
     77.4796
   4 1   2    0.1    -1.0  100.0                                                                                                                                                                         
     80.7858
     79.3857
     77.4796
     77.4326
   4 1   3    0.1    -1.0   15.0                                                                                                                                                                         
   3122.6171
   3796.6997
     77.4326
     85.8001
    877.2752
    961.3338
     77.4326
     77.9170
    282.4304
    292.9108
     77.4326
     77.4631
   4 1   7    0.1   600.0 1200.0                                                                                                                                                                         
     77.5350
     77.5414
     77.4631
     77.4630
   4 1   8    0.1     0.0   12.0                                                                                                                                                                         
  21272.0935
  37756.5445
     77.4630
    613.6871
   6182.8475
   8165.9888
     77.4630
    113.5629
   1723.2791
   1947.7241
     77.4630
     79.7323
    507.5608
    524.3655
     77.4630
     77.5509
   4 1   9    0.5     0.0    3.0                                                                                                                                                                         
  40884.5307
 546062.2197
     77.5509
  13062.6188
  16380.2696
  56408.3515
     77.5509
   1928.6231
   5417.0631
   9820.1116
     77.5509
    229.7511
   1630.1323
   2121.1002
     77.5509
     87.4615
    501.1686
    542.6099
     77.5509
     78.1060
   4 1  10    0.1     0.0    1.0                                                                                                                                                                         
  63137.3657
  31099.6494
     78.1060
   1335.6188
  13016.7824
   9368.8256
     78.1060
    164.3720
   2979.4667
   2654.8911
     78.1060
     83.6270
    748.5659
    772.2552
     78.1060
     77.8074
   4 1   1    0.1    -8.0    0.0                                                                                                                                                                         
  63288.3694
  31048.4142
     77.8074
   1321.7199
  13073.8566
   9335.2375
     77.8074
    164.3720
   3004.1774
   2635.5422
     77.8074
     82.6332
    759.9462
    761.7636
     77.8074
     77.8074
   4 1   2    0.1    -1.0  100.0                                                                                                                                                                         
     82.3361
     78.4802
     77.8074
     77.4501
   4 1   3    0.1    -1.0   15.0                                                                                                                                                                         
   3122.4674
   3796.7829
     77.4501
     85.8114
    877.2198
    961.3989
     77.4501
     77.9330
    282.4143
    292.9556
     77.4501
     77.4802
   4 1   7    0.1   600.0 1200.0                                                                                                                                                                         
     77.5512
     77.5594
     77.4802
     77.4801
   4 1   8    0.1     0.0   12.0                                                                                                                                                                         
  21238.1652
  37678.1923
     77.4801
    612.6540
   6172.1988
   8150.5184
     77.4801
    113.4912
   1720.2396
   1944.3777
     77.4801
     79.7399
    506.7253
    523.6374
     77.4801
     77.7101
    190.2934
    183.3699
     77.4801
     77.4491
   4 1   9    0.5     0.0    3.0                                                                                                                                                                         
  40756.8112
 546216.2631
     77.4491
  12996.4656
  16296.1249
  56553.3321
     77.4491
   1919.3242
   5368.2039
   9885.3441
     77.4491
    229.4043
   1603.7370
   2151.4981
     77.4491
     87.4613
    487.4354
    557.2400
     77.4491
     78.1278
   4 1  10    0.1     0.0    1.0                                                                                                                                                                         
  63135.3293
  31098.2702
     78.1278
   1335.5276
  13016.5256
   9368.3317
     78.1278
    164.3741
   2979.4845
   2654.7226
     78.1278
     83.6453
    748.6142
    772.2020
     78.1278
     77.8296
   4 1   1    0.1    -8.0    0.0                                                                                                                                                                         
  63286.3273
  31047.0369
     77.8296
   1321.6296
  13073.5980
   9334.7452
     77.8296
    164.3741
   3004.1946
   2635.3748
     77.8296
     82.6520
    759.9945
    761.7112
     77.8296
     77.8296
   4 1   7    0.1   600.0 1200.0                                                                                                                                                                         
     77.6712
     78.1382
     77.8296
     77.6481
   4 1   2    0.1    -1.0  100.0                                                                                                                                                                         
     80.8187
     79.6680
     77.6481
     77.6162
   4 1   3    0.1    -1.0   15.0                                                                                                                                                                         
   3118.2003
   3791.4585
     77.6162
     85.9669
    876.2296
    960.2511
     77.6162
     78.0988
    282.2883
    292.7970
     77.6162
     77.6463
   4 1   7    0.1   600.0 1200.0                                                                                                                                                                         
     77.7241
     77.7188
     77.6463
     77.6463
   4 1   8    0.1     0.0   12.0                                                                                                                                                                         
  21154.2964
  37485.0697
     77.6463
    610.9348
   6147.7068
   8110.0403
     77.6463
    113.6255
   1714.0185
   1934.8532
     77.6463
     79.9260
    505.4244
    521.2666
     77.6463
     77.8828
    190.1847
    182.8149
     77.6463
     77.6116
   4 1   9    0.5     0.0    3.0                                                                                                                                                                         
  40621.5954
 543380.5679
     77.6116
  12951.5959
  16240.0049
  56299.7354
     77.6116
   1913.3005
   5349.9292
   9842.8172
     77.6116
    229.2265
   1598.8317
   2142.3548
     77.6116
     87.6493
    488.9423
    551.8700
     77.6116
     78.1971
   4 1  10    0.1     0.0    1.0                                                                                                                                                                         
  63085.4169
  31039.8300
     78.1971
   1330.0823
  13013.5286
   9345.9558
     78.1971
    167.2192
   2982.1740
   2645.8927
     78.1971
     83.5175
    750.8951
    768.4963
     78.1971
     77.9232
   4 1   1    0.1    -8.0    0.0                                                                                                                                                                         
  63236.2604
  30988.6770
     77.9232
   1316.2240
  13070.5585
   9312.4309
     77.9232
    163.3666
   3006.8795
   2626.5907
     77.9232
     82.5492
    762.2862
    758.0413
     77.9232
     77.9232
   4 1   2    0.1    -1.0  100.0                                                                                                                                                                         
     82.2528
     78.7745
     77.9232
     77.6313
   4 1   3    0.1    -1.0   15.0                                                                                                                                                                         
   3118.3987
   3791.3490
     77.6313
     85.9899
    876.3302
    960.1952
     77.6313
     78.1996
    282.3444
    292.7745
     77.6313
     77.6618
   4 1   7    0.1   600.0 1200.0                                                                                                                                                                         
     77.7369
     77.7370
     77.6618
     77.6618
   4 1   8    0.1     0.0   12.0                                                                                                                                                                         
  21102.2629
  37364.2945
     77.6618
    609.3544
   6131.3871
   8086.1461
     77.6618
    113.5094
   1709.3670
   1929.6565
     77.6618
     79.9281
    504.1460
    520.1176
     77.6618
     77.8959
    189.8306
    182.5855
     77.6618
     77.6281
   4 1   9    0.5     0.0    3.0                                                                                                                                                                         
  40549.4579
 541586.9488
     77.6281
  12916.4891
  16208.1267
  56153.0152
     77.6281
   1909.2245
   5338.7568
   9819.9016
     77.6281
    228.8551
   1595.4285
   2137.8396
     77.6281
     88.0534
    487.9734
    550.9197
     77.6281
     78.2089
   4 1  10    0.1     0.0    1.0                                                                                                                                                                         
  63086.8392
  31038.6752
     78.2089
   1329.8576
  13014.2754
   9345.3152
     78.2089
    167.1718
   2982.5493
   2645.5630
     78.2089
     83.5180
    751.0866
    768.3339
     78.2089
     78.2089
   4 1   7    0.1   600.0 1200.0                                                                                                                                                                         
     77.9749
     78.5932
     78.2089
     77.8908
   4 1   1    0.1    -8.0    0.0                                                                                                                                                                         
  63366.4294
  30843.8286
     77.8908
   1318.5638
  13141.2045
   9238.9166
     77.8908
    164.6772
   3042.9618
   2589.7949
     77.8908
     83.0765
    780.4432
    739.6605
     77.8908
     78.2333
    249.6724
    247.0056
     77.8908
     77.8908
   4 1   2    0.1    -1.0  100.0                                                                                                                                                                         
     81.0921
     79.8572
     77.8908
     77.8539
   4 1   3    0.1    -1.0   15.0                                                                                                                                                                         
   3112.6244
   3784.7431
     77.8539
     86.1855
    874.9245
    958.8539
     77.8539
     78.4183
    282.1224
    292.6447
     77.8539
     77.8838
   4 1   7    0.1   600.0 1200.0                                                                                                                                                                         
     77.9693
     77.9485
     77.8838
     77.8834
   4 1   8    0.1     0.0   12.0                                                                                                                                                                         
  21015.6571
  37166.0637
     77.8834
    607.7935
   6106.5606
   8044.0291
     77.8834
    113.7403
   1703.2688
   1919.5932
     77.8834
     80.1799
    503.0004
    517.5703
     77.8834
     77.9774
   4 1   9    0.5     0.0    3.0                                                                                                                                                                         
  40453.0582
 536614.7546
     77.9774
  12897.6115
  16197.6998
  55586.4792
     77.9774
   1907.9653
   5356.0776
   9685.5269
     77.9774
    228.7427
   1612.9559
   2093.0586
     77.9774
     88.2990
    499.6501
    533.0928
     77.9774
     78.4366
   4 1  10    0.1     0.0    1.0                                                                                                                                                                         
  62960.8602
  30984.3078
     78.4366
   1314.7067
  12987.0927
   9330.2315
     78.4366
    163.5921
   2975.9244
   2642.1148
     78.4366
     82.8058
    749.3870
    767.8663
     78.4366
     78.1595
   4 1   1    0.1    -8.0    0.0                                                                                                                                                                         
  63111.4099
  30933.2492
     78.1595
   1328.5420
  13044.0094
   9296.7673
     78.1595
    163.5921
   3000.5788
   2622.8463
     78.1595
     83.7759
    760.7525
    757.4277
     78.1595
     78.1595
   4 1   2    0.1    -1.0  100.0                                                                                                                                                                         
     82.5051
     78.9720
     78.1595
     77.8570
   4 1   3    0.1    -1.0   15.0                                                                                                                                                                         
   3112.9801
   3784.7700
     77.8570
     86.1982
    875.0639
    958.8143
     77.8570
     78.4238
    282.1829
    292.6138
     77.8570
     77.8874
   4 1   7    0.1   600.0 1200.0                                                                                                                                                                         
     77.9704
     77.9547
     77.8874
     77.8872
   4 1   8    0.1     0.0   12.0                                                                                                                                                                         
  20988.1724
  37103.0303
     77.8872
    606.9070
   6097.8398
   8031.6984
     77.8872
    113.6613
   1700.7342
   1916.9672
     77.8872
     80.1735
    502.2778
    517.0144
     77.8872
     78.1284
    189.6296
    181.8876
     77.8872
     77.8494
   4 1   9    0.5     0.0    3.0                                                                                                                                                                         
  40337.7696
 537015.4220
     77.8494
  12836.0537
  16119.2221
  55750.8099
     77.8494
   1894.4873
   5309.3725
   9753.3584
     77.8494
    228.4267
   1587.3180
   2123.7677
     77.8494
     87.8617
    486.1386
    547.6338
     77.8494
     78.4439
   4 1  10    0.1     0.0    1.0                                                                                                                                                                         
  62963.7273
  30985.1875
     78.4439
   1314.6823
  12987.8532
   9330.3883
     78.4439
    163.5829
   2976.1706
   2642.1071
     78.4439
     82.8099
    749.4826
    767.8410
     78.4439
     78.1673
   4 1   1    0.1    -8.0    0.0                                                                                                                                                                         
  63114.2829
  30934.1270
     78.1673
   1328.5177
  13044.7725
   9296.9230
     78.1673
    167.4314
   3000.8264
   2622.8382
     78.1673
     83.7795
    760.8491
    757.4025
     78.1673
     78.4439
    234.8544
    261.7224
     78.1673
     77.8753
   4 1   2    0.1    -1.0  100.0                                                                                                                                                                         
     80.8736
     80.0332
     77.8753
     77.8582
   4 1   3    0.1    -1.0   15.0                                                                                                                                                                         
   3112.9721
   3785.1604
     77.8582
     86.1909
    875.0196
    958.9556
     77.8582
     78.4227
    282.1504
    292.6723
     77.8582
     77.9114
   4 1   7    0.1   600.0 1200.0                                                                                                                                                                         
     77.9629
     78.0102
     77.9114
     77.9096
   4 1   8    0.1     0.0   12.0                                                                                                                                                                         
  20934.2400
  36976.8526
     77.9096
    598.1071
   6081.2186
   8006.3156
     77.9096
    113.5827
   1696.1263
   1911.2913
     77.9096
     80.1902
    501.0765
    515.6898
     77.9096
     78.0024
   4 1   9    0.5     0.0    3.0                                                                                                                                                                         
  40306.9902
 533058.3896
     78.0024
  12836.5370
  16133.5114
  55292.5303
     78.0024
   1895.1043
   5333.7046
   9639.2845
     78.0024
    228.0545
   1606.1880
   2083.8587
     78.0024
     87.8455
    497.7424
    531.1169
     78.0024
     78.4581
   4 1  10    0.1     0.0    1.0                                                                                                                                                                         
  62956.2087
  30979.9999
     78.4581
   1314.3473
  12986.6468
   9328.6223
     78.4581
    163.5415
   2976.0596
   2641.5075
     78.4581
     83.7844
    749.5399
    767.6281
     78.4581
     78.1826
   4 1   1    0.1    -8.0    0.0                                                                                                                                                                         
  63106.7446
  30928.9473
     78.1826
   1314.3473
  13043.5594
   9295.1626
     78.1826
    163.5415
   3000.7131
   2622.2422
     78.1826
     83.7844
    760.9059
    757.1920
     78.1826
     78.1826
   4 1   2    0.1    -1.0  100.0                                                                                                                                                                         
     82.5066
     79.0042
     78.1826
     77.8846
   4 1   3    0.1    -1.0   15.0                                                                                                                                                                         
   3112.6883
   3784.4673
     77.8846
     85.8943
    875.0011
    958.7705
     77.8846
     78.3673
    282.1840
    292.6274
     77.8846
     77.9149
   4 1   7    0.1   600.0 1200.0                                                                                                                                                                         
     77.9963
     77.9837
     77.9149
     77.9148
   4 1   8    0.1     0.0   12.0                                                                                                                                                                         
  20906.6402
  36913.8726
     77.9148
    597.2284
   6072.4660
   7993.9939
     77.9148
    113.5040
   1693.5819
   1908.6709
     77.9148
     80.1849
    500.3508
    515.1380
     77.9148
     78.0066
   4 1   9    0.5     0.0    3.0                                                                                                                                                                         
  40237.3600
 531348.0472
     78.0066
  12811.5852
  16102.6771
  55152.2734
     78.0066
   1891.1622
   5322.8496
   9617.4388
     78.0066
    227.6854
   1602.8479
   2079.5833
     78.0066
     87.8158
    496.7691
    530.2265
     78.0066
     78.4594
   4 1  10    0.1     0.0    1.0                                                                                                                                                                         
  62960.3558
  30980.1744
     78.4594
   1328.0043
  12987.9276
   9328.3833
     78.4594
    163.4903
   2976.5409
   2641.2861
     78.4594
     83.7750
    749.7455
    767.4894
     78.4594
     78.1853
   4 1   7    0.1   600.0 1200.0                                                                                                                                                                         
     78.0673
     78.4535
     78.1853
     78.0612
   4 1   1    0.1    -8.0    0.0                                                                                                                                                                         
  63285.5727
  30807.5164
     78.0612
   1317.4880
  13124.1836
   9228.5537
     78.0612
    164.8156
   3038.9981
   2587.2696
     78.0612
     83.2577
    779.5207
    739.2227
     78.0612
     78.4067
    243.9728
    252.4204
     78.0612
     78.0190
   4 1   2    0.1    -1.0  100.0                                                                                                                                                                         
     80.5499
     80.6280
     78.0190
     78.0189
   4 1   3    0.1    -1.0   15.0                                                                                                                                                                         
   3109.3297
   3780.3029
     78.0189
     86.3490
    874.2215
    957.8794
     78.0189
     78.5012
    282.0859
    292.5098
     78.0189
     78.0492
   4 1   7    0.1   600.0 1200.0                                                                                                                                                                         
     78.1369
     78.1118
     78.0492
     78.0487
   4 1   8    0.1     0.0   12.0                                                                                                                                                                         
  20858.0436
  36801.9383
     78.0487
    596.4547
   6058.7110
   7969.9805
     78.0487
    113.6642
   1690.2911
   1902.8536
     78.0487
     80.3407
    499.7870
    513.6340
     78.0487
     78.1438
   4 1   9    0.5     0.0    3.0                                                                                                                                                                         
  40124.9038
 528996.0861
     78.1438
  12765.1977
  16055.9728
  54941.3601
     78.1438
   1881.4194
   5307.6357
   9582.0612
     78.1438
    226.0039
   1598.7633
   2071.9805
     78.1438
     87.9748
    495.9164
    528.4113
     78.1438
     78.6029
   4 1  10    0.1     0.0    1.0                                                                                                                                                                         
  62882.7494
  30947.9650
     78.6029
   1327.3696
  12970.9077
   9319.6673
     78.6029
    167.5445
   2972.2740
   2639.4265
     78.6029
     83.9445
    748.5965
    767.3277
     78.6029
     78.3251
   4 1   1    0.1    -8.0    0.0                                                                                                                                                                         
  63033.1127
  30896.9673
     78.3251
   1327.3696
  13027.7535
   9286.2427
     78.3251
    167.5445
   2996.8971
   2620.1803
     78.3251
     83.9445
    759.9471
    756.9008
     78.3251
     78.3251
   4 1   2    0.1    -1.0  100.0                                                                                                                                                                         
     82.6611
     79.1195
     78.3251
     78.0195
   4 1   3    0.1    -1.0   15.0                                                                                                                                                                         
   3109.3672
   3780.8620
     78.0195
     86.3388
    874.1766
    958.0736
     78.0195
     78.4991
    282.0465
    292.5874
     78.0195
     78.0491
   4 1   7    0.1   600.0 1200.0                                                                                                                                                                         
     78.1361
     78.1123
     78.0491
     78.0486
   4 1   8    0.1     0.0   12.0                                                                                                                                                                         
  20831.1950
  36740.6615
     78.0486
    595.5808
   6050.1577
   7958.0357
     78.0486
    113.5789
   1687.7876
   1900.3267
     78.0486
     80.3297
    499.0633
    513.1059
     78.0486
     78.1427
   4 1   9    0.5     0.0    3.0                                                                                                                                                                         
  40056.8572
 527318.9167
     78.1427
  12740.7659
  16025.7754
  54804.0562
     78.1427
   1877.5457
   5296.9786
   9560.7193
     78.1427
    225.6347
   1595.4702
   2067.8151
     78.1427
     87.9390
    494.9481
    527.5465
     78.1427
     78.5988
   4 1  10    0.1     0.0    1.0                                                                                                                                                                         
  62889.2327
  30949.1394
     78.5988
   1327.2160
  12972.6939
   9319.7030
     78.5988
    167.4855
   2972.8785
   2639.2660
     78.5988
     83.9289
    748.8332
    767.1955
     78.5988
     78.5988
   4 1   1    0.1    -8.0    0.0                                                                                                                                                                         
  62889.2327
  30949.1394
     78.5988
   1327.2160
  12972.6939
   9319.7030
     78.5988
    167.4855
   2972.8785
   2639.2660
     78.5988
     83.9289
    748.8332
    767.1955
     78.5988
     78.5988
   4 1   2    0.1    -1.0  100.0                                                                                                                                                                         
     83.5807
     78.7343
     78.5988
     78.0251
   4 1   3    0.1    -1.0   15.0                                                                                                                                                                         
   3109.8134
   3780.8448
     78.0251
     86.3576
    874.3582
    958.0072
     78.0251
     78.5077
    282.1281
    292.5429
     78.0251
     78.0555
   4 1   7    0.1   600.0 1200.0                                                                                                                                                                         
     78.1391
     78.1221
     78.0555
     78.0553
   4 1   8    0.1     0.0   12.0                                                                                                                                                                         
  20803.8435
  36678.7985
     78.0553
    594.6892
   6041.4432
   7945.9977
     78.0553
    113.4960
   1685.2338
   1897.7970
     78.0553
     80.3244
    498.3252
    512.5889
     78.0553
     78.2955
    188.7260
    180.9524
     78.0553
     78.0171
   4 1   9    0.5     0.0    3.0                                                                                                                                                                         
  39942.3850
 527712.8515
     78.0171
  12679.7299
  15947.9201
  54966.4619
     78.0171
   1864.1928
   5250.6729
   9627.8504
     78.0171
    225.3069
   1570.0616
   2098.2247
     78.0171
     87.9232
    479.0869
    545.0519
     78.0171
     78.7142
   4 1  10    0.1     0.0    1.0                                                                                                                                                                         
  62845.0108
  30966.0609
     78.7142
   1317.7013
  12955.6716
   9330.3621
     78.7142
    164.8319
   2965.4335
   2645.3110
     78.7142
     83.2623
    745.3946
    770.4584
     78.7142
     78.1949
   4 1   1    0.1    -8.0    0.0                                                                                                                                                                         
  63145.8632
  30864.0645
     78.1949
   1317.7013
  13069.4351
   9263.5262
     78.1949
    161.0452
   3014.7319
   2606.8422
     78.1949
     83.2623
    768.1395
    749.6341
     78.1949
     78.1949
   4 1   2    0.1    -1.0  100.0                                                                                                                                                                         
     82.0417
     79.4586
     78.1949
     78.0317
   4 1   7    0.1   600.0 1200.0                                                                                                                                                                         
     78.2073
     78.0063
     78.0317
     77.9980
   4 1   3    0.1    -1.0   15.0                                                                                                                                                                         
   3129.6247
   3759.2977
     77.9980
     86.3325
    884.4548
    947.4360
     77.9980
     78.4557
    287.2147
    287.2971
     77.9980
     77.9980
   4 1   7    0.1   600.0 1200.0                                                                                                                                                                         
     78.0732
     78.0731
     77.9980
     77.9980
   4 1   8    0.1     0.0   12.0                                                                                                                                                                         
  20759.4435
  36576.0389
     77.9980
    592.9927
   6026.7451
   7926.6147
     77.9980
    113.2475
   1680.7081
   1893.8881
     77.9980
     80.2374
    496.8957
    511.8345
     77.9980
     78.0876
   4 1   7    0.1   600.0 1200.0                                                                                                                                                                         
     78.0736
     78.2518
     78.0876
     78.0612
   4 1   9    0.5     0.0    3.0                                                                                                                                                                         
  39867.9093
 524287.4732
     78.0612
  12649.4286
  15928.5148
  54620.1856
     78.0612
   1861.0247
   5253.2763
   9552.9585
     78.0612
    223.9971
   1576.4258
   2074.9080
     78.0612
     87.6659
    483.9052
    536.1023
     78.0612
     78.6563
   4 1  10    0.1     0.0    1.0                                                                                                                                                                         
  62876.7608
  30958.3956
     78.6563
   1329.0220
  12967.0697
   9324.6510
     78.6563
    167.9805
   2970.2125
   2641.8517
     78.6563
     84.0702
    747.5555
    768.5395
     78.6563
     78.6563
   4 1   1    0.1    -8.0    0.0                                                                                                                                                                         
  62876.7608
  30958.3956
     78.6563
   1329.0220
  12967.0697
   9324.6510
     78.6563
    167.9805
   2970.2125
   2641.8517
     78.6563
     84.0702
    747.5555
    768.5395
     78.6563
     78.3695
   4 1   2    0.1    -1.0  100.0                                                                                                                                                                         
     82.7501
     79.0896
     78.3695
     78.0411
   4 1   3    0.1    -1.0   15.0                                                                                                                                                                         
   3110.0923
   3781.4687
     78.0411
     86.3682
    874.4125
    958.2017
     78.0411
     78.6058
    282.1381
    292.6191
     78.0411
     78.0711
   4 1   7    0.1   600.0 1200.0                                                                                                                                                                         
     78.1509
     78.1415
     78.0711
     78.0710
   4 1   8    0.1     0.0   12.0                                                                                                                                                                         
  20707.8575
  36458.3066
     78.0710
    591.7364
   6011.2210
   7902.5165
     78.0710
    113.2498
   1676.5480
   1888.4119
     78.0710
     80.3108
    495.8956
    510.5450
     78.0710
     78.3056
    188.0271
    180.5560
     78.0710
     78.0353
   4 1   9    0.5     0.0    3.0                                                                                                                                                                         
  39771.5525
 523523.3021
     78.0353
  12609.6285
  15872.4485
  54621.6455
     78.0353
   1854.5870
   5224.2045
   9573.9225
     78.0353
    224.4081
   1561.9742
   2087.5958
     78.0353
     87.8523
    479.2363
    539.7060
     78.0353
     78.6142
   4 1  10    0.1     0.0    1.0                                                                                                                                                                         
  62903.3222
  30950.2447
     78.6142
   1312.8654
  12976.9931
   9319.0954
     78.6142
    163.4889
   2974.4768
   2638.6055
     78.6142
     82.9453
    749.5142
    766.7714
     78.6142
     78.3422
   4 1   1    0.1    -8.0    0.0                                                                                                                                                                         
  63053.7254
  30899.2389
     78.3422
   1326.6825
  13033.8583
   9285.6680
     78.3422
    167.3291
   2999.1118
   2619.3604
     78.3422
     83.9096
    760.8735
    756.3478
     78.3422
     78.6142
    235.1395
    261.4379
     78.3422
     78.0592
   4 1   2    0.1    -1.0  100.0                                                                                                                                                                         
     80.9905
     80.2267
     78.0592
     78.0449
   4 1   3    0.1    -1.0   15.0                                                                                                                                                                         
   3110.1972
   3781.5678
     78.0449
     86.3729
    874.4458
    958.2248
     78.0449
     78.6098
    282.1511
    292.6260
     78.0449
     78.0750
   4 1   7    0.1   600.0 1200.0                                                                                                                                                                         
     78.1536
     78.1465
     78.0750
     78.0749
   4 1   8    0.1     0.0   12.0                                                                                                                                                                         
  20657.5328
  36341.6777
     78.0749
    583.1065
   5995.5007
   7879.3178
     78.0749
    113.1342
   1672.0878
   1883.3210
     78.0749
     80.3035
    494.6750
    509.3944
     78.0749
     78.1642
   4 1   9    0.5     0.0    3.0                                                                                                                                                                         
  39747.2987
 519770.3724
     78.1642
  12611.9008
  15888.8064
  54183.4870
     78.1642
   1855.3435
   5248.7750
   9464.0013
     78.1642
    224.0102
   1580.6357
   2048.8953
     78.1642
     87.8090
    490.6232
    523.6150
     78.1642
     78.6077
   4 1  10    0.1     0.0    1.0                                                                                                                                                                         
  62907.6970
  30949.7559
     78.6077
   1312.5948
  12978.4491
   9318.5588
     78.6077
    163.4096
   2975.0570
   2638.2429
     78.6077
     82.9260
    749.7689
    766.5613
     78.6077
     78.3376
   4 1   1    0.1    -8.0    0.0                                                                                                                                                                         
  63058.1080
  30898.7496
     78.3376
   1312.5948
  13035.3185
   9285.1318
     78.3376
    163.4096
   2999.6949
   2618.9988
     78.3376
     83.8885
    761.1305
    756.1391
     78.3376
     78.3376
   4 1   7    0.1   600.0 1200.0                                                                                                                                                                         
     78.2218
     78.6035
     78.3376
     78.2163
   4 1   2    0.1    -1.0  100.0                                                                                                                                                                         
     81.3703
     80.1520
     78.2163
     78.1799
   4 1   3    0.1    -1.0   15.0                                                                                                                                                                         
   3106.9456
   3777.2428
     78.1799
     86.5055
    873.7261
    957.2615
     78.1799
     78.7460
    282.0848
    292.4744
     78.1799
     78.2103
   4 1   7    0.1   600.0 1200.0                                                                                                                                                                         
     78.2942
     78.2767
     78.2103
     78.2101
   4 1   8    0.1     0.0   12.0                                                                                                                                                                         
  20609.1213
  36231.3972
     78.2101
    582.3303
   5981.7706
   7855.6896
     78.2101
    113.2882
   1668.7799
   1877.6220
     78.2101
     80.4587
    494.0936
    507.9350
     78.2101
     78.3024
   4 1   9    0.5     0.0    3.0                                                                                                                                                                         
  39635.4314
 517465.7344
     78.3024
  12565.9251
  15842.3716
  53975.8993
     78.3024
   1845.7140
   5233.6314
   9429.1829
     78.3024
    223.8772
   1576.5523
   2041.4356
     78.3024
     87.9656
    489.7595
    521.8475
     78.3024
     78.7517
   4 1  10    0.1     0.0    1.0                                                                                                                                                                         
  62829.7722
  30917.0381
     78.7517
   1311.9160
  12961.4508
   9309.6321
     78.7517
    163.6072
   2970.8336
   2636.2943
     78.7517
     84.0563
    748.6488
    766.3602
     78.7517
     78.4781
   4 1   1    0.1    -8.0    0.0                                                                                                                                                                         
  62980.0016
  30866.0886
     78.4781
   1325.7192
  13018.2492
   9276.2409
     78.4781
    167.4449
   2995.4385
   2617.0692
     78.4781
     84.0563
    759.9932
    755.9465
     78.4781
     78.4781
   4 1   2    0.1    -1.0  100.0                                                                                                                                                                         
     82.7464
     79.2901
     78.4781
     78.1842
   4 1   3    0.1    -1.0   15.0                                                                                                                                                                         
   3107.0301
   3777.5585
     78.1842
     86.5054
    873.7285
    957.3651
     78.1842
     78.7491
    282.0769
    292.5153
     78.1842
     78.2378
   4 1   7    0.1   600.0 1200.0                                                                                                                                                                         
     78.2894
     78.3364
     78.2378
     78.2359
   4 1   8    0.1     0.0   12.0                                                                                                                                                                         
  20578.6627
  36161.9684
     78.2359
    581.5048
   5972.4013
   7841.7296
     78.2359
    113.2514
   1666.1776
   1874.5294
     78.2359
     80.4799
    493.4148
    507.2350
     78.2359
     78.3280
   4 1   9    0.5     0.0    3.0                                                                                                                                                                         
  39560.1032
 515709.1245
     78.3280
  12530.5662
  15809.5943
  53827.8978
     78.3280
   1841.7378
   5222.3151
   9405.6475
     78.3280
    223.5624
   1573.1747
   2036.7070
     78.3280
     87.9679
    488.8330
    520.8210
     78.3280
     78.7761
   4 1  10    0.1     0.0    1.0                                                                                                                                                                         
  62820.7147
  30912.1127
     78.7761
   1325.4866
  12959.7497
   9308.0811
     78.7761
    163.6018
   2970.5300
   2635.8341
     78.7761
     84.0766
    748.6256
    766.2299
     78.7761
     78.5030
   4 1   7    0.1   600.0 1200.0                                                                                                                                                                         
     78.3879
     78.7684
     78.5030
     78.3825
   4 1   1    0.1    -8.0    0.0                                                                                                                                                                         
  63142.8185
  30741.5009
     78.3825
   1315.3290
  13094.6195
