Energy +CC-70959/  4 -CC-ref/  2                                 -0.2882     -1.1932      1.0000      0.8190      0.8190
Energy +CC-70296/  4 -CC-ref/  2                                 -0.3033     -1.2076      1.0000      0.8179      1.6369
Energy +CC-69633/  4 -CC-ref/  2                                 -0.3175     -1.2199      1.0000      0.8144      2.4513
Energy +CC-68970/  4 -CC-ref/  2                                 -0.3306     -1.2294      1.0000      0.8079      3.2592
Energy +CC-68307/  4 -CC-ref/  2                                 -0.3422     -1.2361      1.0000      0.7991      4.0582
Energy +CC-67643/  4 -CC-ref/  2                                 -0.3520     -1.2393      1.0000      0.7873      4.8456
Energy +CC-66980/  4 -CC-ref/  2                                 -0.3594     -1.2385      1.0000      0.7727      5.6183
Energy +CC-66317/  4 -CC-ref/  2                                 -0.3641     -1.2334      1.0000      0.7556      6.3739
Energy +CC-65654/  4 -CC-ref/  2                                 -0.3653     -1.2231      1.0000      0.7358      7.1097
Energy +CC-64991/  4 -CC-ref/  2                                 -0.3623     -1.2070      1.0000      0.7135      7.8232
Energy +CC-64327/  4 -CC-ref/  2                                 -0.3544     -1.1842      1.0000      0.6886      8.5118
Energy +CC-63664/  4 -CC-ref/  2                                 -0.3405     -1.1541      1.0000      0.6621      9.1738
Energy +CC-63001/  4 -CC-ref/  2                                 -0.3195     -1.1158      1.0000      0.6341      9.8079
Energy +CC-62338/  4 -CC-ref/  2                                 -0.2903     -1.0682      1.0000      0.6052     10.4131
Energy +CC-61675/  4 -CC-ref/  2                                 -0.2512     -1.0101      1.0000      0.5759     10.9890
