32   
4    

1    
  0.0034438383394138  -0.0000001552212253   0.0093882893792155
  -0.2173740000    0.0041756300   -0.1351272000
   0.0318406400    0.0031509000   -0.0048891000
  -0.0042895500   -0.0177059000   -0.0048252900
  -0.0043906900    0.0240758200   -0.0049659700
  -0.0062386200    0.0031893100    0.0020226000
  -0.0062185800    0.0031907500    0.0020527300
  -0.0062281300    0.0031842700    0.0020527900
  -0.0062285900    0.0031950500    0.0020525300
   0.0052061400   -0.0031267400   -0.0020684700
   0.0050238000   -0.0032181300   -0.0021336500
   0.0051933000   -0.0030150300   -0.0021009900
   0.0050110900   -0.0031262600   -0.0013346600
   0.0056790900   -0.0029592700   -0.0021666200
   0.0058475300   -0.0030477900   -0.0021043100
   0.0058383200   -0.0031516500   -0.0021352500
   0.0056566700   -0.0030583100   -0.0012907400
   0.0043406000   -0.0026294800    0.0120583300
   0.0316796500   -0.0032643100    0.0470776000
   0.0768111300    0.0233717100    0.0474951500
   0.0771878600   -0.0289581900    0.0466083000
   0.0051855500   -0.0026018400   -0.0002863700
   0.0051862500   -0.0026003200   -0.0002689800
   0.0051852000   -0.0026013700   -0.0002701100
   0.0051852700   -0.0026007100   -0.0002685400
  -0.0044912000    0.0026443800    0.0007480100
  -0.0039893000    0.0027530500    0.0007923800
  -0.0043352600    0.0022682100    0.0007764900
  -0.0041621300    0.0025529200    0.0000877100
  -0.0043082400    0.0023000000    0.0007926500
  -0.0047362500    0.0024095400    0.0007503500
  -0.0046187100    0.0027266000    0.0007636500
  -0.0044488300    0.0024771700    0.0001049700

1    
 -0.0034438383394138   0.0000001552212253  -0.0093882893792155
   0.2062629100    0.0040800800    0.1351345800
  -0.0429653200    0.0031423600    0.0048455200
  -0.0067152200    0.0240787600    0.0049080400
  -0.0068051700   -0.0177303300    0.0047956300
  -0.0048152600    0.0032008700   -0.0020019400
  -0.0048357800    0.0032010400   -0.0020322600
  -0.0048264500    0.0032059600   -0.0020321500
  -0.0048264300    0.0031951200   -0.0020322600
   0.0052104500   -0.0033298600    0.0021063000
   0.0053816700   -0.0032404100    0.0021685600
   0.0052196100   -0.0034309100    0.0021367300
   0.0054012800   -0.0033268400    0.0012924000
   0.0060362800   -0.0033700100    0.0021384600
   0.0058592800   -0.0032808000    0.0020734400
   0.0058712400   -0.0031682000    0.0021064500
   0.0060528100   -0.0032665400    0.0013400200
   0.0047108000   -0.0025429000   -0.0120890400
  -0.0226184100   -0.0031529600   -0.0471143900
  -0.0680777600   -0.0288368900   -0.0466847400
  -0.0677924200    0.0234893100   -0.0474907200
   0.0037873000   -0.0025949500    0.0003298400
   0.0037867500   -0.0025950000    0.0003123900
   0.0037870100   -0.0025947700    0.0003120600
   0.0037871200   -0.0025953700    0.0003125900
  -0.0042387800    0.0026377200   -0.0007383500
  -0.0046670600    0.0025288000   -0.0007763300
  -0.0043579100    0.0029492500   -0.0007631800
  -0.0045291100    0.0027065300   -0.0000910300
  -0.0050246600    0.0028602700   -0.0008142800
  -0.0045273600    0.0027501400   -0.0007653400
  -0.0046801600    0.0023705100   -0.0007812000
  -0.0048512300    0.0026600100   -0.0001057900

17   
  0.0034438383394138  -0.0000001552212253   0.0093882893792155
  -0.0060783100    0.0032012500    0.0103429100
   0.0212833100    0.0038113200    0.0453737000
   0.0667174000    0.0294721300    0.0449347000
   0.0664322900   -0.0228209600    0.0457640800
  -0.0049714600    0.0031831700   -0.0020665700
  -0.0049679200    0.0031870100   -0.0020490300
  -0.0049727800    0.0031815800   -0.0020502000
  -0.0049677800    0.0031841300   -0.0020469700
   0.0054811000   -0.0031554000    0.0024077600
   0.0055964700   -0.0030141100    0.0025735300
   0.0054185400   -0.0031655300    0.0024892500
   0.0056106000   -0.0031075900    0.0018093700
   0.0059270000   -0.0031458300    0.0026103600
   0.0058169100   -0.0030630900    0.0024422400
   0.0057982600   -0.0030298900    0.0025260500
   0.0059492100   -0.0030797100    0.0018591200
  -0.2049396500   -0.0036512600   -0.1358530400
   0.0439793600   -0.0027076300   -0.0070851400
   0.0083661800   -0.0232821800   -0.0071442100
   0.0084652100    0.0177949700   -0.0070414700
   0.0039158200   -0.0026113700    0.0003176700
   0.0039075900   -0.0026117200    0.0001928800
   0.0039115800   -0.0026091800    0.0001932100
   0.0039091500   -0.0026126600    0.0001936900
  -0.0058786300    0.0027086900   -0.0001108900
  -0.0055446100    0.0027163300    0.0000424400
  -0.0057165600    0.0024258900   -0.0000472500
  -0.0057423700    0.0026119900   -0.0003127700
  -0.0055066000    0.0024574100    0.0000499400
  -0.0058487100    0.0024431200   -0.0000453900
  -0.0056685400    0.0027379700   -0.0000087200
  -0.0056820700    0.0025511500   -0.0002612300

17   
 -0.0034438383394138   0.0000001552212253  -0.0093882893792155
  -0.0050635900    0.0032033000   -0.0103065700
  -0.0324078100    0.0038338100   -0.0453251100
  -0.0775369500   -0.0227969100   -0.0457477000
  -0.0779061000    0.0295252100   -0.0448569300
  -0.0064761900    0.0031987900    0.0019700100
  -0.0064770600    0.0032017500    0.0019526100
  -0.0064784900    0.0031979900    0.0019510200
  -0.0064744000    0.0031978000    0.0019541900
   0.0053251200   -0.0031001600   -0.0023086300
   0.0052139300   -0.0031792400   -0.0024764700
   0.0053373300   -0.0030531300   -0.0023922400
   0.0051919600   -0.0031111100   -0.0017248900
   0.0055605100   -0.0029470400   -0.0026538000
   0.0056698900   -0.0030867300   -0.0024860800
   0.0057351800   -0.0031030200   -0.0025689500
   0.0055434200   -0.0030424900   -0.0018878900
   0.2159846100   -0.0039772500    0.1359620400
  -0.0329555600   -0.0029441200    0.0071485900
   0.0025656400    0.0175584000    0.0070874200
   0.0026685000   -0.0235248300    0.0072260600
   0.0056920600   -0.0027452100   -0.0003979700
   0.0056968300   -0.0027450800   -0.0002733600
   0.0056955100   -0.0027460700   -0.0002732600
   0.0056948900   -0.0027439300   -0.0002736800
  -0.0042260400    0.0026529400    0.0001186300
  -0.0045569100    0.0026658500    0.0000335300
  -0.0044030600    0.0029443600    0.0000809100
  -0.0043895800    0.0027573300    0.0003368300
  -0.0047305800    0.0028267600   -0.0001133300
  -0.0043987500    0.0028204700    0.0000373500
  -0.0045600800    0.0025361500   -0.0000320200
  -0.0045342200    0.0027254200    0.0002397000
