32   
4    

1    
  0.0036124796483652  -0.0000014055458907   0.0093246977867697
  -0.2342809600    0.0079218800   -0.1309276600
   0.0290470800    0.0068322500   -0.0002628800
  -0.0096086100   -0.0154968100   -0.0001914200
  -0.0097297400    0.0293042100   -0.0004190400
  -0.0121639600    0.0067298800    0.0062659100
  -0.0121128400    0.0067316200    0.0063426600
  -0.0121361300    0.0067172000    0.0063424500
  -0.0121343200    0.0067432800    0.0063429800
   0.0115972700   -0.0071002700   -0.0064084300
   0.0112382300   -0.0072130000   -0.0065424900
   0.0115138000   -0.0068417200   -0.0064726900
   0.0112864900   -0.0070703400   -0.0054241900
   0.0119281900   -0.0061781800   -0.0065915300
   0.0122413700   -0.0062637800   -0.0064671200
   0.0121551200   -0.0065063600   -0.0065322400
   0.0119392900   -0.0063330600   -0.0052555000
   0.0082180100   -0.0053597600    0.0117344900
   0.0369368600   -0.0060726500    0.0454432900
   0.0842923000    0.0218592600    0.0458790200
   0.0846251000   -0.0329379200    0.0449233400
   0.0095292700   -0.0052690600   -0.0009590000
   0.0095319700   -0.0052684200   -0.0009229500
   0.0095308900   -0.0052702500   -0.0009234800
   0.0095309400   -0.0052689700   -0.0009195800
  -0.0096019300    0.0058145700    0.0017564500
  -0.0085098900    0.0059792200    0.0018304100
  -0.0091993900    0.0049728000    0.0018013500
  -0.0089423700    0.0055833800    0.0006144500
  -0.0087134400    0.0044655200    0.0018354100
  -0.0096106600    0.0046405000    0.0017276100
  -0.0093170700    0.0053375900    0.0017512600
  -0.0090808900    0.0048174000    0.0006291100

1    
 -0.0036124796483652   0.0000014055458907  -0.0093246977867697
   0.2106867500    0.0078038000    0.1310099900
  -0.0526415500    0.0067116800    0.0003523000
  -0.0138727200    0.0291234400    0.0004223700
  -0.0139808000   -0.0156769000    0.0003675600
  -0.0117466900    0.0069373600   -0.0061793300
  -0.0117971300    0.0069372500   -0.0062577400
  -0.0117751400    0.0069489500   -0.0062578600
  -0.0117744900    0.0069231800   -0.0062579900
   0.0114104000   -0.0073101400    0.0063845500
   0.0117354500   -0.0072072800    0.0065111400
   0.0114876900   -0.0075432300    0.0064449000
   0.0117058200   -0.0073328900    0.0051706300
   0.0123620200   -0.0067298700    0.0064426800
   0.0120198200   -0.0066410500    0.0063101400
   0.0121158700   -0.0063727300    0.0063808400
   0.0123185600   -0.0065597100    0.0053226100
   0.0101847700   -0.0052674900   -0.0117493700
  -0.0185403200   -0.0057609200   -0.0454598500
  -0.0664147000   -0.0328921300   -0.0450105600
  -0.0657033200    0.0218993700   -0.0458215700
   0.0091736700   -0.0054016600    0.0009606200
   0.0091709800   -0.0054018700    0.0009247600
   0.0091721800   -0.0054008400    0.0009243100
   0.0091722700   -0.0054022600    0.0009220300
  -0.0088139000    0.0056713500   -0.0017222000
  -0.0097274600    0.0055095800   -0.0017938300
  -0.0091271000    0.0063608900   -0.0017712500
  -0.0093739900    0.0058543400   -0.0006113800
  -0.0099045300    0.0054531600   -0.0018609800
  -0.0088373000    0.0052811000   -0.0017286400
  -0.0092207500    0.0044327800   -0.0017566300
  -0.0094643900    0.0050527500   -0.0006122400

17   
  0.0036124796483652  -0.0000014055458907   0.0093246977867697
  -0.0131675500    0.0068489300    0.0065101200
   0.0155560400    0.0073676500    0.0402222900
   0.0634178600    0.0344484100    0.0397691100
   0.0627367500   -0.0203290300    0.0405829000
  -0.0119938400    0.0069890900   -0.0061951800
  -0.0119913600    0.0069900100   -0.0061591600
  -0.0119931800    0.0069886200   -0.0061620500
  -0.0119919700    0.0069893000   -0.0061531200
   0.0118085800   -0.0074194500    0.0068482000
   0.0120724800   -0.0072985600    0.0072011700
   0.0118432900   -0.0075153900    0.0070172700
   0.0120364200   -0.0074049600    0.0058537500
   0.0121602100   -0.0066857400    0.0072144800
   0.0119196600   -0.0064523500    0.0067903900
   0.0118452300   -0.0064330800    0.0069860900
   0.0121433900   -0.0065348200    0.0058434800
  -0.2129705300   -0.0062018000   -0.1360816200
   0.0500054200   -0.0051317900   -0.0063439700
   0.0123135200   -0.0269199900   -0.0064092800
   0.0124233400    0.0166664100   -0.0063842400
   0.0092560200   -0.0054506200    0.0011272200
   0.0092394700   -0.0054501500    0.0008287700
   0.0092456700   -0.0054472300    0.0008288100
   0.0092458800   -0.0054550500    0.0008307900
  -0.0098320700    0.0059512800   -0.0004513000
  -0.0094308100    0.0058964400   -0.0003592100
  -0.0095781200    0.0055898300   -0.0004394500
  -0.0096998200    0.0057932600   -0.0009994600
  -0.0089320300    0.0048144100   -0.0003072100
  -0.0093432200    0.0047472400   -0.0005289100
  -0.0090734800    0.0051294100   -0.0004570900
  -0.0092712400    0.0049197200   -0.0010235800

17   
 -0.0036124796483652   0.0000014055458907  -0.0093246977867697
  -0.0105358800    0.0068684000   -0.0064244900
  -0.0392612000    0.0075777600   -0.0401309900
  -0.0866283400   -0.0203438600   -0.0405703800
  -0.0869297900    0.0344348300   -0.0396120300
  -0.0124456000    0.0067601300    0.0062770900
  -0.0124482500    0.0067615900    0.0062413100
  -0.0124479800    0.0067597900    0.0062382800
  -0.0124465300    0.0067593900    0.0062412000
   0.0120454400   -0.0072563300   -0.0069077600
   0.0117932800   -0.0073607400   -0.0072741200
   0.0120034600   -0.0071493600   -0.0070784500
   0.0118076100   -0.0072604400   -0.0059394800
   0.0118368000   -0.0062044900   -0.0073074700
   0.0120782000   -0.0064614600   -0.0069189800
   0.0121734100   -0.0064755100   -0.0071018900
   0.0118783500   -0.0063710100   -0.0059341400
   0.2314893300   -0.0065569300    0.1360438900
  -0.0314571600   -0.0054609800    0.0063339600
   0.0061148900    0.0162436300    0.0062669900
   0.0062306900   -0.0273284000    0.0065093300
   0.0099813800   -0.0053054400   -0.0011272200
   0.0099960900   -0.0053049600   -0.0008280600
   0.0099904600   -0.0053084100   -0.0008282800
   0.0099902800   -0.0053012100   -0.0008297800
  -0.0094046700    0.0057159800    0.0004789000
  -0.0098041400    0.0057966200    0.0003863100
  -0.0096794100    0.0060960000    0.0004579100
  -0.0095423400    0.0058873500    0.0010064900
  -0.0093299500    0.0050539600    0.0003076300
  -0.0089174800    0.0050802000    0.0005314000
  -0.0091517000    0.0047225900    0.0004536700
  -0.0089792400    0.0049313100    0.0010391600
