       0     2.466440     2.466440    20.000000     1.358487     1.381838    -0.000000     0.000000   105.318927
       0     2.466440     2.466440     7.095970     7.518764     7.618898    -1.946773     0.000000    37.366997
       0     2.466440     2.466440     7.029660     7.585532     7.685617    -1.985650     0.000000    37.017812
       0     2.466440     2.466440     6.963340     7.653560     7.753587    -2.024013     0.000000    36.668575
       0     2.466440     2.466440     6.897020     7.722881     7.822841    -2.061822     0.000000    36.319337
       0     2.466440     2.466440     6.830700     7.793536     7.893424    -2.099048     0.000000    35.970100
       0     2.466440     2.466440     6.764390     7.865560     7.965373    -2.135665     0.000000    35.620915
       0     2.466440     2.466440     6.698070     7.939022     8.038756    -2.171673     0.000000    35.271677
       0     2.466440     2.466440     6.631750     8.013957     8.113614    -2.207065     0.000000    34.922440
       0     2.466440     2.466440     6.565430     8.090418     8.189997    -2.241851     0.000000    34.573202
       0     2.466440     2.466440     6.499120     8.168442     8.267948    -2.276050     0.000000    34.224017
       0     2.466440     2.466440     6.432800     8.248106     8.347546    -2.309709     0.000000    33.874780
       0     2.466440     2.466440     6.366480     8.329454     8.428837    -2.342871     0.000000    33.525542
       0     2.466440     2.466440     6.300160     8.412543     8.511880    -2.375603     0.000000    33.176305
       0     2.466440     2.466440     6.233850     8.497418     8.596723    -2.407981     0.000000    32.827120
       0     2.466440     2.466440     6.167530     8.584165     8.683456    -2.440114     0.000000    32.477882
