16   
2    

1    
  0.0012239467254512   0.0000000000000000   0.0099248150820686
  -0.1590542000    0.1776759400   -0.1418196500
  -0.0700870800    0.1773935600   -0.0082888700
  -0.0824432700    0.1700568400   -0.0080400900
  -0.0824798900    0.1849756300   -0.0080519000
  -0.1708387100    0.0985756400   -0.0000023500
  -0.1708388000    0.0985757100   -0.0000022500
  -0.1708388500    0.0985758500   -0.0000022900
  -0.1708387500    0.0985757900   -0.0000014600
   0.0829763900   -0.1774508100    0.0125162900
   0.0926426200   -0.1782479800    0.0519985200
   0.1097231000   -0.1678781400    0.0513312400
   0.1087588200   -0.1865914000    0.0504640800
   0.1708297000   -0.0985591500   -0.0000252300
   0.1708296600   -0.0985592400   -0.0000252900
   0.1708297200   -0.0985590900   -0.0000253400
   0.1708295600   -0.0985591400   -0.0000254100

1    
 -0.0012239467254512   0.0000000000000000  -0.0099248150820686
  -0.1090176700    0.0633622100    0.1420051300
  -0.1979665000    0.0635941400    0.0081293800
  -0.1852576300    0.0709034300    0.0082253100
  -0.1853921500    0.0560771900    0.0079500900
  -0.1708792900    0.0985930000    0.0000182200
  -0.1708794000    0.0985930900    0.0000189900
  -0.1708794400    0.0985932000    0.0000189300
  -0.1708792300    0.0985931300    0.0000184600
   0.1848559400   -0.0636191200   -0.0125410300
   0.1751981500   -0.0639785700   -0.0515249600
   0.1593238900   -0.0725584800   -0.0516420200
   0.1582612900   -0.0537833200   -0.0506631200
   0.1708779300   -0.0985924200   -0.0000033800
   0.1708780800   -0.0985925700   -0.0000032900
   0.1708781200   -0.0985925000   -0.0000033600
   0.1708779300   -0.0985924200   -0.0000033500
