        _
  _ __ | |__   ___  _ __   ___   _ __  _   _
 | '_ \| '_ \ / _ \| '_ \ / _ \ | '_ \| | | |
 | |_) | | | | (_) | | | | (_) || |_) | |_| |
 | .__/|_| |_|\___/|_| |_|\___(_) .__/ \__, |
 |_|                            |_|    |___/
                                     1.10.10

Python version 2.7.12
Spglib version 1.9.2
Mesh sampling mode
Settings:
  Sampling mesh: [9 9 4]
  Supercell: [2 2 2]
Spacegroup: Cmmm (65)
Computing force constants...
Number of irreducible q-points on sampling mesh: 50/324
Calculating thermal properties...
#      T [K]      F [kJ/mol]    S [J/K/mol]  C_v [J/K/mol]     E [kJ/mol]
       0.000      28.3160930      0.0000000      0.0000000     28.3160930
      10.000      28.3160237      0.0234545      0.0440963     28.3162583
      20.000      28.3155689      0.0670282      0.0846098     28.3169095
      30.000      28.3146796      0.1122021      0.1510265     28.3180457
      40.000      28.3132801      0.1704870      0.2677125     28.3200995
      50.000      28.3112091      0.2469524      0.4318208     28.3235567
      60.000      28.3082726      0.3439558      0.6481534     28.3289099
      70.000      28.3042539      0.4637498      0.9233506     28.3367164
      80.000      28.2989148      0.6083593      1.2603773     28.3475835
      90.000      28.2919993      0.7791860      1.6579170     28.3621260
     100.000      28.2832414      0.9768803      2.1116851     28.3809295
     110.000      28.2723721      1.2014149      2.6158566     28.4045278
     120.000      28.2591255      1.4522320      3.1640451     28.4333933
     130.000      28.2432430      1.7283927      3.7498526     28.4679341
     140.000      28.2244771      2.0287012      4.3671501     28.5084953
     150.000      28.2025930      2.3517993      5.0102174     28.5553629
     160.000      28.1773700      2.6962376      5.6738118     28.6087680
     170.000      28.1486021      3.0605273      6.3531981     28.6688917
     180.000      28.1160982      3.4431791      7.0441537     28.7358705
     190.000      28.0796822      3.8427301      7.7429540     28.8098009
     200.000      28.0391920      4.2577638      8.4463448     28.8907448
     210.000      27.9944798      4.6869230      9.1515055     28.9787336
     220.000      27.9454108      5.1289176      9.8560071     29.0737727
     230.000      27.8918627      5.5825299     10.5577690     29.1758446
     240.000      27.8337253      6.0466153     11.2550166     29.2849130
     250.000      27.7708991      6.5201030     11.9462425     29.4009249
     260.000      27.7032952      7.0019933     12.6301704     29.5238135
     270.000      27.6308343      7.4913555     13.3057238     29.6535003
     280.000      27.5534461      7.9873247     13.9719986     29.7898970
     290.000      27.4710685      8.4890977     14.6282398     29.9329068
     300.000      27.3836473      8.9959299     15.2738216     30.0824263
     310.000      27.2911354      9.5071312     15.9082298     30.2383460
     320.000      27.1934922     10.0220624     16.5310481     30.4005522
     330.000      27.0906836     10.5401321     17.1419456     30.5689272
     340.000      26.9826810     11.0607928     17.7406660     30.7433505
     350.000      26.8694608     11.5835385     18.3270192     30.9236993
     360.000      26.7510048     12.1079012     18.9008732     31.1098492
     370.000      26.6272989     12.6334486     19.4621473     31.3016748
     380.000      26.4983332     13.1597813     20.0108065     31.4990501
     390.000      26.3641019     13.6865310     20.5468557     31.7018489
     400.000      26.2246024     14.2133575     21.0703359     31.9099453
     410.000      26.0798355     14.7399475     21.5813188     32.1232140
     420.000      25.9298052     15.2660125     22.0799044     32.3415304
     430.000      25.7745179     15.7912867     22.5662165     32.5647712
     440.000      25.6139829     16.3155260     23.0404001     32.7928143
     450.000      25.4482116     16.8385060     23.5026187     33.0255393
     460.000      25.2772176     17.3600212     23.9530515     33.2628274
     470.000      25.1010167     17.8798830     24.3918913     33.5045617
     480.000      24.9196261     18.3979191     24.8193422     33.7506272
     490.000      24.7330649     18.9139722     25.2356178     34.0009113
     500.000      24.5413537     19.4278987     25.6409395     34.2553031
     510.000      24.3445144     19.9395683     26.0355349     34.5136943
     520.000      24.1425703     20.4488626     26.4196364     34.7759788
     530.000      23.9355455     20.9556743     26.7934798     35.0420528
     540.000      23.7234654     21.4599067     27.1573036     35.3118150
     550.000      23.5063562     21.9614729     27.5113472     35.5851663
     560.000      23.2842451     22.4602948     27.8558507     35.8620101
     570.000      23.0571597     22.9563028     28.1910538     36.1422523
     580.000      22.8251286     23.4494352     28.5171950     36.4258010
     590.000      22.5881808     23.9396373     28.8345113     36.7125668
     600.000      22.3463458     24.4268614     29.1432372     37.0024626
     610.000      22.0996536     24.9110657     29.4436045     37.2954037
     620.000      21.8481346     25.3922144     29.7358418     37.5913076
     630.000      21.5918196     25.8702771     30.0201742     37.8900942
     640.000      21.3307395     26.3452281     30.2968231     38.1916855
     650.000      21.0649255     26.8170465     30.5660057     38.4960057
     660.000      20.7944090     27.2857157     30.8279347     38.8029814
     670.000      20.5192217     27.7512227     31.0828188     39.1125410
     680.000      20.2393952     28.2135585     31.3308617     39.4246150
     690.000      19.9549611     28.6727173     31.5722626     39.7391360
     700.000      19.6659514     29.1286962     31.8072159     40.0560387
     710.000      19.3723978     29.5814953     32.0359112     40.3752595
     720.000      19.0743321     30.0311175     32.2585332     40.6967367
     730.000      18.7717860     30.4775678     32.4752619     41.0204105
     740.000      18.4647913     30.9208535     32.6862723     41.3462229
     750.000      18.1533795     31.3609840     32.8917347     41.6741175
     760.000      17.8375821     31.7979705     33.0918147     42.0040396
     770.000      17.5174305     32.2318258     33.2866732     42.3359364
     780.000      17.1929560     32.6625644     33.4764662     42.6697562
     790.000      16.8641896     33.0902022     33.6613454     43.0054493
     800.000      16.5311622     33.5147563     33.8414579     43.3429672
     810.000      16.1939046     33.9362450     34.0169466     43.6822631
     820.000      15.8524475     34.3546875     34.1879497     44.0232912
     830.000      15.5068210     34.7701043     34.3546016     44.3660076
     840.000      15.1570554     35.1825164     34.5170321     44.7103692
     850.000      14.8031806     35.5919458     34.6753675     45.0563345
     860.000      14.4452263     35.9984151     34.8297298     45.4038633
     870.000      14.0832221     36.4019474     34.9802372     45.7529163
     880.000      13.7171971     36.8025664     35.1270043     46.1034556
     890.000      13.3471804     37.2002965     35.2701422     46.4554443
     900.000      12.9732007     37.5951622     35.4097580     46.8088467
     910.000      12.5952866     37.9871884     35.5459560     47.1636280
     920.000      12.2134663     38.3764004     35.6788366     47.5197547
     930.000      11.8277679     38.7628238     35.8084974     47.8771940
     940.000      11.4382191     39.1464843     35.9350326     48.2359143
     950.000      11.0448473     39.5274076     36.0585337     48.5958846
     960.000      10.6476799     39.9056200     36.1790888     48.9570751
     970.000      10.2467439     40.2811474     36.2967835     49.3194568
     980.000       9.8420659     40.6540160     36.4117005     49.6830015
     990.000       9.4336723     41.0242520     36.5239201     50.0476818
    1000.000       9.0215895     41.3918817     36.6335195     50.4134712
                 _
   ___ _ __   __| |
  / _ \ '_ \ / _` |
 |  __/ | | | (_| |
  \___|_| |_|\__,_|

