        _
  _ __ | |__   ___  _ __   ___   _ __  _   _
 | '_ \| '_ \ / _ \| '_ \ / _ \ | '_ \| | | |
 | |_) | | | | (_) | | | | (_) || |_) | |_| |
 | .__/|_| |_|\___/|_| |_|\___(_) .__/ \__, |
 |_|                            |_|    |___/
                                     1.10.10

Python version 2.7.12
Spglib version 1.9.2
Mesh sampling mode
Settings:
  Sampling mesh: [9 9 4]
  Supercell: [2 2 2]
Spacegroup: Fd-3m (227)
Computing force constants...
Number of irreducible q-points on sampling mesh: 324/324
Calculating thermal properties...
#      T [K]      F [kJ/mol]    S [J/K/mol]  C_v [J/K/mol]     E [kJ/mol]
       0.000      30.4958980      0.0000000      0.0000000     30.4958980
      10.000      30.4958980      0.0000000      0.0000000     30.4958980
      20.000      30.4958980      0.0000122      0.0001433     30.4958982
      30.000      30.4958961      0.0006072      0.0047555     30.4959143
      40.000      30.4958754      0.0043697      0.0262207     30.4960502
      50.000      30.4957863      0.0148231      0.0741568     30.4965275
      60.000      30.4955469      0.0348787      0.1539893     30.4976396
      70.000      30.4950489      0.0668957      0.2711636     30.4997316
      80.000      30.4941617      0.1131006      0.4324055     30.5032097
      90.000      30.4927320      0.1757567      0.6447453     30.5085501
     100.000      30.4905842      0.2571100      0.9141961     30.5162952
     110.000      30.4875205      0.3592577      1.2450158     30.5270388
     120.000      30.4833236      0.4840387      1.6395858     30.5414082
     130.000      30.4777592      0.6329722      2.0986080     30.5600455
     140.000      30.4705796      0.8072380      2.6213697     30.5835929
     150.000      30.4615271      1.0076803      3.2059644     30.6126792
     160.000      30.4503370      1.2348230      3.8494591     30.6479087
     170.000      30.4367409      1.4888892      4.5480356     30.6898520
     180.000      30.4204696      1.7698235      5.2971317     30.7390378
     190.000      30.4012559      2.0773163      6.0915960     30.7959459
     200.000      30.3788365      2.4108295      6.9258549     30.8610024
     210.000      30.3529550      2.7696253      7.7940839     30.9345763
     220.000      30.3233628      3.1527949      8.6903726     31.0169776
     230.000      30.2898213      3.5592889      9.6088741     31.1084578
     240.000      30.2521031      3.9879466     10.5439313     31.2092103
     250.000      30.2099926      4.4375240     11.4901789     31.3193736
     260.000      30.1632872      4.9067201     12.4426184     31.4390344
     270.000      30.1117973      5.3942001     13.3966687     31.5682313
     280.000      30.0553468      5.8986164     14.3481951     31.7069594
     290.000      29.9937730      6.4186260     15.2935206     31.8551745
     300.000      29.9269267      6.9529054     16.2294215     32.0127983
     310.000      29.8546716      7.5001631     17.1531130     32.1797222
     320.000      29.7768843      8.0591487     18.0622256     32.3558119
     330.000      29.6934536      8.6286603     18.9547774     32.5409115
     340.000      29.6042799      9.2075498     19.8291419     32.7348468
     350.000      29.5092750      9.7947267     20.6840154     32.9374293
     360.000      29.4083612     10.3891600     21.5183835     33.1484587
     370.000      29.3014708     10.9898791     22.3314886     33.3677261
     380.000      29.1885457     11.5959742     23.1227994     33.5950158
     390.000      29.0695362     12.2065950     23.8919814     33.8301083
     400.000      28.9444013     12.8209496     24.6388705     34.0727811
     410.000      28.8131073     13.4383025     25.3634485     34.3228113
     420.000      28.6756276     14.0579727     26.0658208     34.5799761
     430.000      28.5319422     14.6793307     26.7461969     34.8440544
     440.000      28.3820373     15.3017964     27.4048728     35.1148277
     450.000      28.2259044     15.9248364     28.0422155     35.3920807
     460.000      28.0635402     16.5479610     28.6586490     35.6756023
     470.000      27.8949464     17.1707218     29.2546431     35.9651856
     480.000      27.7201284     17.7927090     29.8307026     36.2606287
     490.000      27.5390960     18.4135489     30.3873590     36.5617350
     500.000      27.3518624     19.0329013     30.9251621     36.8683130
     510.000      27.1584440     19.6504574     31.4446744     37.1801772
     520.000      26.9588602     20.2659371     31.9464650     37.4971474
     530.000      26.7531330     20.8790875     32.4311052     37.8190494
     540.000      26.5412869     21.4896803     32.8991649     38.1457143
     550.000      26.3233486     22.0975103     33.3512089     38.4769793
     560.000      26.0993466     22.7023935     33.7877948     38.8126869
     570.000      25.8693111     23.3041656     34.2094706     39.1526855
     580.000      25.6332741     23.9026799     34.6167728     39.4968284
     590.000      25.3912688     24.4978067     35.0102257     39.8449748
     600.000      25.1433296     25.0894314     35.3903397     40.1969885
     610.000      24.8894922     25.6774534     35.7576110     40.5527387
     620.000      24.6297929     26.2617849     36.1125209     40.9120995
     630.000      24.3642690     26.8423500     36.4555353     41.2749495
     640.000      24.0929587     27.4190835     36.7871050     41.6411721
     650.000      23.8159003     27.9919301     37.1076651     42.0106549
     660.000      23.5331332     28.5608438     37.4176352     42.3832901
     670.000      23.2446967     29.1257865     37.7174201     42.7589737
     680.000      22.9506308     29.6867280     38.0074089     43.1376058
     690.000      22.6509755     30.2436448     38.2879766     43.5190904
     700.000      22.3457713     30.7965197     38.5594833     43.9033352
     710.000      22.0350587     31.3453414     38.8222753     44.2902511
     720.000      21.7188780     31.8901037     39.0766850     44.6797527
     730.000      21.3972701     32.4308052     39.3230316     45.0717579
     740.000      21.0702755     32.9674487     39.5616217     45.4661875
     750.000      20.7379347     33.5000411     39.7927491     45.8629654
     760.000      20.4002881     34.0285927     40.0166958     46.2620185
     770.000      20.0573762     34.5531170     40.2337323     46.6632763
     780.000      19.7092391     35.0736306     40.4441179     47.0666710
     790.000      19.3559169     35.5901524     40.6481012     47.4721373
     800.000      18.9974493     36.1027040     40.8459205     47.8796125
     810.000      18.6338760     36.6113086     41.0378044     48.2890360
     820.000      18.2652362     37.1159918     41.2239719     48.7003495
     830.000      17.8915691     37.6167806     41.4046330     49.1134971
     840.000      17.5129135     38.1137036     41.5799888     49.5284245
     850.000      17.1293079     38.6067905     41.7502324     49.9450798
     860.000      16.7407904     39.0960725     41.9155487     50.3634127
     870.000      16.3473990     39.5815816     42.0761151     50.7833749
     880.000      15.9491712     40.0633506     42.2321017     51.2049198
     890.000      15.5461443     40.5414134     42.3836713     51.6280023
     900.000      15.1383552     41.0158042     42.5309806     52.0525790
     910.000      14.7258404     41.4865580     42.6741793     52.4786082
     920.000      14.3086360     41.9537101     42.8134115     52.9060494
     930.000      13.8867780     42.4172963     42.9488150     53.3348636
     940.000      13.4603019     42.8773526     43.0805225     53.7650133
     950.000      13.0292426     43.3339153     43.2086610     54.1964622
     960.000      12.5936351     43.7870208     43.3333525     54.6291751
     970.000      12.1535136     44.2367057     43.4547141     55.0631181
     980.000      11.7089123     44.6830065     43.5728583     55.4982586
     990.000      11.2598647     45.1259599     43.6878932     55.9345649
    1000.000      10.8064041     45.5656024     43.7999224     56.3720065
                 _
   ___ _ __   __| |
  / _ \ '_ \ / _` |
 |  __/ | | | (_| |
  \___|_| |_|\__,_|

