32   
4    

1    
  0.0035167337253976  -0.0000013682930058   0.0093612275921711
  -0.2291931600    0.0072035000   -0.1341537400
   0.0273018800    0.0061736300   -0.0044663700
  -0.0101780200   -0.0154673100   -0.0044001000
  -0.0102936800    0.0279544200   -0.0046301800
  -0.0114196800    0.0060970000    0.0023329600
  -0.0114032600    0.0060928200    0.0023731100
  -0.0114006000    0.0060912800    0.0023740800
  -0.0114075600    0.0061012400    0.0023734300
   0.0108282100   -0.0065673100   -0.0024914200
   0.0105814400   -0.0066693000   -0.0025781700
   0.0107932100   -0.0064055800   -0.0025360000
   0.0105762600   -0.0065501800   -0.0016319200
   0.0108380400   -0.0057765300   -0.0025509600
   0.0110551900   -0.0058643300   -0.0024678300
   0.0110218300   -0.0060167800   -0.0025104700
   0.0108218600   -0.0058941000   -0.0015150200
   0.0106498900   -0.0057539600    0.0122513700
   0.0385137900   -0.0064709200    0.0466211400
   0.0848798800    0.0209013600    0.0470534400
   0.0850960200   -0.0327047200    0.0461342400
   0.0106458600   -0.0056935300   -0.0003219400
   0.0106551200   -0.0056885800   -0.0002969200
   0.0106509100   -0.0056960300   -0.0003000200
   0.0106609500   -0.0056892300   -0.0002992900
  -0.0104019500    0.0062564500    0.0008908600
  -0.0097260000    0.0063993400    0.0009368200
  -0.0101867200    0.0057462600    0.0009140200
  -0.0099735100    0.0061348900    0.0000203800
  -0.0096979300    0.0051995700    0.0009749200
  -0.0102730200    0.0053394300    0.0009084800
  -0.0101070200    0.0057747600    0.0009267700
  -0.0099082300    0.0054424400    0.0000643300

1    
 -0.0035167337253976   0.0000013682930058  -0.0093612275921711
   0.2078047400    0.0071301800    0.1341821300
  -0.0486136100    0.0060865300    0.0045065400
  -0.0110656200    0.0277972100    0.0045697400
  -0.0111628100   -0.0155957400    0.0045383800
  -0.0102645900    0.0062761400   -0.0022503600
  -0.0102989900    0.0062727400   -0.0022990400
  -0.0102726700    0.0062835100   -0.0022973600
  -0.0102732900    0.0062674900   -0.0022986300
   0.0106594600   -0.0066535800    0.0024797600
   0.0108801400   -0.0065615900    0.0025640700
   0.0106920100   -0.0068099500    0.0025188700
   0.0108861300   -0.0066685300    0.0015258200
   0.0111018700   -0.0060757100    0.0024400700
   0.0108690400   -0.0060053100    0.0023522600
   0.0109260600   -0.0058251500    0.0024002800
   0.0110983100   -0.0059548800    0.0014904700
   0.0092044100   -0.0057033900   -0.0122551300
  -0.0186957400   -0.0062356300   -0.0466185300
  -0.0654513200   -0.0326912100   -0.0461737000
  -0.0648582100    0.0208793200   -0.0470076800
   0.0095049800   -0.0058109600    0.0003780400
   0.0095069000   -0.0058100100    0.0003536300
   0.0095117100   -0.0058126000    0.0003507800
   0.0095199600   -0.0058089800    0.0003498300
  -0.0099071300    0.0061384600   -0.0008710600
  -0.0104976100    0.0060115600   -0.0009077900
  -0.0100915200    0.0065772100   -0.0008923600
  -0.0102843100    0.0062493700   -0.0000153400
  -0.0104523500    0.0057749400   -0.0010457900
  -0.0097868500    0.0056442600   -0.0009698100
  -0.0100053600    0.0051238100   -0.0009873400
  -0.0101837200    0.0055105100   -0.0001107500

17   
  0.0035167337253976  -0.0000013682930058   0.0093612275921711
  -0.0100535400    0.0059985000    0.0103711200
   0.0177844500    0.0065366100    0.0447324600
   0.0645696200    0.0329930900    0.0442848400
   0.0639824900   -0.0206148800    0.0451224400
  -0.0092030200    0.0061362100   -0.0022409900
  -0.0092022300    0.0061341400   -0.0022169900
  -0.0092010800    0.0061348700   -0.0022186900
  -0.0092044100    0.0061360400   -0.0022143400
   0.0112697300   -0.0069439600    0.0027242700
   0.0114292600   -0.0068319600    0.0029418100
   0.0112558700   -0.0069960000    0.0028272000
   0.0114273100   -0.0069223400    0.0019404300
   0.0113064300   -0.0062254500    0.0029362000
   0.0111607400   -0.0060664400    0.0026830800
   0.0110993000   -0.0060511900    0.0027990400
   0.0113111900   -0.0061187500    0.0019291500
  -0.2085447700   -0.0065244800   -0.1356138500
   0.0476726700   -0.0054878100   -0.0070894200
   0.0108786600   -0.0267580500   -0.0071505000
   0.0109775400    0.0157674100   -0.0071378100
   0.0083623300   -0.0056519300    0.0004115600
   0.0083555400   -0.0056498600    0.0002507000
   0.0083561700   -0.0056506500    0.0002505900
   0.0083596500   -0.0056526900    0.0002509200
  -0.0109295700    0.0065716000   -0.0000153800
  -0.0105540600    0.0065536600    0.0001005300
  -0.0107233500    0.0062444300    0.0000292000
  -0.0107766900    0.0064479000   -0.0003644200
  -0.0100923200    0.0055219300    0.0001093200
  -0.0104693900    0.0055013700   -0.0000585700
  -0.0102600700    0.0058368400    0.0000106200
  -0.0103444500    0.0056318400   -0.0003845100

17   
 -0.0035167337253976   0.0000013682930058  -0.0093612275921711
  -0.0120185800    0.0065315800   -0.0103341200
  -0.0399183800    0.0072550700   -0.0447063300
  -0.0862689500   -0.0200923000   -0.0451405300
  -0.0864706800    0.0334602400   -0.0442169400
  -0.0106980300    0.0064946700    0.0022029500
  -0.0107080900    0.0064852600    0.0021769900
  -0.0106902200    0.0064912200    0.0021761200
  -0.0107030300    0.0064866200    0.0021770300
   0.0104763400   -0.0063368100   -0.0027036100
   0.0103208200   -0.0064428700   -0.0029196700
   0.0104880700   -0.0062955000   -0.0028043200
   0.0103137800   -0.0063665000   -0.0019343300
   0.0101640100   -0.0054088700   -0.0029505000
   0.0103130000   -0.0055898900   -0.0027050000
   0.0103928700   -0.0055981800   -0.0028179800
   0.0101706200   -0.0055273300   -0.0019319100
   0.2290846700   -0.0071362300    0.1356862700
  -0.0270027700   -0.0061052500    0.0071424000
   0.0096420900    0.0150568900    0.0070813800
   0.0097410900   -0.0274219600    0.0073120700
   0.0099979200   -0.0060777900   -0.0004216700
   0.0100209200   -0.0060726900   -0.0002602300
   0.0100111400   -0.0060836400   -0.0002613900
   0.0100225600   -0.0060700000   -0.0002624600
  -0.0096380400    0.0058530000    0.0000067800
  -0.0100082700    0.0058796700   -0.0001115200
  -0.0098477200    0.0061927400   -0.0000439900
  -0.0097931100    0.0059921800    0.0003427200
  -0.0095583300    0.0052193200   -0.0001329400
  -0.0091750800    0.0052252300    0.0000287400
  -0.0093736000    0.0048971700   -0.0000385700
  -0.0092870300    0.0051049700    0.0003645400
