        _                                    
  _ __ | |__   ___  _ __   ___   _ __  _   _ 
 | '_ \| '_ \ / _ \| '_ \ / _ \ | '_ \| | | |
 | |_) | | | | (_) | | | | (_) || |_) | |_| |
 | .__/|_| |_|\___/|_| |_|\___(_) .__/ \__, |
 |_|                            |_|    |___/
                                      1.10.0

Python version 2.7.11
Mesh sampling mode
Settings:
  Sampling mesh: [9 9 4]
  Supercell: [2 2 2]
Spacegroup: Cmcm (63)
Computing force constants...
Number of irreducible q-points on sampling mesh: 50/324
Calculating thermal properties...
#      T [K]      F [kJ/mol]    S [J/K/mol]  C_v [J/K/mol]     E [kJ/mol]
       0.000      16.9523193      0.0000000      0.0000000     16.9523193
      10.000      16.9519181      0.1182118      0.2293615     16.9531002
      20.000      16.9489838      0.5324736      1.2063485     16.9596333
      30.000      16.9401473      1.2761628      2.5549621     16.9784322
      40.000      16.9229262      2.1832320      3.7774137     17.0102555
      50.000      16.8963178      3.1421405      4.8364042     17.0534248
      60.000      16.8600509      4.1118994      5.8295659     17.1067649
      70.000      16.8140644      5.0867028      6.8570617     17.1701336
      80.000      16.7582723      6.0749919      7.9930746     17.2442716
      90.000      16.6924784      7.0890994      9.2786674     17.3304973
     100.000      16.6163668      8.1401132     10.7234083     17.4303782
     110.000      16.5295272      9.2356517     12.3126909     17.5454489
     120.000      16.4314928     10.3793614     14.0170344     17.6770162
     130.000      16.3217788     11.5713416     15.8004553     17.8260532
     140.000      16.1999137     12.8089544     17.6265966     17.9931673
     150.000      16.0654625     14.0876971     19.4624927     18.1786171
     160.000      15.9180413     15.4019711     21.2804261     18.3823566
     170.000      15.7573249     16.7456886     23.0584700     18.6040920
     180.000      15.5830498     18.1127116     24.7802408     18.8433379
     190.000      15.3950127     19.4971461     26.4342446     19.0994705
     200.000      15.1930672     20.8935235     28.0130700     19.3717719
     210.000      14.9771190     22.2968962     29.5125758     19.6594672
     220.000      14.7471206     23.7028763     30.9311524     19.9617534
     230.000      14.5030656     25.1076334     32.2690872     20.2778213
     240.000      14.2449831     26.5078696     33.5280433     20.6068718
     250.000      13.9729327     27.9007796     34.7106429     20.9481276
     260.000      13.6869998     29.2840043     35.8201424     21.3008409
     270.000      13.3872914     30.6555830     36.8601847     21.6642989
     280.000      13.0739324     32.0139055     37.8346136     22.0378259
     290.000      12.7470619     33.3576674     38.7473376     22.4207855
     300.000      12.4068310     34.6858295     39.6022326     22.8125799
     310.000      12.0534000     35.9975804     40.4030738     23.2126499
     320.000      11.6869362     37.2923035     41.1534907     23.6204733
     330.000      11.3076122     38.5695484     41.8569378     24.0355632
     340.000      10.9156045     39.8290055     42.5166789     24.4574664
     350.000      10.5110921     41.0704836     43.1357795     24.8857613
     360.000      10.0942551     42.2938916     43.7171061     25.3200561
     370.000       9.6652745     43.4992215     44.2633299     25.7599865
     380.000       9.2243308     44.6865348     44.7769333     26.2052140
     390.000       8.7716035     45.8559503     45.2602189     26.6554241
     400.000       8.3072709     47.0076340     45.7153190     27.1103244
     410.000       7.8315092     48.1417900     46.1442059     27.5696431
     420.000       7.3444927     49.2586537     46.5487028     28.0331273
     430.000       6.8463929     50.3584851     46.9304941     28.5005415
     440.000       6.3373788     51.4415632     47.2911354     28.9716667
     450.000       5.8176165     52.5081822     47.6320633     29.4462985
     460.000       5.2872690     53.5586470     47.9546048     29.9242467
     470.000       4.7464964     54.5932703     48.2599853     30.4053334
     480.000       4.1954554     55.6123699     48.5493375     30.8893929
     490.000       3.6342997     56.6162665     48.8237080     31.3762702
     500.000       3.0631797     57.6052815     49.0840649     31.8658204
     510.000       2.4822426     58.5797358     49.3313040     32.3579078
     520.000       1.8916324     59.5399483     49.5662543     32.8524055
     530.000       1.2914900     60.4862349     49.7896839     33.3491945
     540.000       0.6819531     61.4189075     50.0023048     33.8481632
     550.000       0.0631562     62.3382737     50.2047773     34.3492068
     560.000      -0.5647690     63.2446357     50.3977141     34.8522269
     570.000      -1.2016941     64.1382900     50.5816846     35.3571312
     580.000      -1.8474934     65.0195275     50.7572177     35.8638325
     590.000      -2.5020442     65.8886327     50.9248056     36.3722491
     600.000      -3.1652266     66.7458837     51.0849061     36.8823037
     610.000      -3.8369233     67.5915524     51.2379460     37.3939236
     620.000      -4.5170199     68.4259037     51.3843228     37.9070404
     630.000      -5.2054045     69.2491963     51.5244075     38.4215891
     640.000      -5.9019678     70.0616821     51.6585462     38.9375087
     650.000      -6.6066029     70.8636066     51.7870625     39.4547413
     660.000      -7.3192055     71.6552087     51.9102586     39.9732322
     670.000      -8.0396735     72.4367212     52.0284174     40.4929297
     680.000      -8.7679071     73.2083702     52.1418038     41.0137847
     690.000      -9.5038088     73.9703760     52.2506656     41.5357507
     700.000     -10.2472832     74.7229526     52.3552354     42.0587837
     710.000     -10.9982371     75.4663083     52.4557314     42.5828418
     720.000     -11.7565793     76.2006454     52.5523582     43.1078854
     730.000     -12.5222206     76.9261607     52.6453081     43.6338767
     740.000     -13.2950737     77.6430455     52.7347620     44.1607799
     750.000     -14.0750533     78.3514856     52.8208897     44.6885609
     760.000     -14.8620759     79.0516619     52.9038514     45.2171872
     770.000     -15.6560596     79.7437500     52.9837977     45.7466279
     780.000     -16.4569245     80.4279206     53.0608705     46.2768535
     790.000     -17.2645922     81.1043396     53.1352037     46.8078361
     800.000     -18.0789860     81.7731686     53.2069236     47.3395489
     810.000     -18.9000308     82.4345643     53.2761495     47.8719663
     820.000     -19.7276530     83.0886792     53.3429938     48.4050640
     830.000     -20.5617806     83.7356617     53.4075632     48.9388186
     840.000     -21.4023429     84.3756558     53.4699581     49.4732080
     850.000     -22.2492709     85.0088020     53.5302739     50.0082108
     860.000     -23.1024966     85.6352365     53.5886006     50.5438068
     870.000     -23.9619537     86.2550922     53.6450236     51.0799765
     880.000     -24.8275770     86.8684979     53.6996238     51.6167012
     890.000     -25.6993026     87.4755794     53.7524779     52.1539631
     900.000     -26.5770679     88.0764590     53.8036588     52.6917452
     910.000     -27.4608115     88.6712554     53.8532353     53.2300310
     920.000     -28.3504731     89.2600846     53.9012732     53.7688048
     930.000     -29.2459936     89.8430593     53.9478348     54.3080515
     940.000     -30.1473151     90.4202892     53.9929791     54.8477567
     950.000     -31.0543806     90.9918813     54.0367627     55.3879066
     960.000     -31.9671343     91.5579395     54.0792390     55.9284876
     970.000     -32.8855213     92.1185654     54.1204590     56.4694872
     980.000     -33.8094878     92.6738578     54.1604713     57.0108928
     990.000     -34.7389810     93.2239129     54.1993221     57.5526927
    1000.000     -35.6739489     93.7688245     54.2370556     58.0948755
                 _ 
   ___ _ __   __| |
  / _ \ '_ \ / _` |
 |  __/ | | | (_| |
  \___|_| |_|\__,_|

