        _
  _ __ | |__   ___  _ __   ___   _ __  _   _
 | '_ \| '_ \ / _ \| '_ \ / _ \ | '_ \| | | |
 | |_) | | | | (_) | | | | (_) || |_) | |_| |
 | .__/|_| |_|\___/|_| |_|\___(_) .__/ \__, |
 |_|                            |_|    |___/
                                     1.10.10

Python version 2.7.12
Spglib version 1.9.2
Mesh sampling mode
Settings:
  Sampling mesh: [9 9 4]
  Supercell: [2 2 2]
Spacegroup: Cmcm (63)
Computing force constants...
Number of irreducible q-points on sampling mesh: 50/324
Calculating thermal properties...
#      T [K]      F [kJ/mol]    S [J/K/mol]  C_v [J/K/mol]     E [kJ/mol]
       0.000      65.4123312      0.0000000      0.0000000     65.4123312
      10.000      65.4122764      0.0219440      0.0519117     65.4124959
      20.000      65.4117747      0.0803487      0.1295343     65.4133817
      30.000      65.4106147      0.1555361      0.2643563     65.4152808
      40.000      65.4085609      0.2615658      0.5044256     65.4190236
      50.000      65.4052379      0.4110439      0.8701297     65.4257901
      60.000      65.4001703      0.6113531      1.3635290     65.4368515
      70.000      65.3928274      0.8666636      1.9869045     65.4534938
      80.000      65.3826440      1.1798638      2.7432008     65.4770331
      90.000      65.3690302      1.5529940      3.6318735     65.5087997
     100.000      65.3513806      1.9871313      4.6473526     65.5500937
     110.000      65.3290841      2.4822929      5.7795892     65.6021363
     120.000      65.3015346      3.0374677      7.0153282     65.6660307
     130.000      65.2681410      3.6507435      8.3394815     65.7427376
     140.000      65.2283348      4.3194857      9.7363805     65.8330628
     150.000      65.1815769      5.0405333     11.1908081     65.9376569
     160.000      65.1273614      5.8103901     12.6887536     66.0570238
     170.000      65.0652186      6.6253946     14.2178762     66.1915356
     180.000      64.9947153      7.4818602     15.7677060     66.3414502
     190.000      64.9154552      8.3761827     17.3296366     66.5069299
     200.000      64.8270770      9.3049155     18.8967751     66.6880601
     210.000      64.7292530     10.2648171     20.4637110     66.8848646
     220.000      64.6216868     11.2528761     22.0262528     67.0973196
     230.000      64.5041109     12.2663185     23.5811692     67.3253642
     240.000      64.3762843     13.3026033     25.1259554     67.5689091
     250.000      64.2379905     14.3594097     26.6586361     67.8278429
     260.000      64.0890348     15.4346204     28.1776093     68.1020361
     270.000      63.9292432     16.5263026     29.6815270     68.3913449
     280.000      63.7584598     17.6326885     31.1692104     68.6956125
     290.000      63.5765458     18.7521572     32.6395921     69.0146714
     300.000      63.3833780     19.8832180     34.0916807     69.3483434
     310.000      63.1788474     21.0244952     35.5245406     69.6964409
     320.000      62.9628583     22.1747152     36.9372834     70.0587671
     330.000      62.7353272     23.3326954     38.3290675     70.4351167
     340.000      62.4961822     24.4973347     39.6991007     70.8252760
     350.000      62.2453618     25.6676056     41.0466467     71.2290237
     360.000      61.9828145     26.8425477     42.3710310     71.6461317
     370.000      61.7084982     28.0212618     43.6716467     72.0763651
     380.000      61.4223795     29.2029055     44.9479600     72.5194836
     390.000      61.1244330     30.3866892     46.1995133     72.9752418
     400.000      60.8146411     31.5718725     47.4259275     73.4433901
     410.000      60.4929932     32.7577618     48.6269025     73.9236755
     420.000      60.1594857     33.9437070     49.8022166     74.4158426
     430.000      59.8141209     35.1290998     50.9517246     74.9196338
     440.000      59.4569074     36.3133714     52.0753549     75.4347908
     450.000      59.0878590     37.4959903     53.1731056     75.9610547
     460.000      58.7069948     38.6764611     54.2450408     76.4981669
     470.000      58.3143385     39.8543220     55.2912853     77.0458698
     480.000      57.9099185     41.0291439     56.3120201     77.6039075
     490.000      57.4937671     42.2005284     57.3074772     78.1720260
     500.000      57.0659206     43.3681063     58.2779343     78.7499737
     510.000      56.6264188     44.5315365     59.2237105     79.3375024
     520.000      56.1753047     45.6905041     60.1451605     79.9343669
     530.000      55.7126245     46.8447194     61.0426707     80.5403258
     540.000      55.2384271     47.9939163     61.9166544     81.1551418
     550.000      54.7527637     49.1378512     62.7675479     81.7785819
     560.000      54.2556883     50.2763018     63.5958064     82.4104174
     570.000      53.7472567     51.4090658     64.4019004     83.0504242
     580.000      53.2275266     52.5359595     65.1863129     83.6983831
     590.000      52.6965576     53.6568173     65.9495359     84.3540798
     600.000      52.1544109     54.7714900     66.6920677     85.0173048
     610.000      51.6011489     55.8798442     67.4144109     85.6878538
     620.000      51.0368354     56.9817613     68.1170697     86.3655274
     630.000      50.4615354     58.0771363     68.8005483     87.0501313
     640.000      49.8753148     59.1658771     69.4653491     87.7414761
     650.000      49.2782403     60.2479037     70.1119710     88.4393777
     660.000      48.6703794     61.3231474     70.7409083     89.1436566
     670.000      48.0518001     62.3915498     71.3526496     89.8541385
     680.000      47.4225713     63.4530626     71.9476765     90.5706539
     690.000      46.7827620     64.5076463     72.5264631     91.2930379
     700.000      46.1324416     65.5552700     73.0894750     92.0211306
     710.000      45.4716799     66.5959106     73.6371690     92.7547764
     720.000      44.8005467     67.6295523     74.1699926     93.4938244
     730.000      44.1191122     68.6561862     74.6883832     94.2381281
     740.000      43.4274464     69.6758095     75.1927684     94.9875454
     750.000      42.7256194     70.6884251     75.6835655     95.7419382
     760.000      42.0137012     71.6940415     76.1611811     96.5011727
     770.000      41.2917618     72.6926719     76.6260115     97.2651192
     780.000      40.5598710     73.6843342     77.0784424     98.0336516
     790.000      39.8180983     74.6690502     77.5188489     98.8066480
     800.000      39.0665130     75.6468459     77.9475956     99.5839898
     810.000      38.3051843     76.6177504     78.3650367    100.3655622
     820.000      37.5341809     77.5817964     78.7715160    101.1512539
     830.000      36.7535712     78.5390192     79.1673672    101.9409571
     840.000      35.9634231     79.4894569     79.5529140    102.7345669
     850.000      35.1638045     80.4331501     79.9284701    103.5319821
     860.000      34.3547825     81.3701414     80.2943397    104.3331041
     870.000      33.5364239     82.3004755     80.6508175    105.1378376
     880.000      32.7087950     83.2241989     80.9981890    105.9460901
     890.000      31.8719618     84.1413597     81.3367305    106.7577719
     900.000      31.0259895     85.0520073     81.6667098    107.5727961
     910.000      30.1709432     85.9561926     81.9883858    108.3910784
     920.000      29.3068870     86.8539674     82.3020093    109.2125370
     930.000      28.4338850     87.7453845     82.6078230    110.0370926
     940.000      27.5520004     88.6304977     82.9060615    110.8646682
     950.000      26.6612959     89.5093615     83.1969520    111.6951893
     960.000      25.7618338     90.3820310     83.4807140    112.5285835
     970.000      24.8536757     91.2485617     83.7575602    113.3647805
     980.000      23.9368828     92.1090097     84.0276960    114.2037123
     990.000      23.0115156     92.9634315     84.2913202    115.0453128
    1000.000      22.0776341     93.8118836     84.5486249    115.8895177
                 _
   ___ _ __   __| |
  / _ \ '_ \ / _` |
 |  __/ | | | (_| |
  \___|_| |_|\__,_|

