32   
4    

1    
  0.0031845984893196   0.0000000020129867   0.0094793635050999
   0.0501620100   -0.0009713100   -0.0951051000
   0.0080346200   -0.0000323500    0.0054005000
   0.0189571900    0.0062070000    0.0053427500
   0.0189722900   -0.0064051100    0.0054455800
   0.0000370200   -0.0000333900    0.0000057900
   0.0000484700   -0.0000432100    0.0000124600
   0.0000575900   -0.0000126600    0.0000085500
   0.0000209700   -0.0000112700    0.0000135600
   0.0000131200    0.0000215000    0.0001785700
  -0.0000403900    0.0000228300    0.0000115200
  -0.0000160400    0.0000388200    0.0000264800
  -0.0000252400    0.0000165500    0.0000190300
   0.0000776800   -0.0000087400    0.0001855200
  -0.0001020700    0.0000338200    0.0000177500
  -0.0000557100    0.0000801900    0.0000071400
   0.0000221400   -0.0000042400    0.0000117900
  -0.0150159000    0.0005943500    0.0248057900
  -0.0025881600    0.0000103400    0.0033895900
  -0.0395321700    0.0142898200    0.0250070300
  -0.0389795600   -0.0137088800    0.0246279000
  -0.0000395400    0.0000670200    0.0000032100
  -0.0000258500    0.0000485400    0.0000006200
  -0.0000292300   -0.0000240900    0.0000051600
  -0.0000445300   -0.0000100800    0.0000048200
  -0.0000339400   -0.0000875700    0.0001096600
   0.0000508200   -0.0000362800    0.0001235200
  -0.0000278100   -0.0000058000   -0.0000635700
   0.0000542000    0.0000509300    0.0001245200
   0.0000084100   -0.0000617000    0.0001134900
   0.0000135000   -0.0000025700    0.0001174200
  -0.0000237000   -0.0000122500   -0.0000742800
   0.0000497800   -0.0000102100    0.0001232300

1    
 -0.0031845984893196  -0.0000000020129867  -0.0094793635050999
  -0.0502626800   -0.0009650500    0.0950765300
  -0.0079074300   -0.0000271800   -0.0054046700
  -0.0188964200   -0.0064400300   -0.0054595300
  -0.0188801200    0.0062366200   -0.0053591900
   0.0000501100   -0.0000290900   -0.0000129500
   0.0000540600   -0.0000421000   -0.0000101100
   0.0000687700   -0.0000134100   -0.0000133300
   0.0000254000   -0.0000158900   -0.0000089400
  -0.0002179200    0.0000188200   -0.0001808800
   0.0000589100    0.0000445800   -0.0000177700
  -0.0000932700   -0.0000632700   -0.0000106200
  -0.0000639300    0.0000970900   -0.0000023100
  -0.0001624600   -0.0000137800   -0.0001747800
   0.0000099000    0.0000170000   -0.0000111200
  -0.0001053000   -0.0000071400   -0.0000159500
  -0.0000483400    0.0001028100   -0.0000262600
   0.0149833100    0.0005955700   -0.0247985900
   0.0024961600    0.0000108500   -0.0033751000
   0.0389775000   -0.0137258400   -0.0246063200
   0.0395258900    0.0143012300   -0.0249865400
  -0.0000451000    0.0000619700   -0.0000085000
  -0.0000334100    0.0000451000   -0.0000019800
  -0.0000396100   -0.0000197900   -0.0000059700
  -0.0000502100   -0.0000070800   -0.0000070300
   0.0000935700    0.0000354700   -0.0001242800
   0.0000454100   -0.0000773100   -0.0001171100
   0.0001665300   -0.0000092100    0.0000722800
  -0.0000279400   -0.0000269100   -0.0001123400
   0.0000016600   -0.0000178200   -0.0001263800
   0.0001370200   -0.0001309700   -0.0001170400
   0.0001779100   -0.0000063200    0.0000610500
  -0.0000379700    0.0000710800   -0.0001142800

17   
  0.0031845984893196   0.0000000020129867   0.0094793635050999
  -0.0149780700   -0.0005702300    0.0247987700
  -0.0024794700   -0.0000283200    0.0033814700
  -0.0389053100    0.0136991300    0.0246041600
  -0.0395278600   -0.0142967800    0.0249964200
   0.0000471100   -0.0000269900    0.0000008800
   0.0000539500   -0.0000377800    0.0000011700
   0.0000685200   -0.0000179900    0.0000018800
   0.0000274000   -0.0000181800    0.0000065700
  -0.0000690200    0.0000297400    0.0001163500
  -0.0000795900    0.0000362200   -0.0000722200
  -0.0000782800    0.0000134800    0.0001373200
  -0.0000810200    0.0000092100    0.0001145800
  -0.0000082600   -0.0000210300    0.0001230100
  -0.0001307000    0.0000238800   -0.0000636000
  -0.0001155700    0.0000754500    0.0001027500
  -0.0000327700    0.0000163500    0.0001206100
   0.0501190800    0.0009937800   -0.0949073100
   0.0080646700    0.0000077400    0.0052839100
   0.0188876100    0.0063078900    0.0053255600
   0.0187933200   -0.0061275600    0.0052372600
  -0.0000505300    0.0000624100    0.0000037900
  -0.0000304600    0.0000475600   -0.0000070800
  -0.0000408200   -0.0000232400   -0.0000066000
  -0.0000463500   -0.0000063800   -0.0000072400
   0.0001080300   -0.0000236700    0.0000991800
   0.0000384000   -0.0000990800    0.0000819700
   0.0001423000    0.0000424000    0.0000988200
   0.0000110600    0.0000113600    0.0000794600
   0.0000003400    0.0000098600    0.0000735100
   0.0001436900   -0.0000632500    0.0001089900
   0.0001484200   -0.0000537300    0.0000859300
   0.0000001800    0.0000277700    0.0000797500

17   
 -0.0031845984893196  -0.0000000020129867  -0.0094793635050999
   0.0149991500   -0.0005695800   -0.0248147700
   0.0026047200   -0.0000323200   -0.0033829100
   0.0395486200   -0.0142972300   -0.0250184700
   0.0389176200    0.0136990800   -0.0246268600
   0.0000361100   -0.0000321000   -0.0000080600
   0.0000520000   -0.0000412600    0.0000005400
   0.0000572200   -0.0000177400   -0.0000066700
   0.0000202100   -0.0000144700   -0.0000024900
  -0.0001400700    0.0000081100   -0.0001184700
   0.0001008300    0.0000281000    0.0000642800
  -0.0000318300   -0.0000432200   -0.0001204900
  -0.0000120000    0.0001014000   -0.0000997400
  -0.0000824100    0.0000004400   -0.0001116600
   0.0000492100    0.0000226600    0.0000727300
  -0.0000380300   -0.0000108100   -0.0001105900
   0.0000034500    0.0000823200   -0.0001364800
  -0.0500012900    0.0009961700    0.0949272600
  -0.0081873500    0.0000122000   -0.0052657500
  -0.0188595200   -0.0060935900   -0.0052244600
  -0.0189499500    0.0062676700   -0.0053125800
  -0.0000398400    0.0000673500   -0.0000089100
  -0.0000238900    0.0000474300    0.0000046100
  -0.0000301600   -0.0000225700    0.0000057800
  -0.0000460300   -0.0000064700    0.0000046200
  -0.0000423300   -0.0000210800   -0.0001152900
   0.0000533300   -0.0000137900   -0.0000766500
   0.0000029100   -0.0000514200   -0.0000886300
   0.0000133600    0.0000136400   -0.0000693400
   0.0000084600   -0.0000817500   -0.0000850000
   0.0000038600   -0.0000707400   -0.0001063800
   0.0000101800    0.0000382600   -0.0000997800
   0.0000034500    0.0000353100   -0.0000693900
