        _                                    
  _ __ | |__   ___  _ __   ___   _ __  _   _ 
 | '_ \| '_ \ / _ \| '_ \ / _ \ | '_ \| | | |
 | |_) | | | | (_) | | | | (_) || |_) | |_| |
 | .__/|_| |_|\___/|_| |_|\___(_) .__/ \__, |
 |_|                            |_|    |___/
                                      1.10.0

Python version 2.7.12
Mesh sampling mode
Settings:
  Sampling mesh: [9 9 4]
  Supercell: [2 2 2]
Spacegroup: Cmcm (63)
Computing force constants...
Number of irreducible q-points on sampling mesh: 50/324
Calculating thermal properties...
#      T [K]      F [kJ/mol]    S [J/K/mol]  C_v [J/K/mol]     E [kJ/mol]
       0.000      16.0294562      0.0000000      0.0000000     16.0294562
      10.000      16.0281890      0.2970043      0.3357359     16.0311591
      20.000      16.0237334      0.5772171      0.4708503     16.0352777
      30.000      16.0168650      0.7909259      0.6055657     16.0405928
      40.000      16.0079401      0.9961638      0.8566017     16.0477867
      50.000      15.9968536      1.2273416      1.2562154     16.0582207
      60.000      15.9832421      1.5037206      1.8225465     16.0734654
      70.000      15.9665826      1.8390458      2.5819631     16.0953158
      80.000      15.9462255      2.2449879      3.5567216     16.1258246
      90.000      15.9214163      2.7307631      4.7511651     16.1671850
     100.000      15.8913249      3.3020044      6.1482930     16.2215254
     110.000      15.8550857      3.9602707      7.7145218     16.2907155
     120.000      15.8118365      4.7033467      9.4073829     16.3762381
     130.000      15.7607532      5.5260302     11.1825469     16.4791371
     140.000      15.7010745      6.4210755     12.9987362     16.6000251
     150.000      15.6321184      7.3800736     14.8204518     16.7391295
     160.000      15.5532894      8.3941673     16.6190081     16.8963562
     170.000      15.4640807      9.4545758     18.3724690     17.0713586
     180.000      15.3640714     10.5529465     20.0649755     17.2636018
     190.000      15.2529211     11.6815669     21.6858131     17.4724188
     200.000      15.1303626     12.8334720     23.2284290     17.6970570
     210.000      14.9961947     14.0024792     24.6895174     17.9367153
     220.000      14.8502741     15.1831746     26.0682262     18.1905725
     230.000      14.6925080     16.3708709     27.3654986     18.4578083
     240.000      14.5228468     17.5615479     28.5835460     18.7376183
     250.000      14.3412785     18.7517870     29.7254356     19.0292253
     260.000      14.1478222     19.9387037     30.7947765     19.3318852
     270.000      13.9425236     21.1198829     31.7954828     19.6448920
     280.000      13.7254504     22.2933183     32.7316012     19.9675795
     290.000      13.4966886     23.4573574     33.6071863     20.2993223
     300.000      13.2563391     24.6106522     34.4262135     20.6395348
     310.000      13.0045150     25.7521155     35.1925202     20.9876708
     320.000      12.7413391     26.8808829     35.9097683     21.3432217
     330.000      12.4669419     27.9962796     36.5814218     21.7057142
     340.000      12.1814598     29.0977916     37.2107360     22.0747090
     350.000      11.8850337     30.1850409     37.8007542     22.4497980
     360.000      11.5778075     31.2577642     38.3543109     22.8306026
     370.000      11.2599274     32.3157948     38.8740381     23.2167714
     380.000      10.9315408     33.3590470     39.3623739     23.6079787
     390.000      10.5927958     34.3875027     39.8215732     24.0039218
     400.000      10.2438400     35.4012001     40.2537189     24.4043200
     410.000       9.8848207     36.4002238     40.6607334     24.8089124
     420.000       9.5158840     37.3846972     41.0443896     25.2174568
     430.000       9.1371747     38.3547747     41.4063223     25.6297278
     440.000       8.7488359     39.3106364     41.7480388     26.0455159
     450.000       8.3510087     40.2524826     42.0709286     26.4646259
     460.000       7.9438322     41.1805299     42.3762731     26.8868760
     470.000       7.5274433     42.0950073     42.6652545     27.3120968
     480.000       7.1019765     42.9961534     42.9389636     27.7401302
     490.000       6.6675639     43.8842135     43.1984072     28.1708285
     500.000       6.2243351     44.7594377     43.4445157     28.6040539
     510.000       5.7724171     45.6220788     43.6781488     29.0396773
     520.000       5.3119346     46.4723911     43.9001016     29.4775779
     530.000       4.8430095     47.3106289     44.1111100     29.9176428
     540.000       4.3657614     48.1370454     44.3118555     30.3597659
     550.000       3.8803072     48.9518921     44.5029695     30.8038478
     560.000       3.3867613     49.7554176     44.6850379     31.2497952
     570.000       2.8852357     50.5478676     44.8586041     31.6975203
     580.000       2.3758401     51.3294837     45.0241730     32.1469406
     590.000       1.8586814     52.1005038     45.1822140     32.5979786
     600.000       1.3338645     52.8611612     45.3331636     33.0505612
     610.000       0.8014919     53.6116847     45.4774281     33.5046196
     620.000       0.2616639     54.3522983     45.6153861     33.9600888
     630.000      -0.2855217     55.0832210     45.7473906     34.4169075
     640.000      -0.8399690     55.8046669     45.8737708     34.8750179
     650.000      -1.4015842     56.5168452     45.9948343     35.3343652
     660.000      -1.9702757     57.2199598     46.1108682     35.7948978
     670.000      -2.5459538     57.9142097     46.2221413     36.2565667
     680.000      -3.1285310     58.5997890     46.3289048     36.7193256
     690.000      -3.7179213     59.2768868     46.4313943     37.1831305
     700.000      -4.3140410     59.9456871     46.5298302     37.6479400
     710.000      -4.9168080     60.6063695     46.6244194     38.1137143
     720.000      -5.5261419     61.2591085     46.7153560     38.5804162
     730.000      -6.1419643     61.9040742     46.8028222     39.0480099
     740.000      -6.7641981     62.5414320     46.8869892     39.5164616
     750.000      -7.3927681     63.1713431     46.9680182     39.9857392
     760.000      -8.0276006     63.7939640     47.0460605     40.4558120
     770.000      -8.6686236     64.4094474     47.1212588     40.9266509
     780.000      -9.3157663     65.0179416     47.1937474     41.3982282
     790.000      -9.9689596     65.6195910     47.2636530     41.8705173
     800.000     -10.6281358     66.2145360     47.3310951     42.3434930
     810.000     -11.2932284     66.8029133     47.3961863     42.8171313
     820.000     -11.9641726     67.3848559     47.4590332     43.2914093
     830.000     -12.6409045     67.9604932     47.5197363     43.7663049
     840.000     -13.3233618     68.5299512     47.5783907     44.2417972
     850.000     -14.0114834     69.0933523     47.6350864     44.7178661
     860.000     -14.7052091     69.6508160     47.6899085     45.1944926
     870.000     -15.4044803     70.2024582     47.7429377     45.6716583
     880.000     -16.1092392     70.7483919     47.7942503     46.1493457
     890.000     -16.8194295     71.2887273     47.8439188     46.6275379
     900.000     -17.5349955     71.8235714     47.8920119     47.1062188
     910.000     -18.2558829     72.3530286     47.9385946     47.5853731
     920.000     -18.9820384     72.8772003     47.9837290     48.0649859
     930.000     -19.7134096     73.3961856     48.0274738     48.5450430
     940.000     -20.4499452     73.9100809     48.0698849     49.0255309
     950.000     -21.1915946     74.4189800     48.1110153     49.5064364
     960.000     -21.9383084     74.9229745     48.1509157     49.9877471
     970.000     -22.6900380     75.4221535     48.1896340     50.4694508
     980.000     -23.4467357     75.9166038     48.2272161     50.9515360
     990.000     -24.2083546     76.4064102     48.2637056     51.4339915
    1000.000     -24.9748487     76.8916553     48.2991440     51.9168066
                 _ 
   ___ _ __   __| |
  / _ \ '_ \ / _` |
 |  __/ | | | (_| |
  \___|_| |_|\__,_|

