32   
4    

1    
  0.0052442158110117   0.0000000033148720   0.0085145875136453
  -0.0032654400   -0.0020663500   -0.0562460200
   0.0409979800   -0.0002428500   -0.0004141100
   0.0311486000   -0.0059244700   -0.0004344900
   0.0310669600    0.0054938900   -0.0003942900
  -0.0018198500   -0.0000270800    0.0042619200
  -0.0003068100    0.0000518600    0.0124736400
  -0.0012371700   -0.0005360000    0.0124698400
  -0.0011276500    0.0004724900    0.0124782700
   0.0083178800   -0.0000308500   -0.0193733200
   0.0049168500    0.0012251500   -0.0041638300
  -0.0005534800   -0.0031947900   -0.0048376800
   0.0013974100    0.0019912900   -0.0036126500
   0.0081776600   -0.0000323600   -0.0174394900
   0.0048509400   -0.0010423600   -0.0044188500
   0.0013385400   -0.0020626800   -0.0037588300
  -0.0006370300    0.0031288100   -0.0049543900
  -0.0222743900    0.0006274200   -0.0012348400
  -0.0103104000    0.0001022000    0.0026556700
  -0.0367587000    0.0087202100   -0.0009245400
  -0.0343003500   -0.0065880300   -0.0015134800
   0.0024483800   -0.0000892500   -0.0058626000
   0.0005459800    0.0000245400    0.0053053800
   0.0010325100    0.0008114300   -0.0058590800
   0.0012332000   -0.0007074100   -0.0058694400
  -0.0051494800   -0.0030232200    0.0146073000
  -0.0074529900    0.0042581500    0.0159847300
   0.0000073200   -0.0000615400    0.0001074500
   0.0000073100   -0.0012263700    0.0152432300
  -0.0072156200   -0.0042319600    0.0158808400
  -0.0052570800    0.0030162000    0.0145790200
   0.0001355600   -0.0000653000   -0.0000166900
   0.0000433900    0.0012292200    0.0152813600

1    
 -0.0052442158110117  -0.0000000033148720  -0.0085145875136453
   0.0032032200   -0.0020622400    0.0562356500
  -0.0409396700   -0.0002422600    0.0004130900
  -0.0310244700    0.0054844800    0.0003930600
  -0.0311065700   -0.0059165700    0.0004338300
   0.0018745800   -0.0000270700   -0.0042611800
   0.0003685500    0.0000519500   -0.0124752100
   0.0011885000    0.0004719500   -0.0124801700
   0.0012977100   -0.0005352800   -0.0124709600
  -0.0082446300   -0.0000303400    0.0174393000
  -0.0049116000   -0.0010384300    0.0044188300
   0.0005727100    0.0031272000    0.0049530400
  -0.0013972600   -0.0020650900    0.0037601000
  -0.0083860500   -0.0000323400    0.0193722600
  -0.0049781600    0.0012222600    0.0041640300
  -0.0014567400    0.0019942700    0.0036146500
   0.0004894800   -0.0031932600    0.0048359300
   0.0222522700    0.0006261800    0.0012333600
   0.0102628100    0.0001023800   -0.0026532900
   0.0343130900   -0.0066089100    0.0015126200
   0.0367666500    0.0087382900    0.0009228400
  -0.0025051100   -0.0000886400    0.0058634200
  -0.0005977500    0.0000244500   -0.0053068900
  -0.0012856200   -0.0007102200    0.0058696000
  -0.0010852200    0.0008138900    0.0058594500
   0.0053256100    0.0030243000   -0.0145723100
   0.0072623800   -0.0042321900   -0.0158812000
  -0.0000797500   -0.0000626300    0.0000162400
   0.0000084500    0.0012177900   -0.0152775900
   0.0074997900    0.0042584100   -0.0159839700
   0.0052188700   -0.0030317500   -0.0146012100
   0.0000490500   -0.0000649500   -0.0001076500
   0.0000448900   -0.0012156500   -0.0152396800

17   
  0.0052442158110117   0.0000000033148720   0.0085145875136453
  -0.0304150000   -0.0005586600   -0.0011120200
  -0.0113891200   -0.0001141600    0.0021466800
  -0.0507106300    0.0113055600   -0.0012868200
  -0.0534884800   -0.0137429000   -0.0009166700
   0.0029931100   -0.0000231800   -0.0057357100
   0.0005826200   -0.0000098200    0.0057101700
   0.0014398600    0.0008968200   -0.0057382700
   0.0014770000   -0.0008776800   -0.0057310900
   0.0001553400    0.0024814000    0.0144442700
   0.0002964100    0.0000436100    0.0000170500
  -0.0054045000    0.0031763600    0.0150687000
  -0.0099531300   -0.0058738300    0.0135332100
  -0.0000351300   -0.0027273900    0.0141814600
   0.0001423100    0.0000338800    0.0002073900
  -0.0097501900    0.0055826000    0.0135513200
  -0.0052892700   -0.0030615600    0.0150912100
   0.0399139100    0.0024360600   -0.1237866000
   0.0414382700    0.0001835800    0.0044151800
   0.0354661800   -0.0031089700    0.0044314300
   0.0355944200    0.0037239800    0.0043980400
  -0.0016761000    0.0000088200    0.0051078000
  -0.0015804500    0.0000232600    0.0055802000
  -0.0014247400    0.0000644000    0.0055545300
  -0.0014584900   -0.0000889200    0.0056068100
  -0.0038998600    0.0047408300    0.0020568700
   0.0001324400   -0.0023201200    0.0047404000
   0.0042226400   -0.0024342200    0.0033413100
   0.0110047100    0.0001248400   -0.0024919700
   0.0004417200    0.0021256400    0.0046273000
  -0.0037850100   -0.0044803700    0.0021738500
   0.0040428000    0.0023409600    0.0034557000
   0.0109163500    0.0001291900   -0.0026417400

17   
 -0.0052442158110117  -0.0000000033148720  -0.0085145875136453
   0.0304551000   -0.0005702100    0.0011057600
   0.0114689300   -0.0001233500   -0.0021515500
   0.0534878600   -0.0137082100    0.0009135800
   0.0507075300    0.0112881300    0.0012821400
  -0.0029153600   -0.0000343100    0.0057412800
  -0.0004905600   -0.0000185800   -0.0057054800
  -0.0013917500   -0.0008712900    0.0057365400
  -0.0013497600    0.0009101900    0.0057438100
  -0.0000521800   -0.0027249000   -0.0141859600
  -0.0002266200    0.0000288600   -0.0002078300
   0.0051990400   -0.0030568900   -0.0150898600
   0.0096499900    0.0055814200   -0.0135629100
  -0.0002419900    0.0024552500   -0.0144476500
  -0.0003806300    0.0000282300   -0.0000168400
   0.0098513400   -0.0058513900   -0.0135453700
   0.0053173800    0.0031921800   -0.0150662700
  -0.0398116900    0.0024459400    0.1238184100
  -0.0415132900    0.0001914500   -0.0044166300
  -0.0356526600    0.0037248900   -0.0044031600
  -0.0355238400   -0.0031239500   -0.0044365400
   0.0015891500    0.0000145900   -0.0050997800
   0.0014998900    0.0000318300   -0.0055750400
   0.0013760100   -0.0000986300   -0.0055989400
   0.0013446600    0.0000592200   -0.0055466900
   0.0038642200   -0.0044797000   -0.0021819400
  -0.0003610700    0.0021148700   -0.0046284900
  -0.0039511600    0.0023477100   -0.0034605500
  -0.0108279100    0.0001340900    0.0026418400
  -0.0000493100   -0.0023240900   -0.0047407200
   0.0039758300    0.0047259600   -0.0020634800
  -0.0041325400   -0.0024227900   -0.0033447100
  -0.0109145900    0.0001334700    0.0024930400
