32   
4    

1    
  0.0033672570199121  -0.0000013101345137   0.0094160277423869
  -0.2183011000    0.0076263500   -0.1343461500
   0.0273404500    0.0066971600   -0.0054938400
  -0.0083535100   -0.0139263400   -0.0054300300
  -0.0084444900    0.0274263900   -0.0056544000
  -0.0132894100    0.0064612900    0.0016433700
  -0.0132587500    0.0064548100    0.0016628800
  -0.0132714600    0.0064516600    0.0016624300
  -0.0132736900    0.0064624400    0.0016605200
   0.0119291300   -0.0076940700   -0.0017433200
   0.0117906500   -0.0077603800   -0.0017895700
   0.0119206000   -0.0076093100   -0.0017636100
   0.0117802700   -0.0076903700   -0.0012406700
   0.0115508000   -0.0056618600   -0.0018052500
   0.0116703500   -0.0057308100   -0.0017611200
   0.0116698300   -0.0058019900   -0.0017850500
   0.0115238400   -0.0057340600   -0.0011883500
   0.0089341600   -0.0062861100    0.0121933000
   0.0355154400   -0.0070047600    0.0475635600
   0.0801446100    0.0193690500    0.0479690300
   0.0802161700   -0.0321380600    0.0471087500
   0.0126519500   -0.0061474700   -0.0002477800
   0.0126429000   -0.0061499300   -0.0002338600
   0.0126448300   -0.0061427800   -0.0002380600
   0.0126512200   -0.0061543600   -0.0002333000
  -0.0115739300    0.0074053400    0.0005686200
  -0.0112214100    0.0074868400    0.0005835500
  -0.0114648400    0.0071466900    0.0005809900
  -0.0113421800    0.0073496100    0.0000188400
  -0.0105487800    0.0051973900    0.0005891700
  -0.0108313100    0.0052871100    0.0005593700
  -0.0107680900    0.0054866800    0.0005659500
  -0.0106342300    0.0053238500    0.0000240200

1    
 -0.0033672570199121   0.0000013101345137  -0.0094160277423869
   0.1952442300    0.0071580300    0.1344916400
  -0.0503191800    0.0062151300    0.0056007300
  -0.0145506900    0.0268862500    0.0056637500
  -0.0146450500   -0.0144450800    0.0056352000
  -0.0084605600    0.0066186900   -0.0015683200
  -0.0084744700    0.0066203800   -0.0015864600
  -0.0084675600    0.0066238100   -0.0015870300
  -0.0084676000    0.0066174000   -0.0015855900
   0.0122000700   -0.0082027500    0.0016704600
   0.0123158700   -0.0081204000    0.0017137200
   0.0121894100   -0.0082714100    0.0016907900
   0.0123438700   -0.0081966100    0.0010984900
   0.0119156900   -0.0059400900    0.0016916800
   0.0117829100   -0.0058675600    0.0016452000
   0.0117894900   -0.0057847500    0.0016698200
   0.0119310300   -0.0058554400    0.0011405400
   0.0127691800   -0.0059495300   -0.0122051700
  -0.0138525400   -0.0064758400   -0.0475731500
  -0.0587204200   -0.0318342300   -0.0471570700
  -0.0582692200    0.0196462400   -0.0479388000
   0.0077246600   -0.0061405100    0.0001928700
   0.0077230600   -0.0061403000    0.0001804100
   0.0077254400   -0.0061427400    0.0001804400
   0.0077227900   -0.0061416200    0.0001817300
  -0.0117156500    0.0078032200   -0.0005373600
  -0.0120012900    0.0077174200   -0.0005539000
  -0.0117813400    0.0080029800   -0.0005459600
  -0.0119256000    0.0078450600    0.0000039600
  -0.0111087400    0.0055832300   -0.0005709100
  -0.0107638200    0.0054935500   -0.0005265000
  -0.0108561900    0.0052375800   -0.0005317100
  -0.0109977700    0.0054398800    0.0000165200

17   
  0.0033672570199121  -0.0000013101345137   0.0094160277423869
  -0.0135509900    0.0068733500    0.0109496500
   0.0130327800    0.0074038700    0.0463250700
   0.0579143300    0.0327562900    0.0459041800
   0.0574688900   -0.0187352400    0.0466895800
  -0.0119420700    0.0070503400   -0.0015195400
  -0.0119411200    0.0070519400   -0.0015079800
  -0.0119417700    0.0070502200   -0.0015099400
  -0.0119412800    0.0070515400   -0.0015042700
   0.0116681100   -0.0079486900    0.0018309800
   0.0117492100   -0.0078785700    0.0019300100
   0.0116504800   -0.0079573800    0.0018777300
   0.0117694000   -0.0079257800    0.0013203900
   0.0106796200   -0.0051158700    0.0018331400
   0.0106089200   -0.0050061900    0.0017109600
   0.0105515500   -0.0050255400    0.0017642300
   0.0107047600   -0.0050532700    0.0012188600
  -0.1957073200   -0.0073845200   -0.1353363000
   0.0497243600   -0.0064490500   -0.0073486100
   0.0143846500   -0.0268725800   -0.0074086600
   0.0144826000    0.0139743600   -0.0073917000
   0.0111702200   -0.0066027300    0.0001899800
   0.0111658100   -0.0066022500    0.0000961900
   0.0111679700   -0.0066024900    0.0000967000
   0.0111670500   -0.0066036900    0.0000966100
  -0.0114673700    0.0076255000    0.0000253800
  -0.0111579300    0.0076348300    0.0001107100
  -0.0113189200    0.0073681000    0.0000545500
  -0.0113039400    0.0075354900   -0.0001490400
  -0.0095371300    0.0045013500    0.0000389600
  -0.0098466800    0.0045096900   -0.0000951800
  -0.0096971800    0.0047730000   -0.0000434800
  -0.0097070200    0.0046039800   -0.0002491800

17   
 -0.0033672570199121   0.0000013101345137  -0.0094160277423869
  -0.0076186800    0.0063816100   -0.0112031300
  -0.0342122500    0.0070877600   -0.0465704500
  -0.0788390900   -0.0192754200   -0.0469761700
  -0.0788995700    0.0322207700   -0.0461223400
  -0.0153339500    0.0060946600    0.0012193700
  -0.0153320600    0.0060946800    0.0012077500
  -0.0153328500    0.0060942200    0.0012049400
  -0.0153339700    0.0060962200    0.0012093800
   0.0131407200   -0.0082601300   -0.0014946500
   0.0130654500   -0.0083251500   -0.0015906600
   0.0131564400   -0.0082469800   -0.0015365800
   0.0130400000   -0.0082787600   -0.0009919900
   0.0123290200   -0.0062305000   -0.0016261900
   0.0124030800   -0.0063513400   -0.0015104200
   0.0124671000   -0.0063302900   -0.0015639600
   0.0123116900   -0.0063011600   -0.0010059300
   0.2154948400   -0.0067903400    0.1353361000
  -0.0299166800   -0.0058738400    0.0073896800
   0.0053029100    0.0144807400    0.0073271400
   0.0053977800   -0.0263309700    0.0075617200
   0.0147715100   -0.0058254200   -0.0002174800
   0.0147700300   -0.0058248000   -0.0001236600
   0.0147708700   -0.0058252800   -0.0001237100
   0.0147707400   -0.0058258100   -0.0001240800
  -0.0124490000    0.0078486100    0.0000336400
  -0.0127541200    0.0078427400   -0.0000508800
  -0.0125989000    0.0081082300    0.0000001100
  -0.0126137700    0.0079398600    0.0002007400
  -0.0116543600    0.0060020800   -0.0000947000
  -0.0113416600    0.0059820800    0.0000452900
  -0.0114838000    0.0057265900   -0.0000103100
  -0.0114774500    0.0058953300    0.0002014200
