        _
  _ __ | |__   ___  _ __   ___   _ __  _   _
 | '_ \| '_ \ / _ \| '_ \ / _ \ | '_ \| | | |
 | |_) | | | | (_) | | | | (_) || |_) | |_| |
 | .__/|_| |_|\___/|_| |_|\___(_) .__/ \__, |
 |_|                            |_|    |___/
                                     1.10.10

Python version 2.7.6
Spglib version 1.9.2
Mesh sampling mode
Settings:
  Sampling mesh: [9 9 4]
  Supercell: [2 2 2]
Spacegroup: Cmcm (63)
Computing force constants...
Number of irreducible q-points on sampling mesh: 50/324
Calculating thermal properties...
#      T [K]      F [kJ/mol]    S [J/K/mol]  C_v [J/K/mol]     E [kJ/mol]
       0.000      65.9768675      0.0000000      0.0000000     65.9768675
      10.000      65.9768522      0.0070651      0.0207278     65.9769229
      20.000      65.9766511      0.0357139      0.0735715     65.9773654
      30.000      65.9760705      0.0850977      0.1948609     65.9786234
      40.000      65.9748266      0.1710592      0.4364316     65.9816690
      50.000      65.9724842      0.3063147      0.8119527     65.9878000
      60.000      65.9685145      0.4972234      1.3196058     65.9983479
      70.000      65.9623434      0.7470212      1.9601199     66.0146348
      80.000      65.9533705      1.0578559      2.7351121     66.0379990
      90.000      65.9409780      1.4311261      3.6426187     66.0697794
     100.000      65.9245381      1.8673264      4.6758023     66.1112708
     110.000      65.9034233      2.3659526      5.8236932     66.1636781
     120.000      65.8770158      2.9255452      7.0725030     66.2280812
     130.000      65.8447167      3.5438220      8.4069287     66.3054136
     140.000      65.8059534      4.2178530      9.8112965     66.3964529
     150.000      65.7601851      4.9442469     11.2704907     66.5018221
     160.000      65.7069062      5.7193299     12.7706340     66.6219990
     170.000      65.6456488      6.5393031     14.2995115     66.7573304
     180.000      65.5759832      7.4003726     15.8467571     66.9080502
     190.000      65.4975167      8.2988496     17.4038508     67.0742981
     200.000      65.4098932      9.2312200     18.9639806     67.2561372
     210.000      65.3127904     10.1941888     20.5218240     67.4535700
     220.000      65.2059176     11.1847031     22.0732964     67.6665523
     230.000      65.0890138     12.1999584     23.6152976     67.8950043
     240.000      64.9618446     13.2373928     25.1454807     68.1388188
     250.000      64.8241999     14.2946745     26.6620529     68.3978685
     260.000      64.6758920     15.3696839     28.1636145     68.6720098
     270.000      64.5167535     16.4604941     29.6490337     68.9610869
     280.000      64.3466353     17.5653506     31.1173552     69.2649335
     290.000      64.1654051     18.6826523     32.5677356     69.5833742
     300.000      63.9729457     19.8109338     33.9994019     69.9162258
     310.000      63.7691543     20.9488490     35.4116267     70.2632975
     320.000      63.5539407     22.0951578     36.8037158     70.6243912
     330.000      63.3272270     23.2487135     38.1750045     70.9993024
     340.000      63.0889459     24.4084530     39.5248592     71.3878199
     350.000      62.8390406     25.5733874     40.8526821     71.7897262
     360.000      62.5774639     26.7425954     42.1579175     72.2047982
     370.000      62.3041773     27.9152168     43.4400583     72.6328075
     380.000      62.0191509     29.0904474     44.6986516     73.0735209
     390.000      61.7223622     30.2675348     45.9333035     73.5267008
     400.000      61.4137963     31.4457743     47.1436830     73.9921060
     410.000      61.0934451     32.6245062     48.3295237     74.4694926
     420.000      60.7613066     33.8031129     49.4906246     74.9586140
     430.000      60.4173852     34.9810163     50.6268503     75.4592222
     440.000      60.0616904     36.1576760     51.7381291     75.9710679
     450.000      59.6942375     37.3325869     52.8244511     76.4939016
     460.000      59.3150461     38.5052777     53.8858651     77.0274739
     470.000      58.9241408     39.6753094     54.9224750     77.5715362
     480.000      58.5215502     40.8422730     55.9344365     78.1258412
     490.000      58.1073068     42.0057890     56.9219524     78.6901434
     500.000      57.6814470     43.1655051     57.8852687     79.2641996
     510.000      57.2440105     44.3210953     58.8246703     79.8477691
     520.000      56.7950399     45.4722585     59.7404770     80.4406143
     530.000      56.3345810     46.6187173     60.6330390     81.0425011
     540.000      55.8626821     47.7602163     61.5027332     81.6531989
     550.000      55.3793940     48.8965217     62.3499594     82.2724809
     560.000      54.8847697     50.0274195     63.1751370     82.9001246
     570.000      54.3788643     51.1527146     63.9787011     83.5359116
     580.000      53.8617347     52.2722300     64.7611003     84.1796281
     590.000      53.3334395     53.3858053     65.5227929     84.8310646
     600.000      52.7940388     54.4932960     66.2642451     85.4900164
     610.000      52.2435943     55.5945727     66.9859284     86.1562836
     620.000      51.6821685     56.6895197     67.6883171     86.8296707
     630.000      51.1098253     57.7780348     68.3718871     87.5099872
     640.000      50.5266295     58.8600278     69.0371137     88.1970473
     650.000      49.9326468     59.9354202     69.6844701     88.8906699
     660.000      49.3279433     61.0041445     70.3144263     89.5906787
     670.000      48.7125863     62.0661428     70.9274477     90.2969020
     680.000      48.0866431     63.1213671     71.5239945     91.0091727
     690.000      47.4501817     64.1697780     72.1045202     91.7273285
     700.000      46.8032703     65.2113441     72.6694714     92.4512112
     710.000      46.1459777     66.2460419     73.2192867     93.1806674
     720.000      45.4783724     67.2738549     73.7543968     93.9155479
     730.000      44.8005236     68.2947729     74.2752235     94.6557078
     740.000      44.1125000     69.3087922     74.7821794     95.4010062
     750.000      43.4143707     70.3159144     75.2756682     96.1513065
     760.000      42.7062047     71.3161465     75.7560836     96.9064760
     770.000      41.9880707     72.3095002     76.2238101     97.6663859
     780.000      41.2600375     73.2959918     76.6792222     98.4309111
     790.000      40.5221737     74.2756415     77.1226848     99.1999305
     800.000      39.7745474     75.2484734     77.5545527     99.9733262
     810.000      39.0172268     76.2145150     77.9751715    100.7509840
     820.000      38.2502797     77.1737970     78.3848766    101.5327932
     830.000      37.4737733     78.1263529     78.7839942    102.3186463
     840.000      36.6877749     79.0722190     79.1728410    103.1084389
     850.000      35.8923511     80.0114338     79.5517241    103.9020699
     860.000      35.0875683     80.9440382     79.9209419    104.6994411
     870.000      34.2734922     81.8700750     80.2807834    105.5004575
     880.000      33.4501885     82.7895886     80.6315292    106.3050265
     890.000      32.6177221     83.7026254     80.9734509    107.1130586
     900.000      31.7761574     84.6092328     81.3068120    107.9244670
     910.000      30.9255587     85.5094599     81.6318675    108.7391672
     920.000      30.0659893     86.4033567     81.9488647    109.5570775
     930.000      29.1975125     87.2909741     82.2580428    110.3781184
     940.000      28.3201906     88.1723643     82.5596337    111.2022130
     950.000      27.4340858     89.0475798     82.8538617    112.0292865
     960.000      26.5392594     89.9166740     83.1409441    112.8592664
     970.000      25.6357725     90.7797008     83.4210909    113.6920823
     980.000      24.7236854     91.6367147     83.6945059    114.5276658
     990.000      23.8030581     92.4877703     83.9613859    115.3659506
    1000.000      22.8739497     93.3329227     84.2219214    116.2068724
                 _
   ___ _ __   __| |
  / _ \ '_ \ / _` |
 |  __/ | | | (_| |
  \___|_| |_|\__,_|

