   4 1   1    0.1    -8.0    0.0                                                                                                                                                                         
  30778.1607
  15142.3486
     37.6582
    630.0617
   6403.5931
   4522.8560
     37.6582
     78.0043
   1485.3617
   1265.2775
     37.6582
     40.1427
    381.2487
    360.5676
     37.6582
     37.8157
    121.8580
    120.0014
     37.6582
     37.6582
   4 1   2    0.1    -1.0  200.0                                                                                                                                                                         
     37.8837
     37.7107
     37.6582
     37.6447
   4 1   3    0.1    -1.0   15.0                                                                                                                                                                         
   1568.8880
   1904.2273
     37.6346
     41.7518
    440.2195
    480.8095
     37.6346
     37.8975
    141.0155
    145.4627
     37.6346
     37.6548
   4 1   7    0.1   600.0 1200.0                                                                                                                                                                         
     37.6839
     37.6890
     37.6548
     37.6548
   4 1   8    0.1    -3.0   12.0                                                                                                                                                                         
   4892.5593
   7023.2481
     37.6548
     85.8143
   1371.4494
   1619.9165
     37.6548
     40.6552
    389.3187
    412.2638
     37.6548
     37.8335
    128.9348
    127.7719
     37.6548
     37.6548
   4 1   9    0.1    -3.0    3.0                                                                                                                                                                         
   1023.3642
   1519.5581
     37.6548
     50.6425
    312.4898
    366.0728
     37.6548
     38.4560
    111.2151
    114.0641
     37.6548
     37.6799
   4 1  10    0.1    -3.0    1.0                                                                                                                                                                         
  30734.4013
  15158.2509
     37.6799
    627.4989
   6386.7203
   4533.0535
     37.6799
     79.1273
   1477.9521
   1271.0666
     37.6799
     40.4249
    377.7841
    363.6606
     37.6799
     37.7636
   4 1   1    0.1    -8.0    0.0                                                                                                                                                                         
  30661.3506
  15183.3828
     37.7636
    627.4989
   6358.9496
   4549.4386
     37.7636
     79.1273
   1465.8674
   1280.4592
     37.7636
     40.4249
    372.1792
    368.7198
     37.7636
     37.8898
    114.8436
    126.9077
     37.7636
     37.6389
   4 1   2    0.1    -1.0  200.0                                                                                                                                                                         
     37.8224
     37.7334
     37.6389
     37.6353
   4 1   3    0.1    -1.0   15.0                                                                                                                                                                         
   1567.4033
   1906.0966
     37.6353
     41.6714
    439.4345
    481.6914
     37.6353
     37.8783
    140.6120
    145.8914
     37.6353
     37.6505
   4 1   7    0.1   600.0 1200.0                                                                                                                                                                         
     37.6868
     37.6775
     37.6505
     37.6504
   4 1   8    0.1    -3.0   12.0                                                                                                                                                                         
   4890.6003
   7019.8452
     37.6504
     85.7861
   1370.8713
   1619.1896
     37.6504
     40.6488
    389.1554
    412.0969
     37.6504
     37.8289
    128.8868
    127.7309
     37.6504
     37.6347
   4 1   9    0.1    -3.0    3.0                                                                                                                                                                         
   1019.0455
   1526.1690
     37.6347
     50.5833
    310.0916
    369.0055
     37.6347
     38.5027
    109.9422
    115.4401
     37.6347
     37.6892
   4 1  10    0.1    -3.0    1.0                                                                                                                                                                         
  30722.5766
  15163.9168
     37.6892
    628.7874
   6381.8884
   4536.4096
     37.6892
     79.4755
   1475.7631
   1272.9037
     37.6892
     40.5140
    376.7449
    364.6260
     37.6892
     37.7808
   4 1   1    0.1    -8.0    0.0                                                                                                                                                                         
  30649.5426
  15189.0526
     37.7808
    628.7874
   6354.1293
   4552.8003
     37.7808
     79.4755
   1463.6880
   1282.3029
     37.7808
     40.5140
    371.1487
    369.6924
     37.7808
     37.7808
   4 1   2    0.1    -1.0  200.0                                                                                                                                                                         
     38.2018
     37.6374
     37.7808
     37.6373
   4 1   3    0.1    -1.0   15.0                                                                                                                                                                         
   1567.5023
   1906.2138
     37.6373
     41.8398
    439.4623
    481.7204
     37.6373
     37.8803
    140.6208
    145.8998
     37.6373
     37.6525
   4 1   7    0.1   600.0 1200.0                                                                                                                                                                         
     37.6881
     37.6803
     37.6525
     37.6524
   4 1   8    0.1    -3.0   12.0                                                                                                                                                                         
   4885.0315
   7010.8696
     37.6524
     85.7050
   1369.2030
   1617.3345
     37.6524
     40.9100
    388.6731
    411.7082
     37.6524
     37.8296
    128.7446
    127.6588
     37.6524
     37.6524
   4 1   9    0.1    -3.0    3.0                                                                                                                                                                         
   1022.2023
   1517.9787
     37.6524
     50.6127
    312.1282
    365.7678
     37.6524
     38.4499
    111.1003
    114.0101
     37.6524
     37.6773
   4 1  10    0.1    -3.0    1.0                                                                                                                                                                         
  30738.7591
  15159.5517
     37.6773
    627.4654
   6387.8074
   4533.3082
     37.6773
     79.1034
   1478.2815
   1271.0645
     37.6773
     40.4165
    377.9005
    363.6218
     37.6773
     37.8859
    117.5331
    124.2013
     37.6773
     37.6369
   4 1   1    0.1    -8.0    0.0                                                                                                                                                                         
  30811.9325
  15134.4291
     37.6369
    627.4654
   6415.6530
   4516.9455
     37.6369
     79.1034
   1490.4236
   1261.7037
     37.6369
     40.4165
    383.5554
    358.5998
     37.6369
     37.8859
    120.2236
    121.5656
     37.6369
     37.6369
   4 1   2    0.1    -1.0  200.0                                                                                                                                                                         
     37.8182
     37.7329
     37.6369
     37.6336
   4 1   3    0.1    -1.0   15.0                                                                                                                                                                         
   1567.5733
   1906.3154
     37.6336
     41.8359
    439.4767
    481.7433
     37.6336
     37.8765
    140.6209
    145.9033
     37.6336
     37.6488
   4 1   7    0.1   600.0 1200.0                                                                                                                                                                         
     37.6843
     37.6765
     37.6488
     37.6486
   4 1   8    0.1    -3.0   12.0                                                                                                                                                                         
   4883.0214
   7007.3990
     37.6486
     85.6768
   1368.6111
   1616.5930
     37.6486
     40.6355
    388.5065
    411.5384
     37.6486
     37.8256
    128.6962
    127.6176
     37.6486
     37.6333
   4 1   9    0.1    -3.0    3.0                                                                                                                                                                         
   1017.8782
   1524.5659
     37.6333
     50.5541
    309.7306
    368.6943
     37.6333
     38.4971
    109.8290
    115.3846
     37.6333
     37.6871
   4 1  10    0.1    -3.0    1.0                                                                                                                                                                         
  30726.6008
  15165.0502
     37.6871
    628.7475
   6382.9077
   4536.6145
     37.6871
     79.4516
   1476.0779
   1272.8880
     37.6871
     40.5060
    376.8584
    364.5838
     37.6871
     37.7781
   4 1   7    0.1   600.0 1200.0                                                                                                                                                                         
     37.7249
     37.8947
     37.7781
     37.7212
   4 1   1    0.1    -8.0    0.0                                                                                                                                                                         
  30735.7493
  15132.6604
     37.7212
    624.1101
   6392.5334
   4521.6480
     37.7212
     78.3561
   1481.8280
   1265.8795
     37.7212
     40.2808
    379.9458
    361.2346
     37.7212
     37.8941
    121.3340
    120.4532
     37.7212
     37.7212
   4 1   2    0.1    -1.0  200.0                                                                                                                                                                         
     37.9662
     37.7530
     37.7212
     37.7007
   4 1   3    0.1    -1.0   15.0                                                                                                                                                                         
   1565.9841
   1904.3568
     37.7007
     41.8985
    439.1091
    481.3287
     37.7007
     37.9433
    140.5768
    145.8528
     37.7007
     37.7158
   4 1   7    0.1   600.0 1200.0                                                                                                                                                                         
     37.7544
     37.7405
     37.7158
     37.7154
   4 1   8    0.1    -3.0   12.0                                                                                                                                                                         
   4873.3855
   6988.8552
     37.7154
     85.7425
   1366.2207
   1612.1982
     37.7154
     40.9906
    388.0632
    410.3956
     37.7154
     37.8970
    128.7043
    127.3138
     37.7154
     37.7154
   4 1   9    0.1    -3.0    3.0                                                                                                                                                                         
   1020.5505
   1514.0542
     37.7154
     50.4542
    311.8193
    364.8153
     37.7154
     38.5222
    111.1218
    113.7702
     37.7154
     37.7413
   4 1  10    0.1    -3.0    1.0                                                                                                                                                                         
  30704.3999
  15145.8053
     37.7413
    627.2758
   6380.1103
   4529.7130
     37.7413
     79.2168
   1476.2884
   1270.3697
     37.7413
     40.4992
    377.3359
    363.6129
     37.7413
     37.9540
    117.3788
    124.3105
     37.7413
     37.6987
   4 1   1    0.1    -8.0    0.0                                                                                                                                                                         
  30777.4943
  15120.7071
     37.6987
    627.2758
   6407.9245
   4513.3654
     37.6987
     79.2168
   1488.4156
   1261.0165
     37.6987
     40.4992
    382.9826
    358.5940
     37.6987
     37.8264
    120.0643
    121.6754
     37.6987
     37.6987
   4 1   2    0.1    -1.0  200.0                                                                                                                                                                         
     37.8859
     37.7884
     37.6987
     37.6944
   4 1   3    0.1    -1.0   15.0                                                                                                                                                                         
   1566.1253
   1904.5175
     37.6944
     41.8930
    439.1430
    481.3605
     37.6944
     37.9793
    140.5815
    145.8551
     37.6944
     37.7096
   4 1   7    0.1   600.0 1200.0                                                                                                                                                                         
     37.7480
     37.7345
     37.7096
     37.7093
   4 1   8    0.1    -3.0   12.0                                                                                                                                                                         
   4871.5457
   6985.7003
     37.7093
     85.7114
   1365.6677
   1611.5337
     37.7093
     40.7128
    387.9018
    410.2458
     37.7093
     37.8905
    128.6538
    127.2774
     37.7093
     37.6928
   4 1   9    0.1    -3.0    3.0                                                                                                                                                                         
   1016.2629
   1520.6907
     37.6928
     50.6356
    309.4299
    367.7492
     37.6928
     38.5037
    109.8503
    115.1433
     37.6928
     37.7489
   4 1  10    0.1    -3.0    1.0                                                                                                                                                                         
  30693.5278
  15151.8592
     37.7489
    628.5705
   6375.4909
   4533.1717
     37.7489
     79.5622
   1474.1541
   1272.2273
     37.7489
     40.5862
    376.3120
    364.5792
     37.7489
     37.8420
   4 1   1    0.1    -8.0    0.0                                                                                                                                                                         
  30620.5610
  15176.9737
     37.8420
    628.5705
   6347.7582
   4549.5492
     37.8420
     77.7233
   1462.0913
   1281.6196
     37.8420
     40.1123
    370.7224
    369.6426
     37.8420
     37.8420
   4 1   2    0.1    -1.0  200.0                                                                                                                                                                         
     38.2660
     37.6944
     37.8420
     37.6943
   4 1   3    0.1    -1.0   15.0                                                                                                                                                                         
   1566.2604
   1904.6905
     37.6943
     41.8930
    439.1775
    481.4025
     37.6943
     37.9792
    140.5898
    145.8657
     37.6943
     37.7095
   4 1   7    0.1   600.0 1200.0                                                                                                                                                                         
     37.7470
     37.7352
     37.7095
     37.7092
   4 1   8    0.1    -3.0   12.0                                                                                                                                                                         
   4866.0769
   6977.0306
     37.7092
     85.6244
   1364.0124
   1609.7618
     37.7092
     40.9703
    387.4144
    409.8830
     37.7092
     37.8888
    128.5051
    127.2138
     37.7092
     37.7092
   4 1   9    0.1    -3.0    3.0                                                                                                                                                                         
   1019.4096
   1512.6024
     37.7092
     50.4179
    311.4524
    364.5460
     37.7092
     38.5114
    110.9983
    113.7265
     37.7092
     37.7347
   4 1  10    0.1    -3.0    1.0                                                                                                                                                                         
  30710.6973
  15147.8257
     37.7347
    627.2450
   6381.6440
   4530.1451
     37.7347
     79.1843
   1476.7384
   1270.3949
     37.7347
     40.4853
    377.4885
    363.5688
     37.7347
     37.8190
   4 1   1    0.1    -8.0    0.0                                                                                                                                                                         
  30637.7022
  15172.9397
     37.8190
    627.2450
   6353.8948
   4546.5188
     37.8190
     79.1843
   1464.6635
   1279.7812
     37.8190
     40.4853
    371.8885
    368.6249
     37.8190
     37.8190
   4 1   2    0.1    -1.0  200.0                                                                                                                                                                         
     38.2201
     37.6938
     37.8190
     37.6935
   4 1   7    0.1   600.0 1200.0                                                                                                                                                                         
     37.7732
     37.6771
     37.6935
     37.6752
   4 1   3    0.1    -1.0   15.0                                                                                                                                                                         
   1576.6874
   1893.4077
     37.6752
     41.8954
    444.4819
    475.8555
     37.6752
     37.9523
    143.2578
    143.1085
     37.6752
     37.6752
   4 1   7    0.1   600.0 1200.0                                                                                                                                                                         
     37.7069
     37.7069
     37.6752
     37.6752
   4 1   8    0.1    -3.0   12.0                                                                                                                                                                         
   4866.1053
   6978.9944
     37.6752
     85.5038
   1363.7244
   1610.5120
     37.6752
     40.6462
    387.1834
    410.1794
     37.6752
     37.8507
    128.3555
    127.3290
     37.6752
     37.6752
   4 1   7    0.1   600.0 1200.0                                                                                                                                                                         
     37.7069
     37.7069
     37.6752
     37.6752
   4 1   9    0.1    -3.0    3.0                                                                                                                                                                         
   1019.1522
   1513.2609
     37.6752
     50.3422
    311.2548
    364.7937
     37.6752
     38.4679
    110.8686
    113.8179
     37.6752
     37.6998
   4 1  10    0.1    -3.0    1.0                                                                                                                                                                         
  30733.5806
  15156.3163
     37.6998
    627.2851
   6386.9344
   4532.2384
     37.6998
     79.0942
   1478.1793
   1270.7226
     37.6998
     40.4329
    377.9308
    363.5148
     37.6998
     37.9073
    117.5758
    124.1727
     37.6998
     37.6600
   4 1   1    0.1    -8.0    0.0                                                                                                                                                                         
  30806.7407
  15131.1987
     37.6600
    627.2851
   6414.7753
   4515.8792
     37.6600
     79.0942
   1490.3197
   1261.3640
     37.6600
     40.4329
    383.5852
    358.4943
     37.6600
     37.9073
    120.2663
    121.5380
     37.6600
     37.6600
   4 1   2    0.1    -1.0  200.0                                                                                                                                                                         
     37.8389
     37.7570
     37.6600
     37.6569
   4 1   3    0.1    -1.0   15.0                                                                                                                                                                         
   1567.3393
   1905.9838
     37.6569
     41.8594
    439.4368
    481.6775
     37.6569
     37.9422
    140.6303
    145.9026
     37.6569
     37.6722
   4 1   7    0.1   600.0 1200.0                                                                                                                                                                         
     37.7069
     37.7007
     37.6722
     37.6721
   4 1   8    0.1    -3.0   12.0                                                                                                                                                                         
   4864.0505
   6975.4642
     37.6721
     84.4483
   1363.1210
   1609.7569
     37.6721
     40.6410
    387.0144
    410.0068
     37.6721
     37.8473
    128.3069
    127.2876
     37.6721
     37.6571
   4 1   9    0.1    -3.0    3.0                                                                                                                                                                         
   1014.8328
   1519.8072
     37.6571
     50.5267
    308.8634
    367.7066
     37.6571
     38.5155
    109.6018
    115.1873
     37.6571
     37.7102
   4 1  10    0.1    -3.0    1.0                                                                                                                                                                         
  30721.0881
  15161.6477
     37.7102
    628.5610
   6381.9665
   4535.4949
     37.7102
     79.4424
   1475.9609
   1272.5326
     37.7102
     40.5229
    376.8858
    364.4735
     37.7102
     37.8006
   4 1   1    0.1    -8.0    0.0                                                                                                                                                                         
  30648.0596
  15186.7805
     37.8006
    628.5610
   6354.2086
   4551.8832
     37.8006
     79.4424
   1463.8856
   1281.9299
     37.8006
     40.5229
    371.2889
    369.5383
     37.8006
     37.8006
   4 1   2    0.1    -1.0  200.0                                                                                                                                                                         
     38.2163
     37.6605
     37.8006
     37.6605
   4 1   3    0.1    -1.0   15.0                                                                                                                                                                         
   1567.3801
   1906.0967
     37.6605
     41.8617
    439.4434
    481.7146
     37.6605
     37.9454
    140.6311
    145.9181
     37.6605
     37.6875
   4 1   7    0.1   600.0 1200.0                                                                                                                                                                         
     37.7073
     37.7309
     37.6875
     37.6864
   4 1   8    0.1    -3.0   12.0                                                                                                                                                                         
   4857.7444
   6964.6984
     37.6864
     85.4246
   1361.3307
   1607.4186
     37.6864
     40.9184
    386.5459
    409.4719
     37.6864
     37.8614
    128.1961
    127.1694
     37.6864
     37.6864
   4 1   9    0.1    -3.0    3.0                                                                                                                                                                         
   1017.8873
   1511.2039
     37.6864
     50.5778
    310.9029
    364.3573
     37.6864
     38.4779
    110.7813
    113.7264
     37.6864
     37.7268
   4 1  10    0.1    -3.0    1.0                                                                                                                                                                         
  30712.5720
  15160.3867
     37.7268
    628.7932
   6379.6211
   4535.5477
     37.7268
     79.5367
   1475.1656
   1272.7874
     37.7268
     40.5591
    376.5776
    364.6719
     37.7268
     37.9542
    116.9512
    124.7987
     37.7268
     37.6769
   4 1   1    0.1    -8.0    0.0                                                                                                                                                                         
  30785.6962
  15135.2693
     37.6769
    628.7932
   6407.4420
   4519.1849
     37.6769
     79.5367
   1487.2915
   1263.4223
     37.6769
     40.5591
    382.2199
    359.6432
     37.6769
     37.8192
    119.6308
    122.1550
     37.6769
     37.6769
   4 1   7    0.1   600.0 1200.0                                                                                                                                                                         
     37.7233
     37.6938
     37.6769
     37.6752
   4 1   2    0.1    -1.0  200.0                                                                                                                                                                         
     37.9094
     37.7163
     37.6752
     37.6582
   4 1   3    0.1    -1.0   15.0                                                                                                                                                                         
   1567.4701
   1906.1295
     37.6582
     41.6954
    439.4736
    481.7115
     37.6582
     37.9014
    140.6415
    145.9111
     37.6582
     37.6735
   4 1   7    0.1   600.0 1200.0                                                                                                                                                                         
     37.7074
     37.7029
     37.6735
     37.6735
   4 1   8    0.1    -3.0   12.0                                                                                                                                                                         
   4855.2527
   6960.9156
     37.6735
     85.3585
   1360.5202
   1606.6970
     37.6735
     40.6304
    386.2790
    409.3398
     37.6735
     37.8471
    128.0973
    127.1493
     37.6735
     37.6735
   4 1   9    0.1    -3.0    3.0                                                                                                                                                                         
   1017.2692
   1510.5134
     37.6735
     50.3033
    310.6876
    364.2375
     37.6735
     38.4616
    110.6982
    113.7071
     37.6735
     37.6977
   4 1  10    0.1    -3.0    1.0                                                                                                                                                                         
  30737.8976
  15157.5323
     37.6977
    627.2430
   6388.0262
   4532.4594
     37.6977
     79.0689
   1478.5162
   1270.7067
     37.6977
     40.4246
    378.0523
    363.4701
     37.6977
     37.7795
   4 1   1    0.1    -8.0    0.0                                                                                                                                                                         
  30664.8415
  15182.6644
     37.7795
    627.2430
   6360.2521
   4548.8439
     37.7795
     77.2393
   1466.4289
   1280.0980
     37.7795
     39.9615
    372.4452
    368.5277
     37.7795
     37.7795
   4 1   2    0.1    -1.0  200.0                                                                                                                                                                         
     38.1724
     37.6616
     37.7795
     37.6609
   4 1   3    0.1    -1.0   15.0                                                                                                                                                                         
   1567.4786
   1906.2407
     37.6609
     41.6959
    439.4669
    481.7520
     37.6609
     37.9035
    140.6361
    145.9288
     37.6609
     37.6760
   4 1   7    0.1   600.0 1200.0                                                                                                                                                                         
     37.7096
     37.7057
     37.6760
     37.6760
   4 1   8    0.1    -3.0   12.0                                                                                                                                                                         
   4853.0157
   6957.4655
     37.6760
     84.2983
   1359.8384
   1606.0038
     37.6760
     40.6279
    386.0765
    409.2050
     37.6760
     37.8489
    128.0356
    127.1306
     37.6760
     37.6615
   4 1   9    0.1    -3.0    3.0                                                                                                                                                                         
   1012.8942
   1517.0856
     37.6615
     50.4872
    308.2748
    367.1740
     37.6615
     38.5135
    109.4247
    115.0930
     37.6615
     37.7135
   4 1  10    0.1    -3.0    1.0                                                                                                                                                                         
  30725.1552
  15162.4160
     37.7135
    628.4721
   6383.0924
   4535.5306
     37.7135
     79.4108
   1476.3454
   1272.4402
     37.7135
     40.5174
    377.0397
    364.3974
     37.7135
     37.8031
   4 1   7    0.1   600.0 1200.0                                                                                                                                                                         
     37.7498
     37.9195
     37.8031
     37.7462
   4 1   1    0.1    -8.0    0.0                                                                                                                                                                         
  30734.2430
  15130.0692
     37.7462
    623.8418
   6392.6890
   4520.5866
     37.7462
     78.3162
   1482.0807
   1265.4428
     37.7462
     40.2913
    380.1191
    361.0531
     37.7462
     37.9162
    118.7340
    122.9971
     37.7462
     37.7249
   4 1   2    0.1    -1.0  200.0                                                                                                                                                                         
     37.8562
     37.8683
     37.7249
     37.7249
   4 1   3    0.1    -1.0   15.0                                                                                                                                                                         
   1565.8703
   1904.2045
     37.7249
     41.9225
    439.0979
    481.3100
     37.7249
     37.9676
    140.5923
    145.8661
     37.7249
     37.7401
   4 1   7    0.1   600.0 1200.0                                                                                                                                                                         
     37.7770
     37.7664
     37.7401
     37.7398
   4 1   8    0.1    -3.0   12.0                                                                                                                                                                         
   4843.4529
   6938.7272
     37.7398
     85.3979
   1357.4996
   1601.5215
     37.7398
     40.7138
    385.6615
    408.0204
     37.7398
     37.9179
    128.0575
    126.8053
     37.7398
     37.7398
   4 1   9    0.1    -3.0    3.0                                                                                                                                                                         
   1015.5822
   1506.5326
     37.7398
     50.3907
    310.3717
    363.2747
     37.7398
     38.5373
    110.7204
    113.4672
     37.7398
     37.7651
   4 1  10    0.1    -3.0    1.0                                                                                                                                                                         
  30701.9743
  15143.0486
     37.7651
    627.0287
   6380.0084
   4528.6475
     37.7651
     79.1839
   1476.4521
   1269.9555
     37.7651
     40.5106
    377.4730
    363.4492
     37.7651
     37.9754
    117.4688
    124.2483
     37.7651
     37.7237
   4 1   1    0.1    -8.0    0.0                                                                                                                                                                         
  30775.0609
  15117.9541
     37.7237
    627.0287
   6407.8205
   4512.3029
     37.7237
     79.1839
   1488.5790
   1260.6046
     37.7237
     40.5106
    383.1203
    358.4321
     37.7237
     37.9754
    120.1552
    121.6147
     37.7237
     37.7237
   4 1   2    0.1    -1.0  200.0                                                                                                                                                                         
     37.9061
     37.8159
     37.7237
     37.7200
   4 1   3    0.1    -1.0   15.0                                                                                                                                                                         
   1565.9813
   1904.3227
     37.7200
     41.9184
    439.1254
    481.3322
     37.7200
     37.9628
    140.5968
    145.8668
     37.7200
     37.7352
   4 1   7    0.1   600.0 1200.0                                                                                                                                                                         
     37.7720
     37.7618
     37.7352
     37.7350
   4 1   8    0.1    -3.0   12.0                                                                                                                                                                         
   4841.5212
   6935.4425
     37.7350
     84.3444
   1356.9235
   1600.8272
     37.7350
     40.7065
    385.4955
    407.8641
     37.7350
     37.9128
    128.0069
    126.7682
     37.7350
     37.7192
   4 1   9    0.1    -3.0    3.0                                                                                                                                                                         
   1011.2986
   1513.0969
     37.7192
     50.5726
    307.9918
    366.1854
     37.7192
     38.5204
    109.4566
    114.8323
     37.7192
     37.7739
   4 1  10    0.1    -3.0    1.0                                                                                                                                                                         
  30690.4291
  15148.7700
     37.7739
    628.3114
   6375.2510
   4532.0081
     37.7739
     79.5295
   1474.2875
   1271.7870
     37.7739
     40.5987
    151.3407
    120.4959
     37.3492
     37.0870
   4 1   1    0.1    -8.0    0.0                                                                                                                                                                         
   8939.2501
   4515.0797
     37.0870
    203.3814
   1880.4964
   1367.5566
     37.0870
     48.3799
    453.6085
    403.5198
     37.0870
     37.7758
    134.3452
    134.9129
     37.0870
     37.0870
   4 1   2    0.1    -1.0  200.0                                                                                                                                                                         
     37.2263
     37.0318
     37.0870
     37.0308
   4 1   3    0.1    -1.0   15.0                                                                                                                                                                         
    506.2745
    610.1673
     37.0308
     38.3197
    160.2792
    173.2418
     37.0308
     37.1182
   4 1   7    0.1   600.0 1200.0                                                                                                                                                                         
     37.1649
     37.0850
     37.1182
     37.0591
   4 1   8    0.1    -3.0   12.0                                                                                                                                                                         
   1512.0599
   2057.6692
     37.0591
     51.0219
    450.0742
    485.3363
     37.0591
     37.7420
    150.2437
    138.4131
     37.0591
     36.8613
   4 1   9    0.1    -3.0    3.0                                                                                                                                                                         
    328.6601
    454.1045
     36.8613
     40.3619
    119.6304
    127.5898
     36.8613
     37.0130
     59.8148
     57.0495
     36.8613
     36.8033
   4 1  10    0.1    -3.0    1.0                                                                                                                                                                         
   8986.4180
   4513.4919
     36.8033
    204.6555
   1895.2214
   1363.2735
     36.8033
     48.4823
    459.1104
    400.1705
     36.8033
     37.4803
    136.5728
    132.7960
     36.8033
     36.8287
   4 1   1    0.1    -8.0    0.0                                                                                                                                                                         
   8965.1938
   4520.9623
     36.8287
    202.7266
   1887.1065
   1368.1173
     36.8287
     48.4823
    455.5694
    402.9396
     36.8287
     37.4803
    134.9286
    134.2858
     36.8287
     36.8287
   4 1   2    0.1    -1.0  200.0                                                                                                                                                                         
     36.9546
     36.7869
     36.8287
     36.7869
   4 1   3    0.1    -1.0   15.0                                                                                                                                                                         
    506.9689
    611.0651
     36.7869
     38.0275
    160.2823
    173.2688
     36.7869
     36.8616
   4 1   7    0.1   600.0 1200.0                                                                                                                                                                         
     36.9071
     36.8297
     36.8616
     36.8061
   4 1   8    0.1    -3.0   12.0                                                                                                                                                                         
   1515.5099
   2068.9552
     36.8061
     50.3308
    450.3539
    488.2823
     36.8061
     37.4651
    149.8655
    139.2133
     36.8061
     36.6035
   4 1   9    0.1    -3.0    3.0                                                                                                                                                                         
    328.4593
    460.3913
     36.6035
     40.1805
    118.8299
    129.4829
     36.6035
     36.7940
     59.1171
     57.6311
     36.6035
     36.5748
   4 1  10    0.1    -3.0    1.0                                                                                                                                                                         
   9007.4001
   4520.6910
     36.5748
    204.4203
   1900.0454
   1364.7914
     36.5748
     48.1867
    460.3294
    400.1719
     36.5748
     37.3690
    136.8306
    132.4990
     36.5748
     36.6337
   4 1   7    0.1   600.0 1200.0                                                                                                                                                                         
     36.6753
     36.6056
     36.6337
     36.5887
   4 1   1    0.1    -8.0    0.0                                                                                                                                                                         
   8926.8148
   4562.3345
     36.5887
    205.5464
   1866.4131
   1388.9905
     36.5887
     48.2981
    444.9121
    413.2692
     36.5887
     37.1132
    129.4479
    139.3237
     36.5887
     36.4239
   4 1   2    0.1    -1.0  200.0                                                                                                                                                                         
     36.5597
     36.3724
     36.4239
     36.3719
   4 1   3    0.1    -1.0   15.0                                                                                                                                                                         
    508.2762
    612.7678
     36.3719
     37.6679
    160.3181
    173.3587
     36.3719
     36.4597
   4 1   7    0.1   600.0 1200.0                                                                                                                                                                         
     36.4929
     36.4401
     36.4597
     36.4339
   4 1   8    0.1    -3.0   12.0                                                                                                                                                                         
   1518.4374
   2082.6665
     36.4339
     50.3334
    450.0702
    492.0908
     36.4339
     37.1307
    149.0820
    140.3150
     36.4339
     36.2905
   4 1   9    0.1    -3.0    3.0                                                                                                                                                                         
    331.4228
    461.3660
     36.2905
     39.9562
    119.7746
    129.0213
     36.2905
     36.4670
     59.3186
     57.0789
     36.2905
     36.2489
   4 1  10    0.1    -3.0    1.0                                                                                                                                                                         
   9029.4059
   4536.1033
     36.2489
    203.1633
   1903.3995
   1369.7993
     36.2489
     47.4974
    460.4009
    401.6713
     36.2489
     36.9384
    136.3874
    132.8443
     36.2489
     36.2754
   4 1   1    0.1    -8.0    0.0                                                                                                                                                                         
   9008.0769
   4543.6117
     36.2754
    203.1633
   1895.2453
   1374.6680
     36.2754
     48.0283
    456.8433
    404.4552
     36.2754
     36.9384
    134.7360
    134.3425
     36.2754
     36.2754
   4 1   2    0.1    -1.0  200.0                                                                                                                                                                         
     36.4017
     36.2333
     36.2754
     36.2333
   4 1   3    0.1    -1.0   15.0                                                                                                                                                                         
    508.7689
    613.3730
     36.2333
     37.4803
    160.3483
    173.3936
     36.2333
     36.3084
   4 1   7    0.1   600.0 1200.0                                                                                                                                                                         
     36.3419
     36.2884
     36.3084
     36.2819
   4 1   8    0.1    -3.0   12.0                                                                                                                                                                         
   1521.0200
   2090.8123
     36.2819
     50.3990
    450.3351
    494.2219
     36.2819
     37.0396
    148.8557
    140.9086
     36.2819
     36.1666
   4 1   9    0.1    -3.0    3.0                                                                                                                                                                         
    333.4629
    462.4370
     36.1666
     39.7838
    120.4552
    128.9080
     36.1666
     36.3362
     59.5133
