  F CC-ref                                                      
    2.4664    2.4664   20.0000
   90.0000   90.0000  120.0446
   1 C     0.19450000000000D+01 -0.72999999999990D-03  0.10000000000000D+02
   2 C     0.52144000000000D+00  0.24671700000000D+01  0.10000000000000D+02

  F CC-70959                                                    
    2.4664    2.4664    7.0959
   90.0000   90.0000  120.0446
   1 C     0.22991900000000D+01 -0.61475750000000D+00  0.17739600000000D+01
   2 C     0.16725000000000D+00  0.30812025000000D+01  0.53219400000000D+01
   3 C     0.87589000000000D+00  0.18526825000000D+01  0.17739600000000D+01
   4 C     0.15905500000000D+01  0.61375250000000D+00  0.53219400000000D+01

  F CC-70296                                                    
    2.4664    2.4664    7.0296
   90.0000   90.0000  120.0446
   1 C     0.22993500000000D+01 -0.61502000000000D+00  0.17573900000000D+01
   2 C     0.16709000000000D+00  0.30814600000000D+01  0.52722100000000D+01
   3 C     0.87578000000000D+00  0.18528800000000D+01  0.17573900000000D+01
   4 C     0.15906600000000D+01  0.61356000000000D+00  0.52722100000000D+01

  F CC-69633                                                    
    2.4664    2.4664    6.9633
   90.0000   90.0000  120.0446
   1 C     0.22993500000000D+01 -0.61502000000000D+00  0.17408200000000D+01
   2 C     0.16709000000000D+00  0.30814600000000D+01  0.52224800000000D+01
   3 C     0.87578000000000D+00  0.18528800000000D+01  0.17408200000000D+01
   4 C     0.15906600000000D+01  0.61356000000000D+00  0.52224800000000D+01

  F CC-68970                                                    
    2.4664    2.4664    6.8970
   90.0000   90.0000  120.0446
   1 C     0.22993500000000D+01 -0.61502000000000D+00  0.17242400000000D+01
   2 C     0.16709000000000D+00  0.30814600000000D+01  0.51727600000000D+01
   3 C     0.87578000000000D+00  0.18528800000000D+01  0.17242400000000D+01
   4 C     0.15906600000000D+01  0.61356000000000D+00  0.51727600000000D+01

  F CC-68307                                                    
    2.4664    2.4664    6.8307
   90.0000   90.0000  120.0446
   1 C     0.22993500000000D+01 -0.61502000000000D+00  0.17076750000000D+01
   2 C     0.16709000000000D+00  0.30814600000000D+01  0.51230250000000D+01
   3 C     0.87578000000000D+00  0.18528800000000D+01  0.17076750000000D+01
   4 C     0.15906600000000D+01  0.61356000000000D+00  0.51230250000000D+01

  F CC-67643                                                    
    2.4664    2.4664    6.6764
   90.0000   90.0000  120.0446
   1 C     0.22993500000000D+01 -0.61502000000000D+00  0.16471200000000D+01
   2 C     0.16709000000000D+00  0.30814600000000D+01  0.50293100000000D+01
   3 C     0.87578000000000D+00  0.18528800000000D+01  0.16471200000000D+01
   4 C     0.15906600000000D+01  0.61356000000000D+00  0.50293100000000D+01

  F CC-67454                                                    
    2.4664    2.4664    6.6754
   90.0000   90.0000  120.0446
   1 C     0.22993500000000D+01 -0.61502000000000D+00  0.16513500000000D+01
   2 C     0.16709000000000D+00  0.30814600000000D+01  0.50240500000000D+01
   3 C     0.87578000000000D+00  0.18528800000000D+01  0.16513500000000D+01
   4 C     0.15906600000000D+01  0.61356000000000D+00  0.50240500000000D+01

  F CC-66980                                                    
    2.4664    2.4664    6.6980
   90.0000   90.0000  120.0446
   1 C     0.22993500000000D+01 -0.61502000000000D+00  0.16928050000000D+01
   2 C     0.16709000000000D+00  0.30814600000000D+01  0.50051950000000D+01
   3 C     0.87578000000000D+00  0.18528800000000D+01  0.16928050000000D+01
   4 C     0.15906600000000D+01  0.61356000000000D+00  0.50051950000000D+01

  F CC-66317                                                    
    2.4664    2.4664    6.6317
   90.0000   90.0000  120.0446
   1 C     0.22993500000000D+01 -0.61502000000000D+00  0.16579150000000D+01
   2 C     0.16709000000000D+00  0.30814600000000D+01  0.49737850000000D+01
   3 C     0.87578000000000D+00  0.18528800000000D+01  0.16579150000000D+01
   4 C     0.15906600000000D+01  0.61356000000000D+00  0.49737850000000D+01

  F CC-65654                                                    
    2.4664    2.4664    6.5654
   90.0000   90.0000  120.0446
   1 C     0.22993500000000D+01 -0.61502000000000D+00  0.16413450000000D+01
   2 C     0.16709000000000D+00  0.30814600000000D+01  0.49240550000000D+01
   3 C     0.87578000000000D+00  0.18528800000000D+01  0.16413450000000D+01
   4 C     0.15906600000000D+01  0.61356000000000D+00  0.49240550000000D+01

  F CC-64991                                                    
    2.4664    2.4664    6.4991
   90.0000   90.0000  120.0446
   1 C     0.22993500000000D+01 -0.61502000000000D+00  0.16247700000000D+01
   2 C     0.16709000000000D+00  0.30814600000000D+01  0.48743300000000D+01
   3 C     0.87578000000000D+00  0.18528800000000D+01  0.16247700000000D+01
   4 C     0.15906600000000D+01  0.61356000000000D+00  0.48743300000000D+01

  F CC-64327                                                    
    2.4664    2.4664    6.4327
   90.0000   90.0000  120.0446
   1 C     0.22993500000000D+01 -0.61502000000000D+00  0.16081500000000D+01
   2 C     0.16709000000000D+00  0.30814600000000D+01  0.48245500000000D+01
   3 C     0.87578000000000D+00  0.18528800000000D+01  0.16081500000000D+01
   4 C     0.15906600000000D+01  0.61356000000000D+00  0.48245500000000D+01

  F CC-63664                                                    
    2.4664    2.4664    6.3664
   90.0000   90.0000  120.0446
   1 C     0.22993500000000D+01 -0.61502000000000D+00  0.15915800000000D+01
   2 C     0.16709000000000D+00  0.30814600000000D+01  0.47748200000000D+01
   3 C     0.87578000000000D+00  0.18528800000000D+01  0.15915800000000D+01
   4 C     0.15906600000000D+01  0.61356000000000D+00  0.47748200000000D+01

  F CC-63001                                                    
    2.4664    2.4664    6.3001
   90.0000   90.0000  120.0446
   1 C     0.22993500000000D+01 -0.61502000000000D+00  0.15750100000000D+01
   2 C     0.16709000000000D+00  0.30814600000000D+01  0.47250900000000D+01
   3 C     0.87578000000000D+00  0.18528800000000D+01  0.15750100000000D+01
   4 C     0.15906600000000D+01  0.61356000000000D+00  0.47250900000000D+01

  F CC-62338                                                    
    2.4664    2.4664    6.2338
   90.0000   90.0000  120.0446
   1 C     0.22993500000000D+01 -0.61502000000000D+00  0.15584350000000D+01
   2 C     0.16709000000000D+00  0.30814600000000D+01  0.46753650000000D+01
   3 C     0.87578000000000D+00  0.18528800000000D+01  0.15584350000000D+01
   4 C     0.15906600000000D+01  0.61356000000000D+00  0.46753650000000D+01

  F CC-61675                                                    
    2.4664    2.4664    6.1675
   90.0000   90.0000  120.0446
   1 C     0.22993500000000D+01 -0.61502000000000D+00  0.15418700000000D+01
   2 C     0.16709000000000D+00  0.30814600000000D+01  0.46256300000000D+01
   3 C     0.87578000000000D+00  0.18528800000000D+01  0.15418700000000D+01
   4 C     0.15906600000000D+01  0.61356000000000D+00  0.46256300000000D+01

