32   
4    

1    
  0.0037131617334537  -0.0000014447193407   0.0092850647738183
  -0.2412191000    0.0076199500   -0.1304829500
   0.0293375800    0.0064671800    0.0012153100
  -0.0106220800   -0.0166103300    0.0012885500
  -0.0107527500    0.0297024800    0.0010591400
  -0.0112460900    0.0064292900    0.0073796200
  -0.0111808300    0.0064314600    0.0075062100
  -0.0112126100    0.0064118000    0.0075060400
  -0.0112102500    0.0064473800    0.0075067000
   0.0110554000   -0.0066396900   -0.0075794300
   0.0105636800   -0.0067631100   -0.0077721000
   0.0109139900   -0.0062676000   -0.0076730700
   0.0106477800   -0.0065768200   -0.0062511500
   0.0112427000   -0.0059817200   -0.0078290000
   0.0116850600   -0.0060743400   -0.0076490600
   0.0115397300   -0.0064276900   -0.0077432700
   0.0112816800   -0.0061811000   -0.0060638000
   0.0088037000   -0.0048106500    0.0116772900
   0.0384043100   -0.0055249800    0.0444308300
   0.0868524900    0.0230338800    0.0448813600
   0.0872877000   -0.0330837200    0.0438863000
   0.0082528900   -0.0047524200   -0.0011848400
   0.0082576200   -0.0047517400   -0.0011310600
   0.0082535200   -0.0047553900   -0.0011315100
   0.0082533600   -0.0047503800   -0.0011277200
  -0.0087951200    0.0052142100    0.0022458800
  -0.0072676200    0.0054292200    0.0023625100
  -0.0082191500    0.0040211900    0.0023119000
  -0.0079003800    0.0048788100    0.0007688600
  -0.0075714200    0.0039705800    0.0023627400
  -0.0088765100    0.0042011500    0.0022032100
  -0.0084275400    0.0052242300    0.0022450100
  -0.0081317300    0.0044688700    0.0007815100

1    
 -0.0037131617334537   0.0000014447193407  -0.0092850647738183
   0.2187686100    0.0075516800    0.1305547700
  -0.0518049100    0.0063909100   -0.0011435300
  -0.0117239500    0.0295658700   -0.0010715400
  -0.0118357000   -0.0167475400   -0.0011320900
  -0.0113810100    0.0065590100   -0.0073181200
  -0.0114448900    0.0065577100   -0.0074461800
  -0.0114143300    0.0065740300   -0.0074464500
  -0.0114144800    0.0065382900   -0.0074464400
   0.0108317600   -0.0067736000    0.0075860700
   0.0112875700   -0.0066585300    0.0077703000
   0.0109643500   -0.0071144400    0.0076748300
   0.0112285300   -0.0068252000    0.0059982100
   0.0119143400   -0.0066276900    0.0076926600
   0.0114388300   -0.0065296300    0.0075036700
   0.0115943000   -0.0061466000    0.0076042300
   0.0118400900   -0.0064108100    0.0061728200
   0.0077705700   -0.0047333100   -0.0116844200
  -0.0218342700   -0.0052224100   -0.0444391200
  -0.0709084800   -0.0330597600   -0.0439743500
  -0.0700881100    0.0230541300   -0.0448064900
   0.0084725200   -0.0048342700    0.0011825400
   0.0084674400   -0.0048338400    0.0011288100
   0.0084711100   -0.0048304400    0.0011284900
   0.0084735300   -0.0048365400    0.0011262400
  -0.0077119800    0.0048666200   -0.0022048100
  -0.0090348000    0.0046516600   -0.0023118400
  -0.0081833000    0.0058804600   -0.0022717200
  -0.0084940700    0.0051412100   -0.0007636100
  -0.0093379500    0.0052664300   -0.0024058900
  -0.0078332800    0.0050382800   -0.0022181300
  -0.0083862000    0.0038387200   -0.0022672000
  -0.0086918100    0.0047095900   -0.0007717100

17   
  0.0037131617334537  -0.0000014447193407   0.0092850647738183
  -0.0109546600    0.0064835800    0.0054579200
   0.0186470300    0.0070053300    0.0382147100
   0.0677064500    0.0347787300    0.0377437400
   0.0669228600   -0.0213180300    0.0385825700
  -0.0115281000    0.0065850500   -0.0074113300
  -0.0115230100    0.0065851600   -0.0073574700
  -0.0115276300    0.0065823300   -0.0073600400
  -0.0115268500    0.0065860900   -0.0073519500
   0.0112031400   -0.0068873400    0.0082591900
   0.0115784200   -0.0067157800    0.0087871100
   0.0112513200   -0.0070449300    0.0085119900
   0.0115008800   -0.0068758500    0.0069966300
   0.0117879400   -0.0066330300    0.0088092200
   0.0114415000   -0.0063362700    0.0081960700
   0.0113671800   -0.0062662900    0.0084827600
   0.0117346300   -0.0064239700    0.0069936100
  -0.2216593300   -0.0056558100   -0.1367912800
   0.0484281900   -0.0045038600   -0.0059713200
   0.0098201100   -0.0268268900   -0.0060373100
   0.0099339500    0.0178215300   -0.0060155500
   0.0084560300   -0.0048590500    0.0013884600
   0.0084278000   -0.0048586000    0.0010015900
   0.0084371300   -0.0048532100    0.0010016300
   0.0084382600   -0.0048655500    0.0010042000
  -0.0088584000    0.0052144500   -0.0004706400
  -0.0084398800    0.0051232000   -0.0003661800
  -0.0085629600    0.0048199500   -0.0004518500
  -0.0087872800    0.0050301700   -0.0012401500
  -0.0081842100    0.0045029500   -0.0003159100
  -0.0086183200    0.0043943300   -0.0005519500
  -0.0082995100    0.0048151100   -0.0004727800
  -0.0086126700    0.0045965200   -0.0012656900

17   
 -0.0037131617334537   0.0000014447193407  -0.0092850647738183
  -0.0116592700    0.0065549300   -0.0053850200
  -0.0412603300    0.0072659400   -0.0381376100
  -0.0897251500   -0.0212828100   -0.0385937700
  -0.0901228900    0.0348152500   -0.0375917600
  -0.0113072400    0.0064868800    0.0074744400
  -0.0113121900    0.0064889700    0.0074207000
  -0.0113091800    0.0064885300    0.0074181600
  -0.0113068100    0.0064843900    0.0074202900
   0.0112785600   -0.0066552200   -0.0083003100
   0.0109181500   -0.0068049700   -0.0088433200
   0.0112204800   -0.0064843700   -0.0085575200
   0.0109674200   -0.0066528400   -0.0070730800
   0.0110740400   -0.0059542700   -0.0088871200
   0.0114220100   -0.0062765300   -0.0083071700
   0.0115195700   -0.0063444300   -0.0085810200
   0.0111573200   -0.0061822400   -0.0070595100
   0.2384147200   -0.0061718000    0.1367765500
  -0.0316654800   -0.0049966800    0.0059658800
   0.0068238400    0.0172322300    0.0058984100
   0.0069478200   -0.0274092100    0.0061458100
   0.0084792400   -0.0048113100   -0.0013911600
   0.0085069100   -0.0048109400   -0.0010039300
   0.0084975600   -0.0048169400   -0.0010040300
   0.0084970400   -0.0048053300   -0.0010060100
  -0.0081897200    0.0048906500    0.0004993700
  -0.0086094300    0.0050159200    0.0003896000
  -0.0085142600    0.0053085100    0.0004681300
  -0.0082707100    0.0050911600    0.0012393000
  -0.0083756700    0.0046793700    0.0003138300
  -0.0079424200    0.0047417300    0.0005460800
  -0.0082190300    0.0043490600    0.0004635100
  -0.0079348700    0.0045663900    0.0012822700
