32   
4    

1    
  0.0049147984452278  -0.0000002215205714   0.0087088894925653
  -0.2744341900    0.0036841100   -0.1263395000
   0.0342535800   -0.0000629600   -0.0021546100
  -0.0083709100   -0.0178016000   -0.0020493100
  -0.0078838500    0.0311524700   -0.0022526000
  -0.0050190900    0.0037861800   -0.0004655800
  -0.0066115300    0.0039749500    0.0060387500
  -0.0018785500    0.0042387500    0.0060377600
  -0.0056637700    0.0008590600    0.0060129200
   0.0087769400   -0.0078692700   -0.0004523300
  -0.0035952100   -0.0057279700   -0.0075728400
   0.0007523800    0.0032132400   -0.0045870900
   0.0033968800   -0.0040431700   -0.0039055900
  -0.0028976000   -0.0013067700   -0.0068182200
   0.0089940000    0.0009555900    0.0002535500
   0.0011184200   -0.0109599600   -0.0027101100
   0.0015069700   -0.0039564600   -0.0010232600
   0.0010724400   -0.0021850800    0.0125907900
   0.0490838100   -0.0039776500    0.0173056800
   0.1050820200    0.0297052000    0.0177929500
   0.1066826900   -0.0359140100    0.0167842000
   0.0052908300   -0.0041184600   -0.0031224700
   0.0023342200   -0.0041096900   -0.0042575900
   0.0063272300   -0.0003155600   -0.0042322500
   0.0042574700   -0.0037912300   -0.0043238400
  -0.0151537100    0.0087363900    0.0142592100
   0.0109634700    0.0123313100    0.0177372700
  -0.0051818900   -0.0113982700    0.0155327200
  -0.0042281700    0.0036232400    0.0004189800
   0.0136052200   -0.0077256500    0.0165683800
  -0.0147411800   -0.0036367200    0.0133249000
  -0.0040690900    0.0194303000    0.0153730300
  -0.0037697800    0.0032097000    0.0002361100

1    
 -0.0049147984452278   0.0000002215205714  -0.0087088894925653
   0.2633426100    0.0031220000    0.1262894800
  -0.0450869400   -0.0004739200    0.0021014200
  -0.0029616100    0.0310054600    0.0021753600
  -0.0026727900   -0.0178606100    0.0019870100
  -0.0062916400    0.0036497300    0.0005030200
  -0.0046603900    0.0039774600   -0.0059974400
  -0.0058958300    0.0006092800   -0.0059750400
  -0.0091627600    0.0040469500   -0.0059996200
   0.0025297400    0.0012009200   -0.0000643800
   0.0141962900   -0.0011165700    0.0070394900
   0.0103455200   -0.0106702000    0.0029037500
   0.0098024000   -0.0036879400    0.0011710500
   0.0147617100   -0.0054885200    0.0074103400
   0.0020739700   -0.0076173700    0.0002574400
   0.0102527300    0.0035927200    0.0043988700
   0.0075726600   -0.0038300300    0.0037775800
   0.0067375900   -0.0021603800   -0.0126160900
  -0.0412113600   -0.0038015800   -0.0173380800
  -0.0987560800   -0.0358204500   -0.0168843100
  -0.0973112900    0.0298032600   -0.0177680800
   0.0051742100   -0.0038785200    0.0031701800
   0.0082318900   -0.0039567200    0.0043177100
   0.0062034400   -0.0035393300    0.0043780000
   0.0042440500    0.0000039000    0.0043006700
   0.0066651700   -0.0039375000   -0.0133735700
  -0.0216924200   -0.0079713400   -0.0165741200
  -0.0040492200    0.0191982000   -0.0155092000
  -0.0043537600    0.0030264300   -0.0003048500
  -0.0213793400    0.0120894000   -0.0177203000
   0.0047631800    0.0085523500   -0.0142356600
  -0.0052744900   -0.0115531600   -0.0154738700
  -0.0061372400    0.0034860500   -0.0003467600

17   
  0.0049147984452278  -0.0000002215205714   0.0087088894925653
  -0.0085339800    0.0042855900    0.0113630200
   0.0386435000    0.0046830800    0.0159614700
   0.0964846300    0.0362878300    0.0153170500
   0.0951934100   -0.0297094300    0.0164928100
  -0.0058144400    0.0036094200   -0.0019453000
  -0.0098164600    0.0025985400   -0.0030112200
  -0.0051302400    0.0053780500   -0.0030765800
  -0.0075792300    0.0012517500   -0.0029119800
   0.0050639900   -0.0024369000    0.0080643100
   0.0133201800   -0.0004940300    0.0237313800
   0.0075576100   -0.0079067300    0.0160601000
   0.0056223300   -0.0031752700    0.0008918300
   0.0114182200   -0.0065613300    0.0227190000
   0.0082797300   -0.0029045000    0.0075255700
   0.0067163100   -0.0016465600    0.0149446000
   0.0063441600   -0.0035152300   -0.0001793300
  -0.2840836300   -0.0036149100   -0.1895239200
   0.0417000700   -0.0010718200    0.0001585900
   0.0040061500   -0.0235724100    0.0001466300
   0.0060368900    0.0188267600    0.0001593900
   0.0113813500   -0.0019842100    0.0023309800
   0.0080189600   -0.0007293100    0.0021078300
   0.0095922500   -0.0016778600    0.0020677400
   0.0110902900   -0.0044630300    0.0021468100
  -0.0031346100    0.0025867500    0.0091361300
  -0.0079979800    0.0008821600    0.0055013600
  -0.0040518000    0.0054217900    0.0073334400
  -0.0150302100    0.0025396100   -0.0022112500
  -0.0105061700    0.0050874400    0.0053957500
  -0.0029672100    0.0033128200    0.0087691800
  -0.0051671500   -0.0027843100    0.0071051400
  -0.0166569200    0.0014962700   -0.0025705100

17   
 -0.0049147984452278   0.0000002215205714  -0.0087088894925653
  -0.0027342300    0.0041248700   -0.0126132400
  -0.0501960800    0.0047871900   -0.0172125800
  -0.1067036500   -0.0293712500   -0.0177960400
  -0.1078788900    0.0365250200   -0.0165458400
  -0.0055897900    0.0037620600    0.0032226500
  -0.0019515600    0.0028932700    0.0043006200
  -0.0043177100    0.0016623300    0.0042136700
  -0.0061298500    0.0055236200    0.0043784300
   0.0033564400   -0.0032400900   -0.0076772200
   0.0004504000   -0.0070255800   -0.0228338100
   0.0051352100   -0.0018843100   -0.0150869800
   0.0052022200   -0.0035678400   -0.0000208100
  -0.0019909000   -0.0006657800   -0.0236175700
   0.0065112500   -0.0027716500   -0.0079763100
   0.0040500800   -0.0083612800   -0.0159608800
   0.0058351800   -0.0034352000   -0.0007205800
   0.2954375300   -0.0049415200    0.1893184200
  -0.0307769300   -0.0020333000   -0.0003879000
   0.0049276000    0.0179901300   -0.0004006000
   0.0072763000   -0.0245944600   -0.0003731900
   0.0047425700   -0.0040153500   -0.0021159400
   0.0077851100   -0.0027258600   -0.0018898200
   0.0047589400   -0.0061148400   -0.0019641000
   0.0064817500   -0.0035616100   -0.0018038700
  -0.0107746200    0.0054807900   -0.0086027100
  -0.0030352000    0.0069932900   -0.0051979500
  -0.0082561600   -0.0007261300   -0.0068918300
   0.0027498600    0.0036891500    0.0027231000
  -0.0057888200    0.0019801500   -0.0056774500
  -0.0104067400    0.0034036800   -0.0093312300
  -0.0093653800    0.0064607500   -0.0075085400
   0.0011960700    0.0037597300    0.0020501200
