./a/thermal.txt:       0.000      64.1744214      0.0000000      0.0000000     64.1744214
./b/thermal.txt:       0.000      64.8012039      0.0000000      0.0000000     64.8012039
./c/thermal.txt:       0.000      65.0424793      0.0000000      0.0000000     65.0424793
./d/thermal.txt:       0.000      65.2804497      0.0000000      0.0000000     65.2804497
./e/thermal.txt:       0.000      65.4123312      0.0000000      0.0000000     65.4123312
./f/thermal.txt:       0.000      65.5447615      0.0000000      0.0000000     65.5447615
./g/thermal.txt:       0.000      65.6909237      0.0000000      0.0000000     65.6909237
./1/thermal.txt:       0.000      65.8015102      0.0000000      0.0000000     65.8015102
./2/thermal.txt:       0.000      65.9075251      0.0000000      0.0000000     65.9075251
./3/thermal.txt:       0.000      66.0013507      0.0000000      0.0000000     66.0013507
./4/thermal.txt:       0.000      66.0775326      0.0000000      0.0000000     66.0775326
./5/thermal.txt:       0.000      66.1548077      0.0000000      0.0000000     66.1548077
./6/thermal.txt:       0.000      66.2251158      0.0000000      0.0000000     66.2251158
./7/thermal.txt:       0.000      66.2851858      0.0000000      0.0000000     66.2851858
./8/thermal.txt:       0.000      66.3408803      0.0000000      0.0000000     66.3408803
./f/thermal.txt:       0.000      28.7368795      0.0000000      0.0000000     28.7368795
