  F eth_ref                                                     
   20.0000   20.0000   20.0000
   90.0000   90.0000   90.0000
   1 C     0.10548760000000D+02  0.10346900000000D+02  0.10147980000000D+02
   2 C     0.94512400000000D+01  0.96531000000000D+01  0.98520200000000D+01
   3 H     0.10935180000000D+02  0.11129860000000D+02  0.94909800000000D+01
   4 H     0.90648200000000D+01  0.88701400000000D+01  0.10509020000000D+02
   5 H     0.11116420000000D+02  0.10167240000000D+02  0.11061900000000D+02
   6 H     0.88835800000000D+01  0.98327600000000D+01  0.89381000000000D+01

