   1   -0.846263
   2   -0.846263
   3    0.422049
   4    0.422049
   5    0.424214
   6    0.424214
   1   -1.173981
   2   -1.173981
   3   -1.174043
   4   -1.174043
   5    0.590950
   6    0.590950
   7    0.590984
   8    0.590984
   9    0.583023
  10    0.583023
  11    0.583060
  12    0.583060
   1   -1.228556
   2   -1.228533
   3   -1.228506
   4   -1.228501
   5    0.619114
   6    0.619148
   7    0.619102
   8    0.619104
   9    0.609403
  10    0.609432
  11    0.609394
  12    0.609403
   1   -1.217167
   2   -1.217167
   3   -1.217497
   4   -1.217497
   5    0.612914
   6    0.612914
   7    0.613115
   8    0.613115
   9    0.604229
  10    0.604229
  11    0.604407
  12    0.604407
   1   -1.239740
   2   -1.239740
   3   -1.239740
   4   -1.239740
   5    0.624657
   6    0.624657
   7    0.624656
   8    0.624657
   9    0.615083
  10    0.615084
  11    0.615084
  12    0.615083
   1   -1.270113
   2   -1.270106
   3   -1.270045
   4   -1.270050
   5    0.639706
   6    0.639703
   7    0.639681
   8    0.639689
   9    0.630397
  10    0.630419
  11    0.630369
  12    0.630350
   1   -1.269844
   2   -1.269844
   3   -1.269872
   4   -1.269872
   5    0.640540
   6    0.640540
   7    0.640560
   8    0.640560
   9    0.629301
  10    0.629301
  11    0.629315
  12    0.629315
   1   -1.334368
   2   -1.334575
   3   -1.334227
   4   -1.334020
   5    0.673355
   6    0.673440
   7    0.673243
   8    0.673158
   9    0.661064
  10    0.661130
  11    0.660931
  12    0.660864
   1   -1.368783
   2   -1.368725
   3   -1.368723
   4   -1.368782
   5    0.691132
   6    0.691112
   7    0.691145
   8    0.691164
   9    0.677641
  10    0.677614
  11    0.677592
  12    0.677614
   1   -1.414575
   2   -1.414607
   3   -1.414688
   4   -1.414655
   5    0.713151
   6    0.713157
   7    0.713200
   8    0.713195
   9    0.701430
  10    0.701433
  11    0.701481
  12    0.701477
   1   -1.560357
   2   -1.560340
   3   -1.560280
   4   -1.560314
   5    0.789041
   6    0.789029
   7    0.789027
   8    0.789017
   9    0.771332
  10    0.771298
  11    0.771267
  12    0.771281
