  F eth_ref                                                     
   20.0000   20.0000   20.0000
   90.0000   90.0000   90.0000
   1 C     0.10548760000000D+02  0.10346900000000D+02  0.10147980000000D+02
   2 C     0.94512400000000D+01  0.96531000000000D+01  0.98520200000000D+01
   3 H     0.10935180000000D+02  0.11129860000000D+02  0.94909800000000D+01
   4 H     0.90648200000000D+01  0.88701400000000D+01  0.10509020000000D+02
   5 H     0.11116420000000D+02  0.10167240000000D+02  0.11061900000000D+02
   6 H     0.88835800000000D+01  0.98327600000000D+01  0.89381000000000D+01

  F eth_a                                                       
    4.9655    6.5867    4.2212
   90.0000   90.0000   90.0000
   1 C     0.44154400000000D+01  0.34892000000000D+00  0.40746600000000D+01
   2 C     0.55007000000000D+00  0.62377800000000D+01  0.14654000000000D+00
   3 C     0.30328300000000D+01  0.36422700000000D+01  0.22571400000000D+01
   4 C     0.19326800000000D+01  0.29444300000000D+01  0.19640600000000D+01
   5 H     0.40242900000000D+01  0.11332000000000D+01  0.50689000000000D+00
   6 H     0.94122000000000D+00  0.54535000000000D+01  0.37143100000000D+01
   7 H     0.34239700000000D+01  0.44265500000000D+01  0.16037100000000D+01
   8 H     0.15415400000000D+01  0.21601500000000D+01  0.26174900000000D+01
   9 H     0.38464600000000D+01  0.16971000000000D+00  0.31596400000000D+01
  10 H     0.11190500000000D+01  0.64169900000000D+01  0.10615600000000D+01
  11 H     0.36018000000000D+01  0.34630600000000D+01  0.31721600000000D+01
  12 H     0.13637100000000D+01  0.31236400000000D+01  0.10490400000000D+01

  F eth_b                                                       
    4.9341    6.5450    4.1945
   90.0000   90.0000   90.0000
   1 C     0.43841100000000D+01  0.34800000000000D+00  0.40467200000000D+01
   2 C     0.54998000000000D+00  0.61970100000000D+01  0.14776000000000D+00
   3 C     0.30170200000000D+01  0.36205000000000D+01  0.22450000000000D+01
   4 C     0.19170700000000D+01  0.29245100000000D+01  0.19494800000000D+01
   5 H     0.40005900000000D+01  0.11293300000000D+01  0.51129000000000D+00
   6 H     0.93350000000000D+00  0.54156800000000D+01  0.36831900000000D+01
   7 H     0.34005500000000D+01  0.44018300000000D+01  0.15859500000000D+01
   8 H     0.15335400000000D+01  0.21431800000000D+01  0.26085300000000D+01
   9 H     0.38196200000000D+01  0.16476000000000D+00  0.31311100000000D+01
  10 H     0.11144700000000D+01  0.63802500000000D+01  0.10633700000000D+01
  11 H     0.35815100000000D+01  0.34372700000000D+01  0.31606100000000D+01
  12 H     0.13525800000000D+01  0.31077400000000D+01  0.10338700000000D+01

  F eth_c                                                       
    4.9023    6.5028    4.1674
   90.0000   90.0000   90.0000
   1 C     0.43523000000000D+01  0.34845000000000D+00  0.40203900000000D+01
   2 C     0.54995000000000D+00  0.61543300000000D+01  0.14703000000000D+00
   3 C     0.30010800000000D+01  0.35998400000000D+01  0.22307400000000D+01
   4 C     0.19011700000000D+01  0.29029400000000D+01  0.19366800000000D+01
   5 H     0.39631800000000D+01  0.11321900000000D+01  0.50795000000000D+00
   6 H     0.93907000000000D+00  0.53705900000000D+01  0.36594700000000D+01
   7 H     0.33902000000000D+01  0.43835800000000D+01  0.15757600000000D+01
   8 H     0.15120500000000D+01  0.21192000000000D+01  0.25916600000000D+01
   9 H     0.37840600000000D+01  0.16871000000000D+00  0.31055700000000D+01
  10 H     0.11181900000000D+01  0.63340700000000D+01  0.10618500000000D+01
  11 H     0.35693200000000D+01  0.34201000000000D+01  0.31455600000000D+01
  12 H     0.13329300000000D+01  0.30826800000000D+01  0.10218600000000D+01

  F eth_z01                                                     
    4.8700    6.4600    4.1400
   90.0000   90.0000   90.0000
   1 C     0.43199800000000D+01  0.34850000000000D+00  0.39930000000000D+01
   2 C     0.55002000000000D+00  0.61115000000000D+01  0.14700000000000D+00
   3 C     0.29850200000000D+01  0.35785000000000D+01  0.22170000000000D+01
   4 C     0.18849800000000D+01  0.28815000000000D+01  0.19230000000000D+01
   5 H     0.39319500000000D+01  0.11319100000000D+01  0.50878000000000D+00
   6 H     0.93805000000000D+00  0.53280900000000D+01  0.36312200000000D+01
   7 H     0.33730500000000D+01  0.43619100000000D+01  0.15612200000000D+01
   8 H     0.14969500000000D+01  0.20980900000000D+01  0.25787800000000D+01
   9 H     0.37523700000000D+01  0.16791000000000D+00  0.30778000000000D+01
  10 H     0.11176300000000D+01  0.62920900000000D+01  0.10622000000000D+01
  11 H     0.35526300000000D+01  0.33979100000000D+01  0.31322000000000D+01
  12 H     0.13173700000000D+01  0.30620900000000D+01  0.10078000000000D+01

  F eth_z02                                                     
    4.8373    6.4166    4.1122
   90.0000   90.0000   90.0000
   1 C     0.42870000000000D+01  0.34862000000000D+00  0.39650700000000D+01
   2 C     0.55031000000000D+00  0.60680200000000D+01  0.14714000000000D+00
   3 C     0.29689600000000D+01  0.35569400000000D+01  0.22032400000000D+01
   4 C     0.18683500000000D+01  0.28597000000000D+01  0.19089700000000D+01
   5 H     0.39004600000000D+01  0.11317100000000D+01  0.50997000000000D+00
   6 H     0.93685000000000D+00  0.52849300000000D+01  0.36022400000000D+01
   7 H     0.33555000000000D+01  0.43400300000000D+01  0.15461400000000D+01
   8 H     0.14818100000000D+01  0.20766100000000D+01  0.25660700000000D+01
   9 H     0.37208000000000D+01  0.16686000000000D+00  0.30498700000000D+01
  10 H     0.11165100000000D+01  0.62497800000000D+01  0.10623400000000D+01
  11 H     0.35351700000000D+01  0.33751800000000D+01  0.31184500000000D+01
  12 H     0.13021400000000D+01  0.30414600000000D+01  0.99376000000000D+00

  F eth_z03                                                     
    4.8042    6.3727    4.0841
   90.0000   90.0000   90.0000
   1 C     0.42543300000000D+01  0.34775000000000D+00  0.39362600000000D+01
   2 C     0.54985000000000D+00  0.60249400000000D+01  0.14779000000000D+00
   3 C     0.29519400000000D+01  0.35341000000000D+01  0.21898100000000D+01
   4 C     0.18522400000000D+01  0.28385900000000D+01  0.18942400000000D+01
   5 H     0.38679100000000D+01  0.11314700000000D+01  0.50994000000000D+00
   6 H     0.93627000000000D+00  0.52412200000000D+01  0.35741100000000D+01
   7 H     0.33383600000000D+01  0.43178200000000D+01  0.15320900000000D+01
   8 H     0.14658200000000D+01  0.20548700000000D+01  0.25519600000000D+01
   9 H     0.36859700000000D+01  0.16733000000000D+00  0.30205100000000D+01
  10 H     0.11182100000000D+01  0.62053600000000D+01  0.10635400000000D+01
  11 H     0.35203000000000D+01  0.33536700000000D+01  0.31055600000000D+01
  12 H     0.12838800000000D+01  0.30190200000000D+01  0.97849000000000D+00

  F eth_z04                                                     
    4.7706    6.3281    4.0555
   90.0000   90.0000   90.0000
   1 C     0.42206900000000D+01  0.34819000000000D+00  0.39083000000000D+01
   2 C     0.54989000000000D+00  0.59799400000000D+01  0.14719000000000D+00
   3 C     0.29351800000000D+01  0.35122600000000D+01  0.21749300000000D+01
   4 C     0.18354000000000D+01  0.28158700000000D+01  0.18805600000000D+01
   5 H     0.38363000000000D+01  0.11301700000000D+01  0.51074000000000D+00
   6 H     0.93428000000000D+00  0.51979600000000D+01  0.35447500000000D+01
   7 H     0.33195700000000D+01  0.42942400000000D+01  0.15170000000000D+01
   8 H     0.14510100000000D+01  0.20338900000000D+01  0.25384900000000D+01
   9 H     0.36550600000000D+01  0.16584000000000D+00  0.29930500000000D+01
  10 H     0.11155200000000D+01  0.61623000000000D+01  0.10624400000000D+01
  11 H     0.35008100000000D+01  0.33299000000000D+01  0.30901800000000D+01
  12 H     0.12697700000000D+01  0.29982200000000D+01  0.96531000000000D+00

  F eth_z05                                                     
    4.7365    6.2829    4.0265
   90.0000   90.0000   90.0000
   1 C     0.41866900000000D+01  0.34799000000000D+00  0.38791700000000D+01
   2 C     0.54982000000000D+00  0.59349300000000D+01  0.14735000000000D+00
   3 C     0.29180700000000D+01  0.34894500000000D+01  0.21606100000000D+01
   4 C     0.18184400000000D+01  0.27934700000000D+01  0.18659100000000D+01
   5 H     0.38035800000000D+01  0.11295600000000D+01  0.51143000000000D+00
   6 H     0.93293000000000D+00  0.51533600000000D+01  0.35150900000000D+01
   7 H     0.33011800000000D+01  0.42710200000000D+01  0.15018300000000D+01
   8 H     0.14353300000000D+01  0.20119000000000D+01  0.25246900000000D+01
   9 H     0.36215600000000D+01  0.16513000000000D+00  0.29638400000000D+01
  10 H     0.11149500000000D+01  0.61177900000000D+01  0.10626800000000D+01
  11 H     0.34832000000000D+01  0.33065900000000D+01  0.30759400000000D+01
  12 H     0.12533100000000D+01  0.29763300000000D+01  0.95058000000000D+00

  F eth_z06                                                     
    4.7019    6.2371    3.9971
   90.0000   90.0000   90.0000
   1 C     0.41518900000000D+01  0.34736000000000D+00  0.38486400000000D+01
   2 C     0.55004000000000D+00  0.58897000000000D+01  0.14849000000000D+00
   3 C     0.29010100000000D+01  0.34658900000000D+01  0.21470500000000D+01
   4 C     0.18009200000000D+01  0.27711700000000D+01  0.18500800000000D+01
   5 H     0.37706000000000D+01  0.11289300000000D+01  0.51229000000000D+00
   6 H     0.93133000000000D+00  0.51081300000000D+01  0.34848400000000D+01
   7 H     0.32823000000000D+01  0.42474600000000D+01  0.14862800000000D+01
   8 H     0.14196300000000D+01  0.19896000000000D+01  0.25108500000000D+01
   9 H     0.35877600000000D+01  0.16448000000000D+00  0.29345200000000D+01
  10 H     0.11141700000000D+01  0.60725800000000D+01  0.10626100000000D+01
  11 H     0.34651300000000D+01  0.32830100000000D+01  0.30611700000000D+01
  12 H     0.12368000000000D+01  0.29540500000000D+01  0.93596000000000D+00

  F eth_z07                                                     
    4.5950    6.0953    3.9063
   90.0000   90.0000   90.0000
   1 C     0.40462900000000D+01  0.34761000000000D+00  0.37598100000000D+01
   2 C     0.54874000000000D+00  0.57476500000000D+01  0.14644000000000D+00
   3 C     0.28462500000000D+01  0.33952400000000D+01  0.20995600000000D+01
   4 C     0.17487800000000D+01  0.27000200000000D+01  0.18066900000000D+01
   5 H     0.36668300000000D+01  0.11277500000000D+01  0.51430000000000D+00
   6 H     0.92820000000000D+00  0.49675100000000D+01  0.33919500000000D+01
   7 H     0.32257100000000D+01  0.41753800000000D+01  0.14388200000000D+01
   8 H     0.13693200000000D+01  0.19198800000000D+01  0.24674300000000D+01
   9 H     0.34850100000000D+01  0.16142000000000D+00  0.28444700000000D+01
  10 H     0.11100200000000D+01  0.59338400000000D+01  0.10617800000000D+01
  11 H     0.34075400000000D+01  0.32090500000000D+01  0.30149000000000D+01
  12 H     0.11874900000000D+01  0.28862100000000D+01  0.89135000000000D+00

