       1       1       0       1  0.000  2.000 -1.560                                               
       2       1       0       2  0.000  2.000 -1.560                                               
       3       1       0       3  0.000  2.000 -1.560                                               
       4       1       0       4  0.000  2.000 -1.560                                               
       5       2       0       5  0.000  0.002  0.789                                               
       6       2       0       6  0.000  0.002  0.789                                               
       7       2       0       7  0.000  0.002  0.789                                               
       8       2       0       8  0.000  0.002  0.789                                               
       9       2       0       9  0.000  0.002  0.771                                               
      10       2       0      10  0.000  0.002  0.771                                               
      11       2       0      11  0.000  0.002  0.771                                               
      12       2       0      12  0.000  0.002  0.771                                               
