  F bnz_ref                                                     
   20.0000   20.0000   20.0000
   90.0000   90.0000   90.0000
   1 C     0.104081600000000D+02 0.113374000000000D+02 0.998114000000000D+01
   2 C     0.959184000000000D+01 0.866260000000000D+01 0.100188600000000D+02
   3 C     0.942298000000000D+01 0.108948200000000D+02 0.909418000000000D+01
   4 C     0.105770200000000D+02 0.910518000000000D+01 0.109058200000000D+02
   5 C     0.109852600000000D+02 0.104418400000000D+02 0.108864200000000D+02
   6 C     0.901474000000000D+01 0.955816000000000D+01 0.911358000000000D+01
   7 H     0.107237000000000D+02 0.123824800000000D+02 0.996738000000000D+01
   8 H     0.927630000000000D+01 0.761752000000000D+01 0.100326200000000D+02
   9 H     0.897248000000000D+01 0.115912600000000D+02 0.838572000000000D+01
  10 H     0.110275200000000D+02 0.840874000000000D+01 0.116142800000000D+02
  11 H     0.117561000000000D+02 0.107857800000000D+02 0.115775200000000D+02
  12 H     0.824390000000000D+01 0.921422000000000D+01 0.842248000000000D+01

  F bnz_a                                                       
    7.4992    9.5548    6.8314
   90.0000   90.0000   90.0000
   1 C     0.709392999999999D+01 0.133843999999999D+01 0.585024166666664D+00
   2 C     0.405319999999995D+00 0.821634999999999D+01 0.553544166666664D+00
   3 C     0.415493999999999D+01 0.821634999999999D+01 0.400072416666666D+01
   4 C     0.334430999999999D+01 0.133843999999999D+01 0.396925416666666D+01
   5 C     0.405319999999995D+00 0.611584000000000D+01 0.396925416666666D+01
   6 C     0.709392999999999D+01 0.343894999999999D+01 0.400072416666666D+01
   7 C     0.334430999999999D+01 0.343894999999999D+01 0.553544166666664D+00
   8 C     0.415493999999999D+01 0.611584000000000D+01 0.585024166666664D+00
   9 C     0.578059999999995D+00 0.892709999999995D+00 0.147426416666666D+01
  10 C     0.692118999999999D+01 0.866207999999999D+01 0.649571416666666D+01
  11 C     0.317156999999999D+01 0.866207999999999D+01 0.488997416666666D+01
  12 C     0.432767999999999D+01 0.892709999999995D+00 0.308000416666666D+01
  13 C     0.692118999999999D+01 0.567010999999999D+01 0.308000416666666D+01
  14 C     0.578059999999995D+00 0.388467999999999D+01 0.488997416666666D+01
  15 C     0.432767999999999D+01 0.388467999999999D+01 0.649571416666666D+01
  16 C     0.317156999999999D+01 0.567010999999999D+01 0.147426416666666D+01
  17 C     0.651266000000000D+01 0.444649999999995D+00 0.651109416666666D+01
  18 C     0.986589999999995D+00 0.911013999999999D+01 0.145888416666666D+01
  19 C     0.473621999999999D+01 0.911013999999999D+01 0.309539416666666D+01
  20 C     0.276302999999999D+01 0.444649999999995D+00 0.487458416666666D+01
  21 C     0.986589999999995D+00 0.522204999999999D+01 0.487458416666666D+01
  22 C     0.651266000000000D+01 0.433273999999999D+01 0.309539416666666D+01
  23 C     0.276302999999999D+01 0.433273999999999D+01 0.145888416666666D+01
  24 C     0.473621999999999D+01 0.522204999999999D+01 0.651109416666666D+01
  25 H     0.678110999999999D+01 0.238379999999999D+01 0.598774166666664D+00
  26 H     0.718139999999995D+00 0.717098999999999D+01 0.539794166666664D+00
  27 H     0.446775999999999D+01 0.717098999999999D+01 0.401448416666666D+01
  28 H     0.303148999999999D+01 0.238379999999999D+01 0.395549416666666D+01
  29 H     0.718139999999995D+00 0.716118999999999D+01 0.395549416666666D+01
  30 H     0.678110999999999D+01 0.239359999999999D+01 0.401448416666666D+01
  31 H     0.303148999999999D+01 0.239359999999999D+01 0.539794166666664D+00
  32 H     0.446775999999999D+01 0.716119000000000D+01 0.598774166666664D+00
  33 H     0.102559999999999D+01 0.158525999999999D+01 0.218720416666666D+01
  34 H     0.647364999999999D+01 0.796952999999999D+01 0.578277416666666D+01
  35 H     0.272402999999999D+01 0.796952999999999D+01 0.560291416666666D+01
  36 H     0.477521999999999D+01 0.158525999999999D+01 0.236706416666666D+01
  37 H     0.647364999999999D+01 0.636265999999999D+01 0.236706416666666D+01
  38 H     0.102559999999999D+01 0.319212999999999D+01 0.560291416666666D+01
  39 H     0.477521999999999D+01 0.319212999999999D+01 0.578277416666666D+01
  40 H     0.272402999999999D+01 0.636265999999999D+01 0.218720416666666D+01
  41 H     0.573972999999999D+01 0.780539999999995D+00 0.581793416666666D+01
  42 H     0.175951999999999D+01 0.877424999999999D+01 0.215204416666666D+01
  43 H     0.550914000000000D+01 0.877424999999999D+01 0.240222416666666D+01
  44 H     0.199010999999999D+01 0.780539999999995D+00 0.556775416666666D+01
  45 H     0.175951999999999D+01 0.555793999999999D+01 0.556775416666666D+01
  46 H     0.573972999999999D+01 0.399684999999999D+01 0.240222416666666D+01
  47 H     0.199010999999999D+01 0.399684999999999D+01 0.215204416666666D+01
  48 H     0.550914000000000D+01 0.555794000000000D+01 0.581793416666666D+01

  F bnz_b                                                       
    7.4518    9.4943    6.7882
   90.0000   90.0000   90.0000
   1 C     0.704592999999999D+01 0.133815999999999D+01 0.581960833333328D+00
   2 C     0.405859999999994D+00 0.815615999999999D+01 0.549400833333328D+00
   3 C     0.413175999999999D+01 0.815615999999999D+01 0.397604083333333D+01
   4 C     0.332002999999999D+01 0.133815999999999D+01 0.394349083333333D+01
   5 C     0.405859999999994D+00 0.608531999999999D+01 0.394349083333333D+01
   6 C     0.704592999999999D+01 0.340899999999999D+01 0.397604083333333D+01
   7 C     0.332002999999999D+01 0.340899999999999D+01 0.549400833333328D+00
   8 C     0.413175999999999D+01 0.608531999999999D+01 0.581960833333328D+00
   9 C     0.578179999999994D+00 0.892509999999993D+00 0.147030083333333D+01
  10 C     0.687360999999999D+01 0.860180999999999D+01 0.644923083333333D+01
  11 C     0.314771999999999D+01 0.860180999999999D+01 0.486438083333333D+01
  12 C     0.430406999999999D+01 0.892509999999993D+00 0.305515083333333D+01
  13 C     0.687360999999999D+01 0.563966999999999D+01 0.305515083333333D+01
  14 C     0.578179999999994D+00 0.385464999999999D+01 0.486438083333333D+01
  15 C     0.430406999999999D+01 0.385464999999999D+01 0.644923083333333D+01
  16 C     0.314771999999999D+01 0.563966999999999D+01 0.147030083333333D+01
  17 C     0.646505999999999D+01 0.444499999999993D+00 0.646458083333333D+01
  18 C     0.986729999999994D+00 0.904981999999999D+01 0.145495083333333D+01
  19 C     0.471261999999999D+01 0.904981999999999D+01 0.307049083333333D+01
  20 C     0.273916999999999D+01 0.444499999999993D+00 0.484904083333333D+01
  21 C     0.986729999999994D+00 0.519165999999999D+01 0.484904083333333D+01
  22 C     0.646505999999999D+01 0.430265999999999D+01 0.307049083333333D+01
  23 C     0.273916999999999D+01 0.430265999999999D+01 0.145495083333333D+01
  24 C     0.471261999999999D+01 0.519165999999999D+01 0.646458083333333D+01
  25 H     0.673285999999999D+01 0.238324999999999D+01 0.595550833333328D+00
  26 H     0.718929999999994D+00 0.711106999999999D+01 0.535810833333329D+00
  27 H     0.444481999999999D+01 0.711106999999999D+01 0.398963083333333D+01
  28 H     0.300696999999999D+01 0.238324999999999D+01 0.392990083333333D+01
  29 H     0.718929999999994D+00 0.713040999999999D+01 0.392990083333333D+01
  30 H     0.673285999999999D+01 0.236390999999999D+01 0.398963083333333D+01
  31 H     0.300696999999999D+01 0.236390999999999D+01 0.535810833333328D+00
  32 H     0.444481999999999D+01 0.713040999999999D+01 0.595550833333328D+00
  33 H     0.102575999999999D+01 0.158470999999999D+01 0.218335083333333D+01
  34 H     0.642602999999999D+01 0.790960999999999D+01 0.573618083333333D+01
  35 H     0.270012999999999D+01 0.790960999999999D+01 0.557743083333333D+01
  36 H     0.475165999999999D+01 0.158470999999999D+01 0.234210083333333D+01
  37 H     0.642602999999999D+01 0.633186999999999D+01 0.234210083333333D+01
  38 H     0.102575999999999D+01 0.316244999999999D+01 0.557743083333333D+01
  39 H     0.475165999999999D+01 0.316244999999999D+01 0.573618083333333D+01
  40 H     0.270012999999999D+01 0.633186999999999D+01 0.218335083333333D+01
  41 H     0.569185999999999D+01 0.780049999999993D+00 0.577196083333333D+01
  42 H     0.175992999999999D+01 0.871426999999999D+01 0.214757083333333D+01
  43 H     0.548582000000000D+01 0.871426999999999D+01 0.237787083333333D+01
  44 H     0.196596999999999D+01 0.780049999999993D+00 0.554166083333333D+01
  45 H     0.175992999999999D+01 0.552720999999999D+01 0.554166083333333D+01
  46 H     0.569185999999999D+01 0.396710999999999D+01 0.237787083333333D+01
  47 H     0.196596999999999D+01 0.396710999999999D+01 0.214757083333333D+01
  48 H     0.548582000000000D+01 0.552720999999999D+01 0.577196083333333D+01

  F bnz_c                                                       
    7.4037    9.4331    6.7444
   90.0000   90.0000   90.0000
   1 C     0.699910076875768D+01 0.133855999999999D+01 0.577720833333330D+00
   2 C     0.404610768757682D+00 0.809449999999999D+01 0.546340833333330D+00
   3 C     0.410647076875768D+01 0.809449999999999D+01 0.394991083333333D+01
   4 C     0.329724076875768D+01 0.133855999999999D+01 0.391852083333333D+01
   5 C     0.404610768757682D+00 0.605508999999999D+01 0.391852083333333D+01
   6 C     0.699910076875768D+01 0.337796999999999D+01 0.394991083333333D+01
   7 C     0.329724076875768D+01 0.337796999999999D+01 0.546340833333330D+00
   8 C     0.410647076875768D+01 0.605508999999999D+01 0.577720833333330D+00
   9 C     0.577760768757682D+00 0.892509999999995D+00 0.146694083333333D+01
  10 C     0.682595076875768D+01 0.854054999999999D+01 0.640149083333333D+01
  11 C     0.312409076875768D+01 0.854054999999999D+01 0.483913083333333D+01
  12 C     0.427961076875768D+01 0.892509999999995D+00 0.302930083333333D+01
  13 C     0.682595076875768D+01 0.560903999999999D+01 0.302930083333333D+01
  14 C     0.577760768757682D+00 0.382401999999999D+01 0.483913083333333D+01
  15 C     0.427961076875768D+01 0.382401999999999D+01 0.640149083333333D+01
  16 C     0.312409076875768D+01 0.560903999999999D+01 0.146694083333333D+01
  17 C     0.641771076875768D+01 0.444589999999995D+00 0.641776083333333D+01
  18 C     0.986000768757682D+00 0.898846999999999D+01 0.145067083333333D+01
  19 C     0.468786076875768D+01 0.898846999999999D+01 0.304558083333333D+01
  20 C     0.271585076875768D+01 0.444589999999995D+00 0.482285083333333D+01
  21 C     0.986000768757682D+00 0.516112000000000D+01 0.482285083333333D+01
  22 C     0.641771076875768D+01 0.427193999999999D+01 0.304558083333333D+01
  23 C     0.271585076875768D+01 0.427193999999999D+01 0.145067083333333D+01
  24 C     0.468786076875768D+01 0.516112000000000D+01 0.641776083333333D+01
  25 H     0.668738076875768D+01 0.238407999999999D+01 0.590940833333330D+00
  26 H     0.716330768757682D+00 0.704897999999999D+01 0.533120833333330D+00
  27 H     0.441819076875768D+01 0.704897999999999D+01 0.396312083333333D+01
  28 H     0.298552076875768D+01 0.238407999999999D+01 0.390531083333333D+01
  29 H     0.716330768757682D+00 0.710060999999999D+01 0.390531083333333D+01
  30 H     0.668738076875768D+01 0.233244999999999D+01 0.396312083333333D+01
  31 H     0.298552076875768D+01 0.233244999999999D+01 0.533120833333330D+00
  32 H     0.441819076875768D+01 0.710060999999999D+01 0.590940833333330D+00
  33 H     0.102428076875768D+01 0.158407999999999D+01 0.218096083333333D+01
  34 H     0.637943076875768D+01 0.784897999999999D+01 0.568747083333333D+01
  35 H     0.267757076875768D+01 0.784897999999999D+01 0.555315083333333D+01
  36 H     0.472614076875768D+01 0.158407999999999D+01 0.231528083333333D+01
  37 H     0.637943076875768D+01 0.630060999999999D+01 0.231528083333333D+01
  38 H     0.102428076875768D+01 0.313244999999999D+01 0.555315083333333D+01
  39 H     0.472614076875768D+01 0.313244999999999D+01 0.568747083333333D+01
  40 H     0.267757076875768D+01 0.630060999999999D+01 0.218096083333333D+01
  41 H     0.564395076875768D+01 0.779509999999995D+00 0.572540083333333D+01
  42 H     0.175976076875768D+01 0.865354999999999D+01 0.214303083333333D+01
  43 H     0.546161076875768D+01 0.865354999999999D+01 0.235321083333333D+01
  44 H     0.194210076875768D+01 0.779509999999995D+00 0.551522083333333D+01
  45 H     0.175976076875768D+01 0.549603999999999D+01 0.551522083333333D+01
  46 H     0.564395076875768D+01 0.393701999999999D+01 0.235321083333333D+01
  47 H     0.194210076875768D+01 0.393701999999999D+01 0.214303083333333D+01
  48 H     0.546161076875768D+01 0.549603999999999D+01 0.572540083333333D+01

  F bnz_z01                                                     
    7.3550    9.3710    6.7000
   90.0000   90.0000   90.0000
   1 C     0.694841000000000D+01 0.133762000000000D+01 0.575513333333330D+00
   2 C     0.406589999999996D+00 0.803338000000000D+01 0.541153333333329D+00
   3 C     0.408409000000000D+01 0.803338000000000D+01 0.392551333333333D+01
   4 C     0.327091000000000D+01 0.133762000000000D+01 0.389115333333333D+01
   5 C     0.406589999999996D+00 0.602312000000000D+01 0.389115333333333D+01
   6 C     0.694841000000000D+01 0.334788000000000D+01 0.392551333333333D+01
   7 C     0.327091000000000D+01 0.334788000000000D+01 0.541153333333330D+00
   8 C     0.408409000000000D+01 0.602312000000000D+01 0.575513333333330D+00
   9 C     0.577929999999996D+00 0.892259999999997D+00 0.146247333333333D+01
  10 C     0.677707000000000D+01 0.847874000000000D+01 0.635419333333333D+01
  11 C     0.309957000000000D+01 0.847874000000000D+01 0.481247333333333D+01
  12 C     0.425543000000000D+01 0.892259999999997D+00 0.300419333333333D+01
  13 C     0.677707000000000D+01 0.557776000000000D+01 0.300419333333333D+01
  14 C     0.577929999999996D+00 0.379324000000000D+01 0.481247333333333D+01
  15 C     0.425543000000000D+01 0.379324000000000D+01 0.635419333333333D+01
  16 C     0.309957000000000D+01 0.557776000000000D+01 0.146247333333333D+01
  17 C     0.636758000000000D+01 0.443979999999996D+00 0.637081333333333D+01
  18 C     0.987419999999996D+00 0.892702000000000D+01 0.144585333333333D+01
  19 C     0.466492000000000D+01 0.892702000000000D+01 0.302081333333333D+01
  20 C     0.269008000000000D+01 0.443979999999996D+00 0.479585333333333D+01
  21 C     0.987419999999996D+00 0.512948000000000D+01 0.479585333333333D+01
  22 C     0.636758000000000D+01 0.424152000000000D+01 0.302081333333333D+01
  23 C     0.269008000000000D+01 0.424152000000000D+01 0.144585333333333D+01
  24 C     0.466492000000000D+01 0.512948000000000D+01 0.637081333333333D+01
  25 H     0.663425000000000D+01 0.238183000000000D+01 0.590763333333330D+00
  26 H     0.720749999999996D+00 0.698917000000000D+01 0.525903333333330D+00
  27 H     0.439825000000000D+01 0.698917000000000D+01 0.394076333333333D+01
  28 H     0.295675000000000D+01 0.238183000000000D+01 0.387590333333333D+01
  29 H     0.720749999999996D+00 0.706733000000000D+01 0.387590333333333D+01
  30 H     0.663425000000000D+01 0.230367000000000D+01 0.394076333333333D+01
  31 H     0.295675000000000D+01 0.230367000000000D+01 0.525903333333330D+00
  32 H     0.439825000000000D+01 0.706733000000000D+01 0.590763333333330D+00
  33 H     0.102598000000000D+01 0.158420000000000D+01 0.217442333333333D+01
  34 H     0.632902000000000D+01 0.778680000000000D+01 0.564224333333333D+01
  35 H     0.265152000000000D+01 0.778680000000000D+01 0.552442333333333D+01
  36 H     0.470348000000000D+01 0.158420000000000D+01 0.229224333333333D+01
  37 H     0.632902000000000D+01 0.626970000000000D+01 0.229224333333333D+01
  38 H     0.102598000000000D+01 0.310130000000000D+01 0.552442333333333D+01
  39 H     0.470348000000000D+01 0.310130000000000D+01 0.564224333333333D+01
  40 H     0.265152000000000D+01 0.626970000000000D+01 0.217442333333333D+01
  41 H     0.559415000000000D+01 0.778339999999996D+00 0.567817333333333D+01
  42 H     0.176085000000000D+01 0.859266000000000D+01 0.213849333333333D+01
  43 H     0.543835000000000D+01 0.859266000000000D+01 0.232817333333333D+01
  44 H     0.191665000000000D+01 0.778339999999996D+00 0.548849333333333D+01
  45 H     0.176085000000000D+01 0.546384000000000D+01 0.548849333333333D+01
  46 H     0.559415000000000D+01 0.390716000000000D+01 0.232817333333333D+01
  47 H     0.191665000000000D+01 0.390716000000000D+01 0.213849333333333D+01
  48 H     0.543835000000000D+01 0.546384000000000D+01 0.567817333333333D+01

  F bnz_z02                                                     
    7.3056    9.3081    6.6550
   90.0000   90.0000   90.0000
   1 C     0.689879999999999D+01 0.133751076875768D+01 0.572135064575640D+00
   2 C     0.406839999999995D+00 0.797059076875768D+01 0.537035064575640D+00
   3 C     0.405966000000000D+01 0.797059076875768D+01 0.389964506457564D+01
   4 C     0.324597999999999D+01 0.133751076875768D+01 0.386455506457564D+01
   5 C     0.406839999999995D+00 0.599157076875768D+01 0.386455506457564D+01
   6 C     0.689879999999999D+01 0.331654076875768D+01 0.389964506457564D+01
   7 C     0.324597999999999D+01 0.331654076875768D+01 0.537035064575640D+00
   8 C     0.405966000000000D+01 0.599157076875768D+01 0.572135064575640D+00
   9 C     0.577989999999995D+00 0.892130768757684D+00 0.145831506457564D+01
  10 C     0.672765000000000D+01 0.841598076875768D+01 0.630588506457564D+01
  11 C     0.307483000000000D+01 0.841598076875768D+01 0.478583506457564D+01
  12 C     0.423080999999999D+01 0.892130768757684D+00 0.297836506457564D+01
  13 C     0.672765000000000D+01 0.554618076875768D+01 0.297836506457564D+01
  14 C     0.577989999999995D+00 0.376193076875768D+01 0.478583506457564D+01
  15 C     0.423080999999999D+01 0.376193076875768D+01 0.630588506457564D+01
  16 C     0.307483000000000D+01 0.554618076875768D+01 0.145831506457564D+01
  17 C     0.631836999999999D+01 0.444130768757684D+00 0.632205506457564D+01
  18 C     0.987269999999995D+00 0.886398076875768D+01 0.144215506457564D+01
  19 C     0.464009000000000D+01 0.886398076875768D+01 0.299453506457564D+01
  20 C     0.266555000000000D+01 0.444130768757684D+00 0.476966506457564D+01
  21 C     0.987269999999995D+00 0.509818076875768D+01 0.476966506457564D+01
  22 C     0.631836999999999D+01 0.420993076875768D+01 0.299453506457564D+01
  23 C     0.266555000000000D+01 0.420993076875768D+01 0.144215506457564D+01
  24 C     0.464009000000000D+01 0.509818076875768D+01 0.632205506457564D+01
  25 H     0.658599000000000D+01 0.238207076875768D+01 0.587165064575640D+00
  26 H     0.719649999999995D+00 0.692604076875768D+01 0.522005064575640D+00
  27 H     0.437246999999999D+01 0.692604076875768D+01 0.391468506457564D+01
  28 H     0.293317000000000D+01 0.238207076875768D+01 0.384951506457564D+01
  29 H     0.719649999999995D+00 0.703612076875768D+01 0.384951506457564D+01
  30 H     0.658599000000000D+01 0.227199076875768D+01 0.391468506457564D+01
  31 H     0.293317000000000D+01 0.227199076875768D+01 0.522005064575640D+00
  32 H     0.437246999999999D+01 0.703612076875768D+01 0.587165064575640D+00
  33 H     0.102538000000000D+01 0.158328076875768D+01 0.217115506457564D+01
  34 H     0.628025999999999D+01 0.772483076875768D+01 0.559304506457564D+01
  35 H     0.262744000000000D+01 0.772483076875768D+01 0.549867506457564D+01
  36 H     0.467820000000000D+01 0.158328076875768D+01 0.226552506457564D+01
  37 H     0.628025999999999D+01 0.623734076875768D+01 0.226552506457564D+01
  38 H     0.102538000000000D+01 0.307077076875768D+01 0.549867506457564D+01
  39 H     0.467820000000000D+01 0.307077076875768D+01 0.559304506457564D+01
  40 H     0.262744000000000D+01 0.623734076875768D+01 0.217115506457564D+01
  41 H     0.554389000000000D+01 0.778000768757684D+00 0.563024506457564D+01
  42 H     0.176175000000000D+01 0.853011076875768D+01 0.213395506457564D+01
  43 H     0.541457000000000D+01 0.853011076875768D+01 0.230273506457564D+01
  44 H     0.189106999999999D+01 0.778000768757684D+00 0.546146506457564D+01
  45 H     0.176175000000000D+01 0.543205076875768D+01 0.546146506457564D+01
  46 H     0.554389000000000D+01 0.387606076875768D+01 0.230273506457564D+01
  47 H     0.189106999999999D+01 0.387606076875768D+01 0.213395506457564D+01
  48 H     0.541457000000000D+01 0.543205076875768D+01 0.563024506457564D+01

  F bnz_z03                                                     
    7.2556    9.2444    6.6094
   90.0000   90.0000   90.0000
   1 C     0.681502000000000D+01 0.132511999999999D+01 0.592947499999995D+00
   2 C     0.440579999999995D+00 0.791922999999999D+01 0.508627499999995D+00
   3 C     0.406838000000000D+01 0.791922999999999D+01 0.389767749999999D+01
   4 C     0.318722000000000D+01 0.132511999999999D+01 0.381334750000000D+01
   5 C     0.440579999999995D+00 0.594729999999999D+01 0.381334750000000D+01
   6 C     0.681502000000000D+01 0.329704999999999D+01 0.389767749999999D+01
   7 C     0.318722000000000D+01 0.329704999999999D+01 0.508627499999995D+00
   8 C     0.406838000000000D+01 0.594729999999999D+01 0.592947499999995D+00
   9 C     0.562799999999995D+00 0.897199999999991D+00 0.146087749999999D+01
  10 C     0.669279999999999D+01 0.834714999999999D+01 0.625014750000000D+01
  11 C     0.306500000000000D+01 0.834714999999999D+01 0.476560749999999D+01
  12 C     0.419059999999999D+01 0.897199999999991D+00 0.294541749999999D+01
  13 C     0.669279999999999D+01 0.551937999999999D+01 0.294541749999999D+01
  14 C     0.562799999999995D+00 0.372496999999999D+01 0.476560749999999D+01
  15 C     0.419059999999999D+01 0.372496999999999D+01 0.625014750000000D+01
  16 C     0.306500000000000D+01 0.551937999999999D+01 0.146087749999999D+01
  17 C     0.625398999999999D+01 0.427949999999991D+00 0.628796750000000D+01
  18 C     0.100161000000000D+01 0.881639999999999D+01 0.142305749999999D+01
  19 C     0.462940999999999D+01 0.881639999999999D+01 0.298324749999999D+01
  20 C     0.262618999999999D+01 0.427949999999991D+00 0.472777749999999D+01
  21 C     0.100161000000000D+01 0.505011999999999D+01 0.472777750000000D+01
  22 C     0.625398999999999D+01 0.419422999999999D+01 0.298324749999999D+01
  23 C     0.262618999999999D+01 0.419422999999999D+01 0.142305749999999D+01
  24 C     0.462940999999999D+01 0.505011999999999D+01 0.628796750000000D+01
  25 H     0.647405999999999D+01 0.236246999999999D+01 0.618967499999995D+00
  26 H     0.781539999999995D+00 0.688187999999999D+01 0.482607499999995D+00
  27 H     0.440933999999999D+01 0.688187999999999D+01 0.392368749999999D+01
  28 H     0.284626000000000D+01 0.236246999999999D+01 0.378733749999999D+01
  29 H     0.781539999999995D+00 0.698463999999999D+01 0.378733750000000D+01
  30 H     0.647405999999999D+01 0.225970999999999D+01 0.392368749999999D+01
  31 H     0.284626000000000D+01 0.225970999999999D+01 0.482607499999995D+00
  32 H     0.440933999999999D+01 0.698463999999999D+01 0.618967499999995D+00
  33 H     0.998429999999995D+00 0.158918999999999D+01 0.217837749999999D+01
  34 H     0.625717000000000D+01 0.765515999999999D+01 0.553264750000000D+01
  35 H     0.262937000000000D+01 0.765515999999999D+01 0.548310749999999D+01
  36 H     0.462622999999999D+01 0.158918999999999D+01 0.222791749999999D+01
  37 H     0.625717000000000D+01 0.621135999999999D+01 0.222791749999999D+01
  38 H     0.998429999999995D+00 0.303298999999999D+01 0.548310749999999D+01
  39 H     0.462622999999999D+01 0.303298999999999D+01 0.553264750000000D+01
  40 H     0.262937000000000D+01 0.621135999999999D+01 0.217837749999999D+01
  41 H     0.546151999999999D+01 0.752679999999991D+00 0.560713750000000D+01
  42 H     0.179408000000000D+01 0.849166999999999D+01 0.210388749999999D+01
  43 H     0.542187999999999D+01 0.849166999999999D+01 0.230240749999999D+01
  44 H     0.183372000000000D+01 0.752679999999991D+00 0.540861749999999D+01
  45 H     0.179408000000000D+01 0.537485999999999D+01 0.540861749999999D+01
  46 H     0.546151999999999D+01 0.386948999999999D+01 0.230240749999999D+01
  47 H     0.183372000000000D+01 0.386948999999999D+01 0.210388750000000D+01
  48 H     0.542187999999999D+01 0.537485999999999D+01 0.560713750000000D+01

  F bnz_z04                                                     
    7.2049    9.1797    6.5632
   90.0000   90.0000   90.0000
   1 C     0.679567000000000D+01 0.133641999999999D+01 0.567235833333331D+00
   2 C     0.409189999999996D+00 0.784327999999999D+01 0.526635833333331D+00
   3 C     0.401162000000000D+01 0.784327999999999D+01 0.384885583333333D+01
   4 C     0.319324000000000D+01 0.133641999999999D+01 0.380824583333333D+01
   5 C     0.409189999999996D+00 0.592626999999999D+01 0.380824583333333D+01
   6 C     0.679567000000000D+01 0.325342999999999D+01 0.384885583333333D+01
   7 C     0.319324000000000D+01 0.325342999999999D+01 0.526635833333331D+00
   8 C     0.401162000000000D+01 0.592626999999999D+01 0.567235833333331D+00
   9 C     0.578049999999996D+00 0.891669999999995D+00 0.144989583333333D+01
  10 C     0.662681000000000D+01 0.828802999999999D+01 0.620720583333333D+01
  11 C     0.302438000000000D+01 0.828802999999999D+01 0.473150583333333D+01
  12 C     0.418048000000000D+01 0.891669999999995D+00 0.292559583333333D+01
  13 C     0.662681000000000D+01 0.548151999999999D+01 0.292559583333333D+01
  14 C     0.578049999999996D+00 0.369817999999999D+01 0.473150583333333D+01
  15 C     0.418048000000000D+01 0.369817999999999D+01 0.620720583333333D+01
  16 C     0.302438000000000D+01 0.548151999999999D+01 0.144989583333333D+01
  17 C     0.621489000000000D+01 0.443089999999995D+00 0.622653583333333D+01
  18 C     0.989969999999996D+00 0.873661000000000D+01 0.143056583333333D+01
  19 C     0.459240000000000D+01 0.873661000000000D+01 0.294491583333333D+01
  20 C     0.261246000000000D+01 0.443089999999995D+00 0.471218583333333D+01
  21 C     0.989969999999996D+00 0.503293999999999D+01 0.471218583333333D+01
  22 C     0.621489000000000D+01 0.414675999999999D+01 0.294491583333333D+01
  23 C     0.261246000000000D+01 0.414675999999999D+01 0.143056583333333D+01
  24 C     0.459240000000000D+01 0.503293999999999D+01 0.622653583333333D+01
  25 H     0.648130000000000D+01 0.238019999999999D+01 0.583725833333331D+00
  26 H     0.723559999999996D+00 0.679949999999999D+01 0.510145833333331D+00
  27 H     0.432599000000000D+01 0.679949999999999D+01 0.386533583333333D+01
  28 H     0.287887000000000D+01 0.238019999999999D+01 0.379176583333333D+01
  29 H     0.723559999999996D+00 0.697004999999999D+01 0.379176583333333D+01
  30 H     0.648130000000000D+01 0.220964999999999D+01 0.386533583333333D+01
  31 H     0.287887000000000D+01 0.220964999999999D+01 0.510145833333331D+00
  32 H     0.432599000000000D+01 0.697004999999999D+01 0.583725833333331D+00
  33 H     0.102463000000000D+01 0.158187999999999D+01 0.216338583333333D+01
  34 H     0.618023000000000D+01 0.759781999999999D+01 0.549371583333333D+01
  35 H     0.257780000000000D+01 0.759781999999999D+01 0.544500583333333D+01
  36 H     0.462706000000000D+01 0.158187999999999D+01 0.221209583333333D+01
  37 H     0.618023000000000D+01 0.617172999999999D+01 0.221209583333333D+01
  38 H     0.102463000000000D+01 0.300796999999999D+01 0.544500583333333D+01
  39 H     0.462706000000000D+01 0.300796999999999D+01 0.549371583333333D+01
  40 H     0.257780000000000D+01 0.617172999999999D+01 0.216338583333333D+01
  41 H     0.543713000000000D+01 0.774589999999995D+00 0.553861583333333D+01
  42 H     0.176773000000000D+01 0.840511000000000D+01 0.211848583333333D+01
  43 H     0.537016000000000D+01 0.840511000000000D+01 0.225699583333333D+01
  44 H     0.183470000000000D+01 0.774589999999995D+00 0.540010583333333D+01
  45 H     0.176773000000000D+01 0.536443999999999D+01 0.540010583333333D+01
  46 H     0.543713000000000D+01 0.381525999999999D+01 0.225699583333333D+01
  47 H     0.183470000000000D+01 0.381525999999999D+01 0.211848583333333D+01
  48 H     0.537016000000000D+01 0.536443999999999D+01 0.553861583333333D+01

  F bnz_z05                                                     
    7.1534    9.1141    6.5164
   90.0000   90.0000   90.0000
   1 C     0.673562000000000D+01 0.133330999999999D+01 0.570999166666663D+00
   2 C     0.417769999999996D+00 0.778081999999999D+01 0.515059166666663D+00
   3 C     0.399446000000000D+01 0.778081999999999D+01 0.382917916666666D+01
   4 C     0.315893000000000D+01 0.133330999999999D+01 0.377322916666666D+01
   5 C     0.417769999999996D+00 0.589036999999999D+01 0.377322916666666D+01
   6 C     0.673562000000000D+01 0.322375999999999D+01 0.382917916666666D+01
   7 C     0.315893000000000D+01 0.322375999999999D+01 0.515059166666663D+00
   8 C     0.399446000000000D+01 0.589036999999999D+01 0.570999166666663D+00
   9 C     0.578319999999996D+00 0.891659999999993D+00 0.144460916666666D+01
  10 C     0.657507000000000D+01 0.822246999999999D+01 0.615779916666666D+01
  11 C     0.299838000000000D+01 0.822246999999999D+01 0.470277916666666D+01
  12 C     0.415501000000000D+01 0.891659999999993D+00 0.289962916666666D+01
  13 C     0.657507000000000D+01 0.544872999999999D+01 0.289962916666666D+01
  14 C     0.578319999999996D+00 0.366539999999999D+01 0.470277916666666D+01
  15 C     0.415501000000000D+01 0.366539999999999D+01 0.615779916666666D+01
  16 C     0.299838000000000D+01 0.544872999999999D+01 0.144460916666666D+01
  17 C     0.615320000000000D+01 0.439369999999993D+00 0.618520916666666D+01
  18 C     0.100019000000000D+01 0.867475999999999D+01 0.141719916666666D+01
  19 C     0.457689000000000D+01 0.867475999999999D+01 0.292703916666666D+01
  20 C     0.257650000000000D+01 0.439369999999993D+00 0.467536916666666D+01
  21 C     0.100019000000000D+01 0.499643999999999D+01 0.467536916666666D+01
  22 C     0.615320000000000D+01 0.411768999999999D+01 0.292703916666666D+01
  23 C     0.257650000000000D+01 0.411768999999999D+01 0.141719916666666D+01
  24 C     0.457689000000000D+01 0.499643999999999D+01 0.618520916666666D+01
  25 H     0.641459000000000D+01 0.237467999999999D+01 0.594559166666663D+00
  26 H     0.738799999999996D+00 0.673944999999999D+01 0.491499166666663D+00
  27 H     0.431550000000000D+01 0.673944999999999D+01 0.385273916666666D+01
  28 H     0.283789000000000D+01 0.237467999999999D+01 0.374966916666666D+01
  29 H     0.738799999999996D+00 0.693173999999999D+01 0.374966916666666D+01
  30 H     0.641459000000000D+01 0.218238999999999D+01 0.385273916666666D+01
  31 H     0.283789000000000D+01 0.218238999999999D+01 0.491499166666663D+00
  32 H     0.431550000000000D+01 0.693173999999999D+01 0.594559166666663D+00
  33 H     0.102576000000000D+01 0.158210999999999D+01 0.215663916666666D+01
  34 H     0.612763000000000D+01 0.753201999999999D+01 0.544576916666666D+01
  35 H     0.255093000000000D+01 0.753201999999999D+01 0.541481916666666D+01
  36 H     0.460246000000000D+01 0.158210999999999D+01 0.218758916666666D+01
  37 H     0.612763000000000D+01 0.613917999999999D+01 0.218758916666666D+01
  38 H     0.102576000000000D+01 0.297494999999999D+01 0.541481916666666D+01
  39 H     0.460246000000000D+01 0.297494999999999D+01 0.544576916666666D+01
  40 H     0.255093000000000D+01 0.613917999999999D+01 0.215663916666666D+01
  41 H     0.536739000000000D+01 0.767549999999993D+00 0.550474916666666D+01
  42 H     0.178600000000000D+01 0.834657999999999D+01 0.209765916666666D+01
  43 H     0.536270000000000D+01 0.834657999999999D+01 0.224657916666666D+01
  44 H     0.179069000000000D+01 0.767549999999993D+00 0.535582916666666D+01
  45 H     0.178600000000000D+01 0.532460999999999D+01 0.535582916666666D+01
  46 H     0.536739000000000D+01 0.378951999999999D+01 0.224657916666666D+01
  47 H     0.179069000000000D+01 0.378951999999999D+01 0.209765916666666D+01
  48 H     0.536270000000000D+01 0.532460999999999D+01 0.550474916666666D+01

  F bnz_z06                                                     
    7.1012    9.0476    6.4688
   90.0000   90.0000   90.0000
   1 C     0.669179000000000D+01 0.133549999999999D+01 0.559594999999997D+00
   2 C     0.409379999999995D+00 0.771209999999999D+01 0.518534999999997D+00
   3 C     0.395997000000000D+01 0.771209999999999D+01 0.379398500000000D+01
   4 C     0.314120000000000D+01 0.133549999999999D+01 0.375292500000000D+01
   5 C     0.409379999999995D+00 0.585929999999999D+01 0.375292500000000D+01
   6 C     0.669179000000000D+01 0.318829999999999D+01 0.379398500000000D+01
   7 C     0.314120000000000D+01 0.318829999999999D+01 0.518534999999997D+00
   8 C     0.395997000000000D+01 0.585929999999999D+01 0.559594999999997D+00
   9 C     0.577209999999995D+00 0.890229999999992D+00 0.144167500000000D+01
  10 C     0.652396000000000D+01 0.815736999999999D+01 0.610523500000000D+01
  11 C     0.297337000000000D+01 0.815736999999999D+01 0.467606500000000D+01
  12 C     0.412780000000000D+01 0.890229999999992D+00 0.287084500000000D+01
  13 C     0.652396000000000D+01 0.541402999999999D+01 0.287084500000000D+01
  14 C     0.577209999999995D+00 0.363356999999999D+01 0.467606500000000D+01
  15 C     0.412780000000000D+01 0.363356999999999D+01 0.610523500000000D+01
  16 C     0.297337000000000D+01 0.541402999999999D+01 0.144167500000000D+01
  17 C     0.611068000000000D+01 0.443149999999992D+00 0.612457500000000D+01
  18 C     0.990489999999995D+00 0.860444999999999D+01 0.142233500000000D+01
  19 C     0.454108000000000D+01 0.860444999999999D+01 0.289018500000000D+01
  20 C     0.256009000000000D+01 0.443149999999992D+00 0.465672500000000D+01
  21 C     0.990489999999995D+00 0.496694999999999D+01 0.465672500000000D+01
  22 C     0.611068000000000D+01 0.408064999999999D+01 0.289018500000000D+01
  23 C     0.256009000000000D+01 0.408064999999999D+01 0.142233500000000D+01
  24 C     0.454108000000000D+01 0.496694999999999D+01 0.612457500000000D+01
  25 H     0.637822999999999D+01 0.237874999999999D+01 0.576954999999997D+00
  26 H     0.722939999999995D+00 0.666884999999999D+01 0.501174999999997D+00
  27 H     0.427353000000000D+01 0.666884999999999D+01 0.381134500000000D+01
  28 H     0.282764000000000D+01 0.237874999999999D+01 0.373556500000000D+01
  29 H     0.722939999999995D+00 0.690254999999999D+01 0.373556500000000D+01
  30 H     0.637822999999999D+01 0.214504999999999D+01 0.381134500000000D+01
  31 H     0.282764000000000D+01 0.214504999999999D+01 0.501174999999997D+00
  32 H     0.427353000000000D+01 0.690254999999999D+01 0.576954999999997D+00
  33 H     0.102500000000000D+01 0.157963999999999D+01 0.215369500000000D+01
  34 H     0.607617000000000D+01 0.746795999999999D+01 0.539321500000000D+01
  35 H     0.252558000000000D+01 0.746795999999999D+01 0.538808500000000D+01
  36 H     0.457558999999999D+01 0.157963999999999D+01 0.215882500000000D+01
  37 H     0.607617000000000D+01 0.610343999999999D+01 0.215882500000000D+01
  38 H     0.102500000000000D+01 0.294415999999999D+01 0.538808500000000D+01
  39 H     0.457558999999999D+01 0.294415999999999D+01 0.539321500000000D+01
  40 H     0.252558000000000D+01 0.610343999999999D+01 0.215369500000000D+01
  41 H     0.533366999999999D+01 0.773919999999992D+00 0.543615500000000D+01
  42 H     0.176750000000000D+01 0.827367999999999D+01 0.211075500000000D+01
  43 H     0.531808999999999D+01 0.827367999999999D+01 0.220176500000000D+01
  44 H     0.178307999999999D+01 0.773919999999992D+00 0.534514500000000D+01
  45 H     0.176750000000000D+01 0.529771999999999D+01 0.534514500000000D+01
  46 H     0.533366999999999D+01 0.374987999999999D+01 0.220176500000000D+01
  47 H     0.178307999999999D+01 0.374987999999999D+01 0.211075500000000D+01
  48 H     0.531808999999999D+01 0.529771999999999D+01 0.543615500000000D+01

  F bnz_z07                                                     
    6.9397    8.8419    6.3217
   90.0000   90.0000   90.0000
   1 C     0.652025000000000D+01 0.133107923124231D+01 0.557949166666664D+00
   2 C     0.419479999999996D+00 0.751081923124230D+01 0.495669166666664D+00
   3 C     0.388934000000000D+01 0.751081923124230D+01 0.371880916666666D+01
   4 C     0.305039000000000D+01 0.133107923124231D+01 0.365651916666666D+01
   5 C     0.419479999999996D+00 0.575202923124231D+01 0.365651916666666D+01
   6 C     0.652025000000000D+01 0.308986923124231D+01 0.371880916666666D+01
   7 C     0.305039000000000D+01 0.308986923124231D+01 0.495669166666664D+00
   8 C     0.388934000000000D+01 0.575202923124231D+01 0.557949166666664D+00
   9 C     0.576909999999996D+00 0.888579231242305D+00 0.142694916666666D+01
  10 C     0.636282000000000D+01 0.795331923124230D+01 0.594837916666666D+01
  11 C     0.289295000000000D+01 0.795331923124230D+01 0.458779916666666D+01
  12 C     0.404678000000000D+01 0.888579231242305D+00 0.278752916666666D+01
  13 C     0.636282000000000D+01 0.530952923124230D+01 0.278752916666666D+01
  14 C     0.576909999999996D+00 0.353236923124230D+01 0.458779916666666D+01
  15 C     0.404678000000000D+01 0.353236923124230D+01 0.594837916666666D+01
  16 C     0.289295000000000D+01 0.530952923124230D+01 0.142694916666666D+01
  17 C     0.593679000000000D+01 0.438929231242305D+00 0.597959916666666D+01
  18 C     0.100294000000000D+01 0.840296923124231D+01 0.139572916666666D+01
  19 C     0.447280000000000D+01 0.840296923124231D+01 0.281874916666666D+01
  20 C     0.246693000000000D+01 0.438929231242305D+00 0.455657916666666D+01
  21 C     0.100294000000000D+01 0.485987923124231D+01 0.455657916666666D+01
  22 C     0.593679000000000D+01 0.398202923124231D+01 0.281874916666666D+01
  23 C     0.246693000000000D+01 0.398202923124231D+01 0.139572916666666D+01
  24 C     0.447280000000000D+01 0.485987923124231D+01 0.597959916666666D+01
  25 H     0.620276000000000D+01 0.237217923124231D+01 0.582389166666664D+00
  26 H     0.736969999999996D+00 0.646971923124230D+01 0.471229166666664D+00
  27 H     0.420684000000000D+01 0.646971923124230D+01 0.374324916666666D+01
  28 H     0.273289000000000D+01 0.237217923124231D+01 0.363207916666666D+01
  29 H     0.736969999999996D+00 0.679312923124230D+01 0.363207916666666D+01
  30 H     0.620276000000000D+01 0.204876923124231D+01 0.374324916666666D+01
  31 H     0.273289000000000D+01 0.204876923124231D+01 0.471229166666664D+00
  32 H     0.420684000000000D+01 0.679312923124230D+01 0.582389166666664D+00
  33 H     0.102231000000000D+01 0.157586923124231D+01 0.214038916666666D+01
  34 H     0.591742000000000D+01 0.726602923124230D+01 0.523493916666666D+01
  35 H     0.244755000000000D+01 0.726602923124230D+01 0.530123916666666D+01
  36 H     0.449218000000000D+01 0.157586923124231D+01 0.207408916666666D+01
  37 H     0.591742000000000D+01 0.599681923124230D+01 0.207408916666666D+01
  38 H     0.102231000000000D+01 0.284507923124230D+01 0.530123916666666D+01
  39 H     0.449218000000000D+01 0.284507923124230D+01 0.523493916666666D+01
  40 H     0.244755000000000D+01 0.599681923124230D+01 0.214038916666666D+01
  41 H     0.514534000000000D+01 0.761859231242305D+00 0.530567916666666D+01
  42 H     0.179439000000000D+01 0.808003923124231D+01 0.206964916666666D+01
  43 H     0.526426000000000D+01 0.808003923124231D+01 0.214481916666666D+01
  44 H     0.167547000000000D+01 0.761859231242305D+00 0.523050916666666D+01
  45 H     0.179439000000000D+01 0.518280923124231D+01 0.523050916666666D+01
  46 H     0.514534000000000D+01 0.365908923124231D+01 0.214481916666666D+01
  47 H     0.167547000000000D+01 0.365908923124231D+01 0.206964916666666D+01
  48 H     0.526426000000000D+01 0.518280923124231D+01 0.530567916666666D+01

  F bnz_z08                                                     
    6.4677    8.2405    5.8918
   90.0000   90.0000   90.0000
   1 C     0.602859000000000D+01 0.131724000000000D+01 0.542329166666663D+00
   2 C     0.439149999999997D+00 0.692330000000000D+01 0.439629166666663D+00
   3 C     0.367302000000000D+01 0.692330000000000D+01 0.348819916666666D+01
   4 C     0.279472000000000D+01 0.131724000000000D+01 0.338550916666666D+01
   5 C     0.439149999999997D+00 0.543751000000000D+01 0.338550916666666D+01
   6 C     0.602859000000000D+01 0.280303000000000D+01 0.348819916666666D+01
   7 C     0.279472000000000D+01 0.280303000000000D+01 0.439629166666663D+00
   8 C     0.367302000000000D+01 0.543751000000000D+01 0.542329166666663D+00
   9 C     0.574409999999997D+00 0.880829999999996D+00 0.137840916666666D+01
  10 C     0.589333000000000D+01 0.735971000000000D+01 0.549529916666666D+01
  11 C     0.265946000000000D+01 0.735971000000000D+01 0.432428916666666D+01
  12 C     0.380828000000000D+01 0.880829999999996D+00 0.254941916666666D+01
  13 C     0.589333000000000D+01 0.500110000000000D+01 0.254941916666666D+01
  14 C     0.574409999999997D+00 0.323944000000000D+01 0.432428916666666D+01
  15 C     0.380828000000000D+01 0.323944000000000D+01 0.549529916666666D+01
  16 C     0.265946000000000D+01 0.500110000000000D+01 0.137840916666666D+01
  17 C     0.543638000000000D+01 0.426169999999996D+00 0.555147916666666D+01
  18 C     0.103136000000000D+01 0.781437000000000D+01 0.132222916666666D+01
  19 C     0.426523000000000D+01 0.781437000000000D+01 0.260560916666666D+01
  20 C     0.220251000000000D+01 0.426169999999996D+00 0.426809916666666D+01
  21 C     0.103136000000000D+01 0.454644000000000D+01 0.426809916666666D+01
  22 C     0.543638000000000D+01 0.369410000000000D+01 0.260560916666666D+01
  23 C     0.220251000000000D+01 0.369410000000000D+01 0.132222916666666D+01
  24 C     0.426523000000000D+01 0.454644000000000D+01 0.555147916666666D+01
  25 H     0.570880000000000D+01 0.235239000000000D+01 0.584279166666663D+00
  26 H     0.758939999999997D+00 0.588815000000000D+01 0.397679166666663D+00
  27 H     0.399281000000000D+01 0.588815000000000D+01 0.353014916666666D+01
  28 H     0.247493000000000D+01 0.235239000000000D+01 0.334355916666666D+01
  29 H     0.758939999999997D+00 0.647266000000000D+01 0.334355916666666D+01
  30 H     0.570880000000000D+01 0.176788000000000D+01 0.353014916666666D+01
  31 H     0.247493000000000D+01 0.176788000000000D+01 0.397679166666663D+00
  32 H     0.399281000000000D+01 0.647266000000000D+01 0.584279166666663D+00
  33 H     0.101738000000000D+01 0.156114000000000D+01 0.208788916666666D+01
  34 H     0.545036000000000D+01 0.667940000000000D+01 0.478581916666666D+01
  35 H     0.221649000000000D+01 0.667940000000000D+01 0.503376916666666D+01
  36 H     0.425125000000000D+01 0.156114000000000D+01 0.183993916666666D+01
  37 H     0.545036000000000D+01 0.568141000000000D+01 0.183993916666666D+01
  38 H     0.101738000000000D+01 0.255913000000000D+01 0.503376916666666D+01
  39 H     0.425125000000000D+01 0.255913000000000D+01 0.478581916666666D+01
  40 H     0.221649000000000D+01 0.568141000000000D+01 0.208788916666666D+01
  41 H     0.460623000000000D+01 0.720789999999996D+00 0.492258916666666D+01
  42 H     0.186151000000000D+01 0.751975000000000D+01 0.195111916666666D+01
  43 H     0.509538000000000D+01 0.751975000000000D+01 0.197670916666666D+01
  44 H     0.137236000000000D+01 0.720789999999996D+00 0.489699916666666D+01
  45 H     0.186151000000000D+01 0.484106000000000D+01 0.489699916666666D+01
  46 H     0.460623000000000D+01 0.339948000000000D+01 0.197670916666666D+01
  47 H     0.137236000000000D+01 0.339948000000000D+01 0.195111916666666D+01
  48 H     0.509538000000000D+01 0.484106000000000D+01 0.492258916666666D+01

