   6
mtn_ref                                      0      -14.72  20.00  20.00  20.00  90.00  90.00  90.00
C   10.54876  10.34690  10.14798     1
C    9.45124   9.65310   9.85202     2
H   10.93518  11.12986   9.49098     3
H    9.06482   8.87014  10.50902     4
H   11.11642  10.16724  11.06190     5
H    8.88358   9.83276   8.93810     6
   6
mtn_ref                                      0      -14.72  20.00  20.00  20.00  90.00  90.00  90.00
C   10.54876  10.34690  10.14798     1
C    9.45124   9.65310   9.85202     2
H   10.93518  11.12986   9.49098     3
H    9.06482   8.87014  10.50902     4
H   11.11642  10.16724  11.06190     5
H    8.88358   9.83276   8.93810     6
  12
mtn_a                                        0      -42.95   4.97   6.59   4.22  90.00  90.00  90.00
C    4.41544   0.34892   4.07466     1
C    0.55007   6.23778   0.14654     2
C    3.03283   3.64227   2.25714     3
C    1.93268   2.94443   1.96406     4
H    4.02429   1.13320   0.50689     5
H    0.94122   5.45350   3.71431     6
H    3.42397   4.42655   1.60371     7
H    1.54154   2.16015   2.61749     8
H    3.84646   0.16971   3.15964     9
H    1.11905   6.41699   1.06156    10
H    3.60180   3.46306   3.17216    11
H    1.36371   3.12364   1.04904    12
  12
mtn_a                                        0      -42.95   4.97   6.59   4.22  90.00  90.00  90.00
C    4.41544   0.34892   4.07466     1
C    0.55007   6.23778   0.14654     2
C    3.03283   3.64227   2.25714     3
C    1.93268   2.94443   1.96406     4
H    4.02429   1.13320   0.50689     5
H    0.94122   5.45350   3.71431     6
H    3.42397   4.42655   1.60371     7
H    1.54154   2.16015   2.61749     8
H    3.84646   0.16971   3.15964     9
H    1.11905   6.41699   1.06156    10
H    3.60180   3.46306   3.17216    11
H    1.36371   3.12364   1.04904    12
  12
mtn_b                                        0      -43.41   4.93   6.55   4.19  90.00  90.00  90.00
C    4.38411   0.34800   4.04672     1
C    0.54998   6.19701   0.14776     2
C    3.01702   3.62050   2.24500     3
C    1.91707   2.92451   1.94948     4
H    4.00059   1.12933   0.51129     5
H    0.93350   5.41568   3.68319     6
H    3.40055   4.40183   1.58595     7
H    1.53354   2.14318   2.60853     8
H    3.81962   0.16476   3.13111     9
H    1.11447   6.38025   1.06337    10
H    3.58151   3.43727   3.16061    11
H    1.35258   3.10774   1.03387    12
  12
mtn_b                                        0      -43.41   4.93   6.55   4.19  90.00  90.00  90.00
C    4.38411   0.34800   4.04672     1
C    0.54998   6.19701   0.14776     2
C    3.01702   3.62050   2.24500     3
C    1.91707   2.92451   1.94948     4
H    4.00059   1.12933   0.51129     5
H    0.93350   5.41568   3.68319     6
H    3.40055   4.40183   1.58595     7
H    1.53354   2.14318   2.60853     8
H    3.81962   0.16476   3.13111     9
H    1.11447   6.38025   1.06337    10
H    3.58151   3.43727   3.16061    11
H    1.35258   3.10774   1.03387    12
  12
mtn_c                                        0      -43.94   4.90   6.50   4.17  90.00  90.00  90.00
C    4.35230   0.34845   4.02039     1
C    0.54995   6.15433   0.14703     2
C    3.00108   3.59984   2.23074     3
C    1.90117   2.90294   1.93668     4
H    3.96318   1.13219   0.50795     5
H    0.93907   5.37059   3.65947     6
H    3.39020   4.38358   1.57576     7
H    1.51205   2.11920   2.59166     8
H    3.78406   0.16871   3.10557     9
H    1.11819   6.33407   1.06185    10
H    3.56932   3.42010   3.14556    11
H    1.33293   3.08268   1.02186    12
  12
mtn_c                                        0      -43.94   4.90   6.50   4.17  90.00  90.00  90.00
C    4.35230   0.34845   4.02039     1
C    0.54995   6.15433   0.14703     2
C    3.00108   3.59984   2.23074     3
C    1.90117   2.90294   1.93668     4
H    3.96318   1.13219   0.50795     5
H    0.93907   5.37059   3.65947     6
H    3.39020   4.38358   1.57576     7
H    1.51205   2.11920   2.59166     8
H    3.78406   0.16871   3.10557     9
H    1.11819   6.33407   1.06185    10
H    3.56932   3.42010   3.14556    11
H    1.33293   3.08268   1.02186    12
  12
mtn_z01                                      0      -44.48   4.87   6.46   4.14  90.00  90.00  90.00
C    4.31998   0.34850   3.99300     1
C    0.55002   6.11150   0.14700     2
C    2.98502   3.57850   2.21700     3
C    1.88498   2.88150   1.92300     4
H    3.93195   1.13191   0.50878     5
H    0.93805   5.32809   3.63122     6
H    3.37305   4.36191   1.56122     7
H    1.49695   2.09809   2.57878     8
H    3.75237   0.16791   3.07780     9
H    1.11763   6.29209   1.06220    10
H    3.55263   3.39791   3.13220    11
H    1.31737   3.06209   1.00780    12
  12
mtn_z01                                      0      -44.48   4.87   6.46   4.14  90.00  90.00  90.00
C    4.31998   0.34850   3.99300     1
C    0.55002   6.11150   0.14700     2
C    2.98502   3.57850   2.21700     3
C    1.88498   2.88150   1.92300     4
H    3.93195   1.13191   0.50878     5
H    0.93805   5.32809   3.63122     6
H    3.37305   4.36191   1.56122     7
H    1.49695   2.09809   2.57878     8
H    3.75237   0.16791   3.07780     9
H    1.11763   6.29209   1.06220    10
H    3.55263   3.39791   3.13220    11
H    1.31737   3.06209   1.00780    12
  12
mtn_z02                                      0      -45.08   4.84   6.42   4.11  90.00  90.00  90.00
C    4.28700   0.34862   3.96507     1
C    0.55031   6.06802   0.14714     2
C    2.96896   3.55694   2.20324     3
C    1.86835   2.85970   1.90897     4
H    3.90046   1.13171   0.50997     5
H    0.93685   5.28493   3.60224     6
H    3.35550   4.34003   1.54614     7
H    1.48181   2.07661   2.56607     8
H    3.72080   0.16686   3.04987     9
H    1.11651   6.24978   1.06234    10
H    3.53517   3.37518   3.11845    11
H    1.30214   3.04146   0.99376    12
  12
mtn_z02                                      0      -45.08   4.84   6.42   4.11  90.00  90.00  90.00
C    4.28700   0.34862   3.96507     1
C    0.55031   6.06802   0.14714     2
C    2.96896   3.55694   2.20324     3
C    1.86835   2.85970   1.90897     4
H    3.90046   1.13171   0.50997     5
H    0.93685   5.28493   3.60224     6
H    3.35550   4.34003   1.54614     7
H    1.48181   2.07661   2.56607     8
H    3.72080   0.16686   3.04987     9
H    1.11651   6.24978   1.06234    10
H    3.53517   3.37518   3.11845    11
H    1.30214   3.04146   0.99376    12
  12
mtn_z03                                      0      -45.59   4.80   6.37   4.08  90.00  90.00  90.00
C    4.25433   0.34775   3.93626     1
C    0.54985   6.02494   0.14779     2
C    2.95194   3.53410   2.18981     3
C    1.85224   2.83859   1.89424     4
H    3.86791   1.13147   0.50994     5
H    0.93627   5.24122   3.57411     6
H    3.33836   4.31782   1.53209     7
H    1.46582   2.05487   2.55196     8
H    3.68597   0.16733   3.02051     9
H    1.11821   6.20536   1.06354    10
H    3.52030   3.35367   3.10556    11
H    1.28388   3.01902   0.97849    12
  12
mtn_z03                                      0      -45.59   4.80   6.37   4.08  90.00  90.00  90.00
C    4.25433   0.34775   3.93626     1
C    0.54985   6.02494   0.14779     2
C    2.95194   3.53410   2.18981     3
C    1.85224   2.83859   1.89424     4
H    3.86791   1.13147   0.50994     5
H    0.93627   5.24122   3.57411     6
H    3.33836   4.31782   1.53209     7
H    1.46582   2.05487   2.55196     8
H    3.68597   0.16733   3.02051     9
H    1.11821   6.20536   1.06354    10
H    3.52030   3.35367   3.10556    11
H    1.28388   3.01902   0.97849    12
  12
mtn_z04                                      0      -46.31   4.77   6.33   4.06  90.00  90.00  90.00
C    4.22069   0.34819   3.90830     1
C    0.54989   5.97994   0.14719     2
C    2.93518   3.51226   2.17493     3
C    1.83540   2.81587   1.88056     4
H    3.83630   1.13017   0.51074     5
H    0.93428   5.19796   3.54475     6
H    3.31957   4.29424   1.51700     7
H    1.45101   2.03389   2.53849     8
H    3.65506   0.16584   2.99305     9
H    1.11552   6.16230   1.06244    10
H    3.50081   3.32990   3.09018    11
H    1.26977   2.99822   0.96531    12
  12
mtn_z04                                      0      -46.31   4.77   6.33   4.06  90.00  90.00  90.00
C    4.22069   0.34819   3.90830     1
C    0.54989   5.97994   0.14719     2
C    2.93518   3.51226   2.17493     3
C    1.83540   2.81587   1.88056     4
H    3.83630   1.13017   0.51074     5
H    0.93428   5.19796   3.54475     6
H    3.31957   4.29424   1.51700     7
H    1.45101   2.03389   2.53849     8
H    3.65506   0.16584   2.99305     9
H    1.11552   6.16230   1.06244    10
H    3.50081   3.32990   3.09018    11
H    1.26977   2.99822   0.96531    12
  12
mtn_z05                                      0      -46.98   4.74   6.28   4.03  90.00  90.00  90.00
C    4.18669   0.34799   3.87917     1
C    0.54982   5.93493   0.14735     2
C    2.91807   3.48945   2.16061     3
C    1.81844   2.79347   1.86591     4
H    3.80358   1.12956   0.51143     5
H    0.93293   5.15336   3.51509     6
H    3.30118   4.27102   1.50183     7
H    1.43533   2.01190   2.52469     8
H    3.62156   0.16513   2.96384     9
H    1.11495   6.11779   1.06268    10
H    3.48320   3.30659   3.07594    11
H    1.25331   2.97633   0.95058    12
  12
mtn_z05                                      0      -46.98   4.74   6.28   4.03  90.00  90.00  90.00
C    4.18669   0.34799   3.87917     1
C    0.54982   5.93493   0.14735     2
C    2.91807   3.48945   2.16061     3
C    1.81844   2.79347   1.86591     4
H    3.80358   1.12956   0.51143     5
H    0.93293   5.15336   3.51509     6
H    3.30118   4.27102   1.50183     7
H    1.43533   2.01190   2.52469     8
H    3.62156   0.16513   2.96384     9
H    1.11495   6.11779   1.06268    10
H    3.48320   3.30659   3.07594    11
H    1.25331   2.97633   0.95058    12
  12
mtn_z06                                      0      -47.72   4.70   6.24   4.00  90.00  90.00  90.00
C    4.15189   0.34736   3.84864     1
C    0.55004   5.88970   0.14849     2
C    2.90101   3.46589   2.14705     3
C    1.80092   2.77117   1.85008     4
H    3.77060   1.12893   0.51229     5
H    0.93133   5.10813   3.48484     6
H    3.28230   4.24746   1.48628     7
H    1.41963   1.98960   2.51085     8
H    3.58776   0.16448   2.93452     9
H    1.11417   6.07258   1.06261    10
H    3.46513   3.28301   3.06117    11
H    1.23680   2.95405   0.93596    12
  12
mtn_z06                                      0      -47.72   4.70   6.24   4.00  90.00  90.00  90.00
C    4.15189   0.34736   3.84864     1
C    0.55004   5.88970   0.14849     2
C    2.90101   3.46589   2.14705     3
C    1.80092   2.77117   1.85008     4
H    3.77060   1.12893   0.51229     5
H    0.93133   5.10813   3.48484     6
H    3.28230   4.24746   1.48628     7
H    1.41963   1.98960   2.51085     8
H    3.58776   0.16448   2.93452     9
H    1.11417   6.07258   1.06261    10
H    3.46513   3.28301   3.06117    11
H    1.23680   2.95405   0.93596    12
  12
mtn_z07                                      0      -50.08   4.60   6.10   3.91  90.00  90.00  90.00
C    4.04629   0.34761   3.75981     1
C    0.54874   5.74765   0.14644     2
C    2.84625   3.39524   2.09956     3
C    1.74878   2.70002   1.80669     4
H    3.66683   1.12775   0.51430     5
H    0.92820   4.96751   3.39195     6
H    3.22571   4.17538   1.43882     7
H    1.36932   1.91988   2.46743     8
H    3.48501   0.16142   2.84447     9
H    1.11002   5.93384   1.06178    10
H    3.40754   3.20905   3.01490    11
H    1.18749   2.88621   0.89135    12
  12
mtn_z07                                      0      -50.08   4.60   6.10   3.91  90.00  90.00  90.00
C    4.04629   0.34761   3.75981     1
C    0.54874   5.74765   0.14644     2
C    2.84625   3.39524   2.09956     3
C    1.74878   2.70002   1.80669     4
H    3.66683   1.12775   0.51430     5
H    0.92820   4.96751   3.39195     6
H    3.22571   4.17538   1.43882     7
H    1.36932   1.91988   2.46743     8
H    3.48501   0.16142   2.84447     9
H    1.11002   5.93384   1.06178    10
H    3.40754   3.20905   3.01490    11
H    1.18749   2.88621   0.89135    12
