32   
4    

1    
  0.0032831549469835  -0.0000012774120254   0.0094456811274951
  -0.1819243900   -0.0011032900   -0.1340008500
   0.0572191100   -0.0017037400   -0.0053161900
   0.0225935200   -0.0217493200   -0.0052394900
   0.0225040700    0.0184282000   -0.0054394300
  -0.0056972900   -0.0040307200    0.0020257700
  -0.0056786200   -0.0040301900    0.0020351100
  -0.0056856600   -0.0040354000    0.0020351200
  -0.0056853400   -0.0040280300    0.0020352900
   0.0007215400   -0.0039702000   -0.0020883400
   0.0006101400   -0.0040433800   -0.0021227200
   0.0007277000   -0.0039129500   -0.0021023000
   0.0006051000   -0.0039951000   -0.0018745100
  -0.0015160600    0.0050148000   -0.0021190400
  -0.0014241300    0.0049488500   -0.0020859900
  -0.0014182500    0.0048992600   -0.0021024700
  -0.0015408100    0.0049553900   -0.0017798500
  -0.0234521800    0.0029871500    0.0120260300
   0.0025150500    0.0022991900    0.0479291800
   0.0461568000    0.0280807200    0.0482791700
   0.0458316100   -0.0220064700    0.0476346000
   0.0041235500    0.0047225200   -0.0002862200
   0.0041232900    0.0047221900   -0.0002803500
   0.0041255600    0.0047241000   -0.0002843900
   0.0041244000    0.0047214500   -0.0002716600
   0.0004114700    0.0032341700    0.0005228700
   0.0007366400    0.0032976100    0.0005317200
   0.0005184200    0.0029993900    0.0005482700
   0.0006371000    0.0031731600    0.0001092000
   0.0040609600   -0.0062551500    0.0005291100
   0.0038141300   -0.0061882600    0.0005161800
   0.0038746300   -0.0060082900    0.0005211700
   0.0039879300   -0.0061476500    0.0001150100

1    
 -0.0032831549469835   0.0000012774120254  -0.0094456811274951
   0.1923913600   -0.0025193900    0.1344431800
  -0.0467728300   -0.0035129700    0.0058214300
  -0.0120493700    0.0165204200    0.0058935200
  -0.0121749100   -0.0236505200    0.0057924400
   0.0113197700   -0.0004490200   -0.0015286200
   0.0113029800   -0.0004491600   -0.0015433700
   0.0113094600   -0.0004461500   -0.0015433200
   0.0113095400   -0.0004531800   -0.0015436700
   0.0010006400   -0.0079013700    0.0016470400
   0.0010967600   -0.0078298100    0.0016782700
   0.0009882200   -0.0079522600    0.0016593900
   0.0011031000   -0.0078909400    0.0013453300
  -0.0031625300    0.0088280400    0.0015792200
  -0.0032573400    0.0088867800    0.0015429300
  -0.0032614300    0.0089538200    0.0015613600
  -0.0031652300    0.0089184200    0.0013162300
   0.0092305500    0.0043022800   -0.0120939500
  -0.0167368400    0.0038618700   -0.0480007500
  -0.0605509700   -0.0209077500   -0.0476355300
  -0.0598774900    0.0291749800   -0.0484062000
  -0.0138603300    0.0020365700    0.0002231000
  -0.0138603600    0.0020352600    0.0002180900
  -0.0138601900    0.0020361400    0.0002144500
  -0.0138625700    0.0020379100    0.0002140000
   0.0003475700    0.0068632000   -0.0004504400
   0.0000932900    0.0068031200   -0.0004671100
   0.0002738800    0.0070459300   -0.0004597400
   0.0001559500    0.0069046200   -0.0000456900
   0.0059849200   -0.0101898700   -0.0005001400
   0.0062831400   -0.0102534800   -0.0004494600
   0.0061877500   -0.0104941600   -0.0004356000
   0.0060735200   -0.0103092900   -0.0000463700

17   
  0.0032831549469835  -0.0000012774120254   0.0094456811274951
  -0.0111612700   -0.0025315400    0.0112547700
   0.0148159200   -0.0020857500    0.0471693400
   0.0586176900    0.0226606800    0.0468011100
   0.0579494100   -0.0273994400    0.0475716900
   0.0082551900   -0.0002121600   -0.0010224700
   0.0082557900   -0.0002099500   -0.0010166400
   0.0082552300   -0.0002114400   -0.0010224800
   0.0082576000   -0.0002133100   -0.0010047900
  -0.0039593500   -0.0102968200    0.0012883900
  -0.0038822400   -0.0102780100    0.0013688000
  -0.0039340300   -0.0102974500    0.0013403700
  -0.0038621100   -0.0102924000    0.0009144700
   0.0015732100    0.0116479400    0.0012737900
   0.0015022300    0.0117621700    0.0011797700
   0.0014447500    0.0116958300    0.0012100400
   0.0015943400    0.0116858800    0.0008084900
  -0.1936790500    0.0025631600   -0.1356934100
   0.0453446200    0.0035514100   -0.0074995600
   0.0109245000   -0.0163068500   -0.0075692900
   0.0110545000    0.0235288100   -0.0074815500
  -0.0109593100    0.0018417200    0.0002059100
  -0.0109599300    0.0018423300    0.0001070900
  -0.0109589700    0.0018420200    0.0001071800
  -0.0109597100    0.0018404300    0.0001082600
   0.0053841500    0.0088999900    0.0000047200
   0.0056665200    0.0089012800    0.0000248300
   0.0055263000    0.0086884500   -0.0000224300
   0.0055600200    0.0088192800   -0.0001333000
   0.0012215000   -0.0129513600    0.0000628300
   0.0009554400   -0.0129350600   -0.0000902900
   0.0010792600   -0.0127080400   -0.0000665600
   0.0010778000   -0.0128418200   -0.0001790800

17   
 -0.0032831549469835   0.0000012774120254  -0.0094456811274951
   0.0238110100   -0.0016441000   -0.0114134200
  -0.0021616400   -0.0009732900   -0.0473142400
  -0.0458043500   -0.0267335800   -0.0476618500
  -0.0454654200    0.0233379000   -0.0470293800
  -0.0084030000   -0.0036785300    0.0009095100
  -0.0084028200   -0.0036791300    0.0009041100
  -0.0084033200   -0.0036789200    0.0008966700
  -0.0084056000   -0.0036763900    0.0009055600
   0.0038091600   -0.0044960300   -0.0011203700
   0.0037467100   -0.0045090600   -0.0011933100
   0.0037856400   -0.0044812000   -0.0011512500
   0.0037177700   -0.0044968300   -0.0007445800
   0.0017021700    0.0018897600   -0.0011824300
   0.0017662800    0.0017450600   -0.0010920900
   0.0018536300    0.0018184500   -0.0011341800
   0.0016846200    0.0018260700   -0.0007151700
   0.1768378400    0.0025928300    0.1356544200
  -0.0621978500    0.0031963200    0.0074934200
  -0.0278972300    0.0230619200    0.0074179200
  -0.0278059500   -0.0167599700    0.0076306400
   0.0070164000    0.0043191600   -0.0001949500
   0.0070156900    0.0043198800   -0.0000899200
   0.0070151600    0.0043183600   -0.0000899500
   0.0070151700    0.0043194800   -0.0000908300
  -0.0019330600    0.0034382100    0.0000150100
  -0.0021978900    0.0034368500    0.0000000900
  -0.0020670500    0.0036619000    0.0000251000
  -0.0021061600    0.0035230000    0.0001434600
   0.0004673400   -0.0029051500   -0.0000926800
   0.0007453000   -0.0029341400    0.0001007200
   0.0006266800   -0.0031474300    0.0000437100
   0.0006347800   -0.0030113900    0.0001702800
