32   
4    

1    
  0.0033961941722186  -0.0000013213933994   0.0094056293462218
  -0.2204363100    0.0075385500   -0.1342527600
   0.0272729400    0.0065870500   -0.0052724200
  -0.0087489900   -0.0142203100   -0.0052095800
  -0.0088488100    0.0275144700   -0.0054346000
  -0.0128328700    0.0063569800    0.0017488500
  -0.0128136800    0.0063548500    0.0017710200
  -0.0128203300    0.0063511200    0.0017708900
  -0.0128244600    0.0063608700    0.0017713200
   0.0116288400   -0.0073934400   -0.0018747500
   0.0114800000   -0.0074729700   -0.0019258000
   0.0116220300   -0.0073059700   -0.0018978900
   0.0114660600   -0.0073990100   -0.0013104200
   0.0114376100   -0.0057151600   -0.0019599100
   0.0115727700   -0.0057870400   -0.0019105200
   0.0115654700   -0.0058718300   -0.0019359900
   0.0114121400   -0.0057946100   -0.0012716500
   0.0093174600   -0.0061797300    0.0122139700
   0.0361623800   -0.0068966700    0.0474149700
   0.0811178400    0.0196670600    0.0478240100
   0.0812238800   -0.0322386700    0.0469522800
   0.0121565800   -0.0060256000   -0.0002897100
   0.0121564900   -0.0060227100   -0.0002757100
   0.0121544000   -0.0060240000   -0.0002765000
   0.0121587600   -0.0060241900   -0.0002740800
  -0.0112569100    0.0070971700    0.0006442400
  -0.0108584500    0.0071872300    0.0006638500
  -0.0111365800    0.0068067600    0.0006566200
  -0.0109920500    0.0070303600    0.0000355800
  -0.0104133500    0.0052371500    0.0006472600
  -0.0107414000    0.0053339300    0.0006121100
  -0.0106629300    0.0055688600    0.0006199600
  -0.0105185300    0.0053794900    0.0000253600

1    
 -0.0033961941722186   0.0000013213933994  -0.0094056293462218
   0.1980256300    0.0074101000    0.1343124000
  -0.0496228100    0.0064388900    0.0053537600
  -0.0135332500    0.0273065700    0.0054148100
  -0.0136342400   -0.0144001400    0.0053855300
  -0.0106020300    0.0067304700   -0.0017238800
  -0.0106139900    0.0067362500   -0.0017478800
  -0.0106103500    0.0067329600   -0.0017477200
  -0.0106125300    0.0067280100   -0.0017477800
   0.0113167100   -0.0075178400    0.0018862000
   0.0114593500   -0.0074424200    0.0019340200
   0.0113200200   -0.0076130700    0.0019089800
   0.0114734900   -0.0075214800    0.0012479600
   0.0112652900   -0.0057376500    0.0018505100
   0.0111159600   -0.0056669200    0.0017966700
   0.0111332800   -0.0055640600    0.0018252600
   0.0112766800   -0.0056439700    0.0012304300
   0.0117259300   -0.0061295900   -0.0122204400
  -0.0151591200   -0.0066553200   -0.0474218500
  -0.0603967900   -0.0322235000   -0.0469996300
  -0.0599050800    0.0196535700   -0.0477943500
   0.0098921700   -0.0062871600    0.0002456200
   0.0098858900   -0.0062828400    0.0002320400
   0.0098888000   -0.0062815100    0.0002318300
   0.0098840200   -0.0062839400    0.0002310000
  -0.0107787100    0.0070967500   -0.0005725500
  -0.0111198700    0.0070052600   -0.0005921300
  -0.0108726100    0.0073410100   -0.0005847400
  -0.0110158700    0.0071531500    0.0000204500
  -0.0105003200    0.0053940600   -0.0006710500
  -0.0101053000    0.0053013100   -0.0006239700
  -0.0102186100    0.0049960800   -0.0006302800
  -0.0103617500    0.0052269800   -0.0000292600

17   
  0.0033961941722186  -0.0000013213933994   0.0094056293462218
  -0.0131126400    0.0061375600    0.0109104100
   0.0137244400    0.0066679400    0.0461048100
   0.0589759900    0.0322386000    0.0456819800
   0.0585043800   -0.0196690100    0.0464751800
  -0.0075839500    0.0064267300   -0.0015371100
  -0.0075782000    0.0064249100   -0.0015235200
  -0.0075785100    0.0064217200   -0.0015259300
  -0.0075852600    0.0064253100   -0.0015204300
   0.0125730100   -0.0082073700    0.0018519000
   0.0126675900   -0.0081310600    0.0019681200
   0.0125569900   -0.0082249000    0.0019063500
   0.0126842500   -0.0081860900    0.0012945600
   0.0118948000   -0.0060689600    0.0019908000
   0.0118107500   -0.0059515800    0.0018490200
   0.0117545600   -0.0059634300    0.0019118000
   0.0119166700   -0.0059981300    0.0013117400
  -0.1979355800   -0.0066930100   -0.1353220300
   0.0495698300   -0.0057429100   -0.0073076200
   0.0139641900   -0.0263187700   -0.0073697200
   0.0140638300    0.0148289100   -0.0073525000
   0.0067405700   -0.0059101600    0.0002943500
   0.0067327100   -0.0059046000    0.0001904500
   0.0067324800   -0.0059027700    0.0001911000
   0.0067381400   -0.0059063400    0.0001907300
  -0.0123182500    0.0078628800   -0.0000751800
  -0.0119975800    0.0078683400    0.0000154500
  -0.0121604500    0.0075939500   -0.0000439000
  -0.0121550900    0.0077675700   -0.0002774600
  -0.0107338700    0.0054320800    0.0000661600
  -0.0110551100    0.0054367700   -0.0000744400
  -0.0108954700    0.0057103500   -0.0000195000
  -0.0109152200    0.0055354700   -0.0002555800

17   
 -0.0033961941722186   0.0000013213933994  -0.0094056293462218
  -0.0076382500    0.0060751500   -0.0115783400
  -0.0344847200    0.0067794800   -0.0467671400
  -0.0794538900   -0.0197797400   -0.0471789400
  -0.0795386600    0.0321280100   -0.0463151300
  -0.0153303300    0.0058004000    0.0008455300
  -0.0153292700    0.0057980800    0.0008319300
  -0.0153284800    0.0057985000    0.0008294600
  -0.0153313300    0.0057999900    0.0008339600
   0.0129915900   -0.0078027700   -0.0011786700
   0.0129052500   -0.0078737400   -0.0012919000
   0.0130077100   -0.0077839100   -0.0012295700
   0.0128817600   -0.0078216300   -0.0006306700
   0.0125578000   -0.0067502500   -0.0013109000
   0.0126494600   -0.0068785000   -0.0011714900
   0.0127093400   -0.0068661800   -0.0012356700
   0.0125450400   -0.0068273200   -0.0006221000
   0.2172872900   -0.0064921200    0.1354096100
  -0.0301913600   -0.0055632700    0.0074250800
   0.0052993200    0.0149456000    0.0073618500
   0.0053979300   -0.0261790900    0.0075984300
   0.0147452700   -0.0055163100   -0.0002086500
   0.0147446300   -0.0055152700   -0.0001038800
   0.0147438900   -0.0055155600   -0.0001039600
   0.0147468800   -0.0055156400   -0.0001041500
  -0.0121962100    0.0073655700   -0.0000322100
  -0.0125157600    0.0073640600   -0.0001237200
  -0.0123564300    0.0076384700   -0.0000690800
  -0.0123631000    0.0074624800    0.0001612700
  -0.0119578900    0.0065345400   -0.0001511200
  -0.0116369300    0.0065188600   -0.0000050700
  -0.0117888300    0.0062493900   -0.0000643800
  -0.0117717400    0.0064227300    0.0001795700
