        _
  _ __ | |__   ___  _ __   ___   _ __  _   _
 | '_ \| '_ \ / _ \| '_ \ / _ \ | '_ \| | | |
 | |_) | | | | (_) | | | | (_) || |_) | |_| |
 | .__/|_| |_|\___/|_| |_|\___(_) .__/ \__, |
 |_|                            |_|    |___/
                                     1.10.10

Python version 2.7.6
Spglib version 1.9.2
Mesh sampling mode
Settings:
  Sampling mesh: [9 9 4]
  Supercell: [2 2 2]
Spacegroup: Cmcm (63)
Computing force constants...
Number of irreducible q-points on sampling mesh: 50/324
Calculating thermal properties...
#      T [K]      F [kJ/mol]    S [J/K/mol]  C_v [J/K/mol]     E [kJ/mol]
       0.000      66.0231360      0.0000000      0.0000000     66.0231360
      10.000      66.0231082      0.0129036      0.0391325     66.0232373
      20.000      66.0227317      0.0660312      0.1249422     66.0240523
      30.000      66.0217268      0.1388322      0.2578539     66.0258918
      40.000      66.0198478      0.2436965      0.5045437     66.0295957
      50.000      66.0166991      0.3944638      0.8826191     66.0364222
      60.000      66.0117811      0.5983449      1.3910022     66.0476818
      70.000      66.0045424      0.8591186      2.0309379     66.0646807
      80.000      65.9944006      1.1793254      2.8045390     66.0887466
      90.000      65.9807520      1.5606715      3.7102495     66.1212124
     100.000      65.9629807      2.0038989      4.7415315     66.1633706
     110.000      65.9404686      2.5087037      5.8876148     66.2164261
     120.000      65.9126056      3.0737880      7.1348268     66.2814602
     130.000      65.8787991      3.6969987      8.4679165     66.3594089
     140.000      65.8384813      4.3755087      9.8712158     66.4510525
     150.000      65.7911156      5.1060072     11.3295837     66.5570166
     160.000      65.7361999      5.8848830     12.8290996     66.6777811
     170.000      65.6732691      6.7083855     14.3574954     66.8136947
     180.000      65.6018959      7.5727580     15.9043504     66.9649924
     190.000      65.5216900      8.4743394     17.4610921     67.1318145
     200.000      65.4322968      9.4096368     19.0208621     67.3142241
     210.000      65.3333958     10.3753713     20.5782999     67.5122238
     220.000      65.2246981     11.3685022     22.1292910     67.7257685
     230.000      65.1059438     12.3862341     23.6707146     67.9547776
     240.000      64.9768999     13.4260129     25.2002112     68.1991430
     250.000      64.8373578     14.4855130     26.7159827     68.4587361
     260.000      64.6871310     15.5626202     28.2166304     68.7334122
     270.000      64.5260531     16.6554124     29.7010285     69.0230145
     280.000      64.3539763     17.7621399     31.1682313     69.3273755
     290.000      64.1707692     18.8812061     32.6174079     69.6463190
     300.000      63.9763159     20.0111502     34.0477993     69.9796610
     310.000      63.7705144     21.1506308     35.4586931     70.3272100
     320.000      63.5532757     22.2984123     36.8494103     70.6887676
     330.000      63.3245223     23.4533528     38.2193011     71.0641288
     340.000      63.0841883     24.6143937     39.5677457     71.4530821
     350.000      62.8322174     25.7805509     40.8941596     71.8554103
     360.000      62.5685633     26.9509078     42.1979989     72.2708901
     370.000      62.2931881     28.1246086     43.4787669     72.6992933
     380.000      62.0060626     29.3008537     44.7360198     73.1403870
     390.000      61.7071651     30.4788948     45.9693718     73.5939340
     400.000      61.3964811     31.6580316     47.1784981     74.0596937
     410.000      61.0740030     32.8376083     48.3631375     74.5374224
     420.000      60.7397295     34.0170111     49.5230934     75.0268742
     430.000      60.3936653     35.1956657     50.6582332     75.5278015
     440.000      60.0358205     36.3730350     51.7684875     76.0399559
     450.000      59.6662105     37.5486172     52.8538475     76.5630883
     460.000      59.2848556     38.7219442     53.9143627     77.0969500
     470.000      58.8917806     39.8925797     54.9501371     77.6412931
     480.000      58.4870144     41.0601175     55.9613257     78.1958708
     490.000      58.0705898     42.2241805     56.9481302     78.7604383
     500.000      57.6425435     43.3844188     57.9107953     79.3347529
     510.000      57.2029153     44.5405086     58.8496043     79.9185747
     520.000      56.7517482     45.6921507     59.7648750     80.5116665
     530.000      56.2890880     46.8390695     60.6569554     81.1137949
     540.000      55.8149834     47.9810115     61.5262203     81.7247296
     550.000      55.3294852     49.1177443     62.3730673     82.3442445
     560.000      54.8326466     50.2490554     63.1979132     82.9721176
     570.000      54.3245228     51.3747511     64.0011909     83.6081309
     580.000      53.8051709     52.4946554     64.7833463     84.2520710
     590.000      53.2746495     53.6086092     65.5448356     84.9037289
     600.000      52.7330190     54.7164690     66.2861225     85.5629004
     610.000      52.1803409     55.8181061     67.0076762     86.2293856
     620.000      51.6166780     56.9134060     67.7099690     86.9029897
     630.000      51.0420942     58.0022669     68.3934744     87.5835224
     640.000      50.4566544     59.0845996     69.0586656     88.2707981
     650.000      49.8604242     60.1603261     69.7060139     88.9646362
     660.000      49.2534701     61.2293793     70.3359874     89.6648605
     670.000      48.6358591     62.2917022     70.9490497     90.3712996
     680.000      48.0076587     63.3472470     71.5456591     91.0837867
     690.000      47.3689369     64.3959747     72.1262676     91.8021594
     700.000      46.7197620     65.4378545     72.6913201     92.5262602
     710.000      46.0602027     66.4728630     73.2412539     93.2559354
     720.000      45.3903277     67.5009841     73.7764982     93.9910363
     730.000      44.7102060     68.5222080     74.2974733     94.7314178
     740.000      44.0199066     69.5365311     74.8045909     95.4769395
     750.000      43.3194984     70.5439552     75.2982532     96.2274648
     760.000      42.6090504     71.5444877     75.7788532     96.9828611
     770.000      41.8886316     72.5381403     76.2467740     97.7429996
     780.000      41.1583105     73.5249295     76.7023892     98.5077555
     790.000      40.4181558     74.5048757     77.1460629     99.2770076
     800.000      39.6682357     75.4780031     77.5781492    100.0506382
     810.000      38.9086184     76.4443392     77.9989925    100.8285331
     820.000      38.1393715     77.4039149     78.4089279    101.6105817
     830.000      37.3605625     78.3567637     78.8082807    102.3966764
     840.000      36.5722585     79.3029221     79.1973669    103.1867130
     850.000      35.7745262     80.2424286     79.5764932    103.9805905
     860.000      34.9674320     81.1753241     79.9459574    104.7782107
     870.000      34.1510416     82.1016515     80.3060479    105.5794784
     880.000      33.3254207     83.0214553     80.6570449    106.3843014
     890.000      32.4906341     83.9347818     80.9992196    107.1925899
     900.000      31.6467465     84.8416786     81.3328350    108.0042572
     910.000      30.7938218     85.7421946     81.6581459    108.8192189
     920.000      29.9319237     86.6363800     81.9753990    109.6373933
     930.000      29.0611151     87.5242857     82.2848334    110.4587009
     940.000      28.1814587     88.4059638     82.5866806    111.2830647
     950.000      27.2930164     89.2814668     82.8811647    112.1104099
     960.000      26.3958498     90.1508483     83.1685026    112.9406641
     970.000      25.4900197     91.0141620     83.4489044    113.7737569
     980.000      24.5755866     91.8714624     83.7225734    114.6096198
     990.000      23.6526103     92.7228043     83.9897062    115.4481865
    1000.000      22.7211502     93.5682426     84.2504934    116.2893927
                 _
   ___ _ __   __| |
  / _ \ '_ \ / _` |
 |  __/ | | | (_| |
  \___|_| |_|\__,_|

