  12 ref.bgf                                 Iteration:       0 #Bonds:   5
    1    1    0    0    0    0    0    1  0.000  0.000  0.000  0.000  0.000  0.000  2.000 -0.000
    2    1    0    0    0    0    0    2  0.000  0.000  0.000  0.000  0.000  0.000  2.000 -0.000
    3    1    0    0    0    0    0    3  0.000  0.000  0.000  0.000  0.000  0.000  2.000  0.000
    4    1    0    0    0    0    0    4  0.000  0.000  0.000  0.000  0.000  0.000  2.000 -0.000
    5    1    0    0    0    0    0    5  0.000  0.000  0.000  0.000  0.000  0.000  2.000  0.000
    6    1    0    0    0    0    0    6  0.000  0.000  0.000  0.000  0.000  0.000  2.000 -0.000
    7    1    0    0    0    0    0    7  0.000  0.000  0.000  0.000  0.000  0.000  2.000 -0.000
    8    1    0    0    0    0    0    8  0.000  0.000  0.000  0.000  0.000  0.000  2.000  0.000
    9    1    0    0    0    0    0    9  0.000  0.000  0.000  0.000  0.000  0.000  2.000  0.000
   10    1    0    0    0    0    0   10  0.000  0.000  0.000  0.000  0.000  0.000  2.000 -0.000
   11    1    0    0    0    0    0   11  0.000  0.000  0.000  0.000  0.000  0.000  2.000  0.000
   12    1    0    0    0    0    0   12  0.000  0.000  0.000  0.000  0.000  0.000  2.000 -0.000
   0.0000000000000000        24.000000000317190        48.000000000634380      -3.12453233723480536E-010
