  F bnz_a                                                       
    7.4992    9.5548    6.8314
   90.0000   90.0000   90.0000
   1 C     0.70939300000000D+01  0.13384400000000D+01  0.58502416666667D+00
   2 C     0.40532000000000D+00  0.82163500000000D+01  0.55354416666667D+00
   3 C     0.41549400000000D+01  0.82163500000000D+01  0.40007241666667D+01
   4 C     0.33443100000000D+01  0.13384400000000D+01  0.39692541666667D+01
   5 C     0.40532000000000D+00  0.61158400000000D+01  0.39692541666667D+01
   6 C     0.70939300000000D+01  0.34389500000000D+01  0.40007241666667D+01
   7 C     0.33443100000000D+01  0.34389500000000D+01  0.55354416666667D+00
   8 C     0.41549400000000D+01  0.61158400000000D+01  0.58502416666667D+00
   9 C     0.57806000000000D+00  0.89271000000000D+00  0.14742641666667D+01
  10 C     0.69211900000000D+01  0.86620800000000D+01  0.64957141666667D+01
  11 C     0.31715700000000D+01  0.86620800000000D+01  0.48899741666667D+01
  12 C     0.43276800000000D+01  0.89271000000000D+00  0.30800041666667D+01
  13 C     0.69211900000000D+01  0.56701100000000D+01  0.30800041666667D+01
  14 C     0.57806000000000D+00  0.38846800000000D+01  0.48899741666667D+01
  15 C     0.43276800000000D+01  0.38846800000000D+01  0.64957141666667D+01
  16 C     0.31715700000000D+01  0.56701100000000D+01  0.14742641666667D+01
  17 C     0.65126600000000D+01  0.44465000000000D+00  0.65110941666667D+01
  18 C     0.98659000000000D+00  0.91101400000000D+01  0.14588841666667D+01
  19 C     0.47362200000000D+01  0.91101400000000D+01  0.30953941666667D+01
  20 C     0.27630300000000D+01  0.44465000000000D+00  0.48745841666667D+01
  21 C     0.98659000000000D+00  0.52220500000000D+01  0.48745841666667D+01
  22 C     0.65126600000000D+01  0.43327400000000D+01  0.30953941666667D+01
  23 C     0.27630300000000D+01  0.43327400000000D+01  0.14588841666667D+01
  24 C     0.47362200000000D+01  0.52220500000000D+01  0.65110941666667D+01
  25 C     0.67811100000000D+01  0.23838000000000D+01  0.59877416666667D+00
  26 C     0.71814000000000D+00  0.71709900000000D+01  0.53979416666667D+00
  27 C     0.44677600000000D+01  0.71709900000000D+01  0.40144841666667D+01
  28 C     0.30314900000000D+01  0.23838000000000D+01  0.39554941666667D+01
  29 C     0.71814000000000D+00  0.71611900000000D+01  0.39554941666667D+01
  30 C     0.67811100000000D+01  0.23936000000000D+01  0.40144841666667D+01
  31 C     0.30314900000000D+01  0.23936000000000D+01  0.53979416666667D+00
  32 C     0.44677600000000D+01  0.71611900000000D+01  0.59877416666667D+00
  33 C     0.10256000000000D+01  0.15852600000000D+01  0.21872041666667D+01
  34 C     0.64736500000000D+01  0.79695300000000D+01  0.57827741666667D+01
  35 C     0.27240300000000D+01  0.79695300000000D+01  0.56029141666667D+01
  36 C     0.47752200000000D+01  0.15852600000000D+01  0.23670641666667D+01
  37 C     0.64736500000000D+01  0.63626600000000D+01  0.23670641666667D+01
  38 C     0.10256000000000D+01  0.31921300000000D+01  0.56029141666667D+01
  39 C     0.47752200000000D+01  0.31921300000000D+01  0.57827741666667D+01
  40 C     0.27240300000000D+01  0.63626600000000D+01  0.21872041666667D+01
  41 C     0.57397300000000D+01  0.78054000000000D+00  0.58179341666667D+01
  42 C     0.17595200000000D+01  0.87742500000000D+01  0.21520441666667D+01
  43 C     0.55091400000000D+01  0.87742500000000D+01  0.24022241666667D+01
  44 C     0.19901100000000D+01  0.78054000000000D+00  0.55677541666667D+01
  45 C     0.17595200000000D+01  0.55579400000000D+01  0.55677541666667D+01
  46 C     0.57397300000000D+01  0.39968500000000D+01  0.24022241666667D+01
  47 C     0.19901100000000D+01  0.39968500000000D+01  0.21520441666667D+01
  48 C     0.55091400000000D+01  0.55579400000000D+01  0.58179341666667D+01

  F bnz_b                                                       
    7.4518    9.4943    6.7882
   90.0000   90.0000   90.0000
   1 C     0.70459300000000D+01  0.13381600000000D+01  0.58196083333333D+00
   2 C     0.40586000000000D+00  0.81561600000000D+01  0.54940083333333D+00
   3 C     0.41317600000000D+01  0.81561600000000D+01  0.39760408333333D+01
   4 C     0.33200300000000D+01  0.13381600000000D+01  0.39434908333333D+01
   5 C     0.40586000000000D+00  0.60853200000000D+01  0.39434908333333D+01
   6 C     0.70459300000000D+01  0.34090000000000D+01  0.39760408333333D+01
   7 C     0.33200300000000D+01  0.34090000000000D+01  0.54940083333333D+00
   8 C     0.41317600000000D+01  0.60853200000000D+01  0.58196083333333D+00
   9 C     0.57818000000000D+00  0.89251000000000D+00  0.14703008333333D+01
  10 C     0.68736100000000D+01  0.86018100000000D+01  0.64492308333333D+01
  11 C     0.31477200000000D+01  0.86018100000000D+01  0.48643808333333D+01
  12 C     0.43040700000000D+01  0.89251000000000D+00  0.30551508333333D+01
  13 C     0.68736100000000D+01  0.56396700000000D+01  0.30551508333333D+01
  14 C     0.57818000000000D+00  0.38546500000000D+01  0.48643808333333D+01
  15 C     0.43040700000000D+01  0.38546500000000D+01  0.64492308333333D+01
  16 C     0.31477200000000D+01  0.56396700000000D+01  0.14703008333333D+01
  17 C     0.64650600000000D+01  0.44450000000000D+00  0.64645808333333D+01
  18 C     0.98673000000000D+00  0.90498200000000D+01  0.14549508333333D+01
  19 C     0.47126200000000D+01  0.90498200000000D+01  0.30704908333333D+01
  20 C     0.27391700000000D+01  0.44450000000000D+00  0.48490408333333D+01
  21 C     0.98673000000000D+00  0.51916600000000D+01  0.48490408333333D+01
  22 C     0.64650600000000D+01  0.43026600000000D+01  0.30704908333333D+01
  23 C     0.27391700000000D+01  0.43026600000000D+01  0.14549508333333D+01
  24 C     0.47126200000000D+01  0.51916600000000D+01  0.64645808333333D+01
  25 C     0.67328600000000D+01  0.23832500000000D+01  0.59555083333333D+00
  26 C     0.71893000000000D+00  0.71110700000000D+01  0.53581083333333D+00
  27 C     0.44448200000000D+01  0.71110700000000D+01  0.39896308333333D+01
  28 C     0.30069700000000D+01  0.23832500000000D+01  0.39299008333333D+01
  29 C     0.71893000000000D+00  0.71304100000000D+01  0.39299008333333D+01
  30 C     0.67328600000000D+01  0.23639100000000D+01  0.39896308333333D+01
  31 C     0.30069700000000D+01  0.23639100000000D+01  0.53581083333333D+00
  32 C     0.44448200000000D+01  0.71304100000000D+01  0.59555083333333D+00
  33 C     0.10257600000000D+01  0.15847100000000D+01  0.21833508333333D+01
  34 C     0.64260300000000D+01  0.79096100000000D+01  0.57361808333333D+01
  35 C     0.27001300000000D+01  0.79096100000000D+01  0.55774308333333D+01
  36 C     0.47516600000000D+01  0.15847100000000D+01  0.23421008333333D+01
  37 C     0.64260300000000D+01  0.63318700000000D+01  0.23421008333333D+01
  38 C     0.10257600000000D+01  0.31624500000000D+01  0.55774308333333D+01
  39 C     0.47516600000000D+01  0.31624500000000D+01  0.57361808333333D+01
  40 C     0.27001300000000D+01  0.63318700000000D+01  0.21833508333333D+01
  41 C     0.56918600000000D+01  0.78005000000000D+00  0.57719608333333D+01
  42 C     0.17599300000000D+01  0.87142700000000D+01  0.21475708333333D+01
  43 C     0.54858200000000D+01  0.87142700000000D+01  0.23778708333333D+01
  44 C     0.19659700000000D+01  0.78005000000000D+00  0.55416608333333D+01
  45 C     0.17599300000000D+01  0.55272100000000D+01  0.55416608333333D+01
  46 C     0.56918600000000D+01  0.39671100000000D+01  0.23778708333333D+01
  47 C     0.19659700000000D+01  0.39671100000000D+01  0.21475708333333D+01
  48 C     0.54858200000000D+01  0.55272100000000D+01  0.57719608333333D+01

  F bnz_c                                                       
    7.4037    9.4331    6.7444
   90.0000   90.0000   90.0000
   1 C     0.69991004166667D+01  0.13385600000000D+01  0.57772083333333D+00
   2 C     0.40461041666667D+00  0.80945000000000D+01  0.54634083333333D+00
   3 C     0.41064704166667D+01  0.80945000000000D+01  0.39499108333333D+01
   4 C     0.32972404166667D+01  0.13385600000000D+01  0.39185208333333D+01
   5 C     0.40461041666667D+00  0.60550900000000D+01  0.39185208333333D+01
   6 C     0.69991004166667D+01  0.33779700000000D+01  0.39499108333333D+01
   7 C     0.32972404166667D+01  0.33779700000000D+01  0.54634083333333D+00
   8 C     0.41064704166667D+01  0.60550900000000D+01  0.57772083333333D+00
   9 C     0.57776041666667D+00  0.89251000000000D+00  0.14669408333333D+01
  10 C     0.68259504166667D+01  0.85405500000000D+01  0.64014908333333D+01
  11 C     0.31240904166667D+01  0.85405500000000D+01  0.48391308333333D+01
  12 C     0.42796104166667D+01  0.89251000000000D+00  0.30293008333333D+01
  13 C     0.68259504166667D+01  0.56090400000000D+01  0.30293008333333D+01
  14 C     0.57776041666667D+00  0.38240200000000D+01  0.48391308333333D+01
  15 C     0.42796104166667D+01  0.38240200000000D+01  0.64014908333333D+01
  16 C     0.31240904166667D+01  0.56090400000000D+01  0.14669408333333D+01
  17 C     0.64177104166667D+01  0.44459000000000D+00  0.64177608333333D+01
  18 C     0.98600041666667D+00  0.89884700000000D+01  0.14506708333333D+01
  19 C     0.46878604166667D+01  0.89884700000000D+01  0.30455808333333D+01
  20 C     0.27158504166667D+01  0.44459000000000D+00  0.48228508333333D+01
  21 C     0.98600041666667D+00  0.51611200000000D+01  0.48228508333333D+01
  22 C     0.64177104166667D+01  0.42719400000000D+01  0.30455808333333D+01
  23 C     0.27158504166667D+01  0.42719400000000D+01  0.14506708333333D+01
  24 C     0.46878604166667D+01  0.51611200000000D+01  0.64177608333333D+01
  25 C     0.66873804166667D+01  0.23840800000000D+01  0.59094083333333D+00
  26 C     0.71633041666667D+00  0.70489800000000D+01  0.53312083333333D+00
  27 C     0.44181904166667D+01  0.70489800000000D+01  0.39631208333333D+01
  28 C     0.29855204166667D+01  0.23840800000000D+01  0.39053108333333D+01
  29 C     0.71633041666667D+00  0.71006100000000D+01  0.39053108333333D+01
  30 C     0.66873804166667D+01  0.23324500000000D+01  0.39631208333333D+01
  31 C     0.29855204166667D+01  0.23324500000000D+01  0.53312083333333D+00
  32 C     0.44181904166667D+01  0.71006100000000D+01  0.59094083333333D+00
  33 C     0.10242804166667D+01  0.15840800000000D+01  0.21809608333333D+01
  34 C     0.63794304166667D+01  0.78489800000000D+01  0.56874708333333D+01
  35 C     0.26775704166667D+01  0.78489800000000D+01  0.55531508333333D+01
  36 C     0.47261404166667D+01  0.15840800000000D+01  0.23152808333333D+01
  37 C     0.63794304166667D+01  0.63006100000000D+01  0.23152808333333D+01
  38 C     0.10242804166667D+01  0.31324500000000D+01  0.55531508333333D+01
  39 C     0.47261404166667D+01  0.31324500000000D+01  0.56874708333333D+01
  40 C     0.26775704166667D+01  0.63006100000000D+01  0.21809608333333D+01
  41 C     0.56439504166667D+01  0.77951000000000D+00  0.57254008333333D+01
  42 C     0.17597604166667D+01  0.86535500000000D+01  0.21430308333333D+01
  43 C     0.54616104166667D+01  0.86535500000000D+01  0.23532108333333D+01
  44 C     0.19421004166667D+01  0.77951000000000D+00  0.55152208333333D+01
  45 C     0.17597604166667D+01  0.54960400000000D+01  0.55152208333333D+01
  46 C     0.56439504166667D+01  0.39370200000000D+01  0.23532108333333D+01
  47 C     0.19421004166667D+01  0.39370200000000D+01  0.21430308333333D+01
  48 C     0.54616104166667D+01  0.54960400000000D+01  0.57254008333333D+01

  F ref.bgf                                                     
   20.0000   20.0000   20.0000
   90.0000   90.0000   90.0000
   1 C     0.10408160000000D+02  0.11337400000000D+02  0.99811400000000D+01
   2 C     0.95918400000000D+01  0.86626000000000D+01  0.10018860000000D+02
   3 C     0.94229800000000D+01  0.10894820000000D+02  0.90941800000000D+01
   4 C     0.10577020000000D+02  0.91051800000000D+01  0.10905820000000D+02
   5 C     0.10985260000000D+02  0.10441840000000D+02  0.10886420000000D+02
   6 C     0.90147400000000D+01  0.95581600000000D+01  0.91135800000000D+01
   7 C     0.10723700000000D+02  0.12382480000000D+02  0.99673800000000D+01
   8 C     0.92763000000000D+01  0.76175200000000D+01  0.10032620000000D+02
   9 C     0.89724800000000D+01  0.11591260000000D+02  0.83857200000000D+01
  10 C     0.11027520000000D+02  0.84087400000000D+01  0.11614280000000D+02
  11 C     0.11756100000000D+02  0.10785780000000D+02  0.11577520000000D+02
  12 C     0.82439000000000D+01  0.92142200000000D+01  0.84224800000000D+01

