       1       1       0       1  0.000  2.000 -0.276                                               
       2       1       0       2  0.000  2.000 -0.275                                               
       3       1       0       3  0.000  2.000 -0.275                                               
       4       1       0       4  0.000  2.000 -0.276                                               
       5       1       0       5  0.000  2.000 -0.276                                               
       6       1       0       6  0.000  2.000 -0.275                                               
       7       1       0       7  0.000  2.000 -0.276                                               
       8       1       0       8  0.000  2.000 -0.275                                               
       9       1       0       9  0.000  2.000 -0.220                                               
      10       1       0      10  0.000  2.000 -0.220                                               
      11       1       0      11  0.000  2.000 -0.220                                               
      12       1       0      12  0.000  2.000 -0.221                                               
      13       1       0      13  0.000  2.000 -0.220                                               
      14       1       0      14  0.000  2.000 -0.220                                               
      15       1       0      15  0.000  2.000 -0.221                                               
      16       1       0      16  0.000  2.000 -0.220                                               
      17       1       0      17  0.000  2.000 -0.277                                               
      18       1       0      18  0.000  2.000 -0.277                                               
      19       1       0      19  0.000  2.000 -0.277                                               
      20       1       0      20  0.000  2.000 -0.277                                               
      21       1       0      21  0.000  2.000 -0.277                                               
      22       1       0      22  0.000  2.000 -0.277                                               
      23       1       0      23  0.000  2.000 -0.277                                               
      24       1       0      24  0.000  2.000 -0.277                                               
      25       2       0      25  0.000  0.002  0.245                                               
      26       2       0      26  0.000  0.002  0.245                                               
      27       2       0      27  0.000  0.002  0.245                                               
      28       2       0      28  0.000  0.002  0.245                                               
      29       2       0      29  0.000  0.002  0.245                                               
      30       2       0      30  0.000  0.002  0.245                                               
      31       2       0      31  0.000  0.002  0.245                                               
      32       2       0      32  0.000  0.002  0.245                                               
      33       2       0      33  0.000  0.002  0.233                                               
      34       2       0      34  0.000  0.002  0.233                                               
      35       2       0      35  0.000  0.002  0.233                                               
      36       2       0      36  0.000  0.002  0.233                                               
      37       2       0      37  0.000  0.002  0.233                                               
      38       2       0      38  0.000  0.002  0.233                                               
      39       2       0      39  0.000  0.002  0.233                                               
      40       2       0      40  0.000  0.002  0.233                                               
      41       2       0      41  0.000  0.002  0.295                                               
      42       2       0      42  0.000  0.002  0.295                                               
      43       2       0      43  0.000  0.002  0.295                                               
      44       2       0      44  0.000  0.002  0.295                                               
      45       2       0      45  0.000  0.002  0.295                                               
      46       2       0      46  0.000  0.002  0.295                                               
      47       2       0      47  0.000  0.002  0.295                                               
      48       2       0      48  0.000  0.002  0.295                                               
