   1   -0.000001
   2   -0.000001
   3    0.000003
   4    0.000003
   5   -0.000001
   6   -0.000001
   7   -0.000002
   8   -0.000002
   9    0.000005
  10    0.000005
  11   -0.000003
  12   -0.000003
   1    0.000025
   2    0.000025
   3    0.000030
   4    0.000030
   5    0.000026
   6    0.000026
   7    0.000025
   8    0.000025
   9    0.000002
  10    0.000002
  11   -0.000004
  12   -0.000004
  13   -0.000000
  14   -0.000000
  15   -0.000002
  16   -0.000002
  17   -0.000028
  18   -0.000028
  19   -0.000028
  20   -0.000028
  21   -0.000029
  22   -0.000029
  23   -0.000025
  24   -0.000025
  25   -0.000021
  26   -0.000021
  27   -0.000011
  28   -0.000011
  29   -0.000020
  30   -0.000020
  31   -0.000022
  32   -0.000022
  33    0.000007
  34    0.000007
  35   -0.000004
  36   -0.000004
  37    0.000002
  38    0.000002
  39   -0.000000
  40   -0.000000
  41    0.000018
  42    0.000018
  43    0.000019
  44    0.000019
  45    0.000016
  46    0.000016
  47    0.000025
  48    0.000025
   1    0.000026
   2    0.000026
   3    0.000024
   4    0.000024
   5    0.000025
   6    0.000025
   7    0.000025
   8    0.000025
   9   -0.000002
  10   -0.000002
  11    0.000001
  12    0.000001
  13   -0.000001
  14   -0.000001
  15   -0.000001
  16   -0.000001
  17   -0.000026
  18   -0.000026
  19   -0.000026
  20   -0.000026
  21   -0.000025
  22   -0.000025
  23   -0.000027
  24   -0.000027
  25   -0.000016
  26   -0.000016
  27   -0.000020
  28   -0.000020
  29   -0.000017
  30   -0.000018
  31   -0.000017
  32   -0.000017
  33   -0.000001
  34   -0.000001
  35    0.000003
  36    0.000003
  37    0.000001
  38    0.000001
  39    0.000002
  40    0.000002
  41    0.000018
  42    0.000018
  43    0.000018
  44    0.000018
  45    0.000020
  46    0.000020
  47    0.000016
  48    0.000016
   1    0.000041
   2    0.000042
   3    0.000031
   4    0.000031
   5    0.000036
   6    0.000035
   7    0.000040
   8    0.000040
   9   -0.000006
  10   -0.000008
  11    0.000008
  12    0.000005
  13   -0.000003
  14    0.000000
  15    0.000001
  16    0.000003
  17   -0.000041
  18   -0.000038
  19   -0.000041
  20   -0.000039
  21   -0.000034
  22   -0.000037
  23   -0.000045
  24   -0.000047
  25   -0.000018
  26   -0.000017
  27   -0.000037
  28   -0.000036
  29   -0.000027
  30   -0.000028
  31   -0.000022
  32   -0.000023
  33   -0.000010
  34   -0.000013
  35    0.000014
  36    0.000011
  37   -0.000003
  38    0.000001
  39    0.000001
  40    0.000003
  41    0.000029
  42    0.000032
  43    0.000027
  44    0.000030
  45    0.000040
  46    0.000036
  47    0.000019
  48    0.000017
   1    0.000028
   2    0.000034
   3    0.000028
   4    0.000034
   5    0.000034
   6    0.000029
   7    0.000034
   8    0.000028
   9   -0.000005
  10    0.000005
  11    0.000002
  12    0.000002
  13    0.000003
  14   -0.000000
  15    0.000004
  16   -0.000003
  17   -0.000033
  18   -0.000037
  19   -0.000037
  20   -0.000031
  21   -0.000033
  22   -0.000035
  23   -0.000036
  24   -0.000035
  25   -0.000024
  26   -0.000019
  27   -0.000025
  28   -0.000020
  29   -0.000019
  30   -0.000024
  31   -0.000019
  32   -0.000025
  33   -0.000005
  34    0.000004
  35    0.000001
  36    0.000001
  37    0.000001
  38   -0.000000
  39    0.000004
  40   -0.000003
  41    0.000027
  42    0.000022
  43    0.000022
  44    0.000027
  45    0.000026
  46    0.000024
  47    0.000022
  48    0.000024
   1    0.000038
   2    0.000037
   3    0.000038
   4    0.000037
   5    0.000036
   6    0.000038
   7    0.000037
   8    0.000038
   9    0.000003
  10    0.000002
  11    0.000005
  12    0.000001
  13    0.000002
  14    0.000003
  15    0.000002
  16    0.000004
  17   -0.000043
  18   -0.000044
  19   -0.000045
  20   -0.000042
  21   -0.000043
  22   -0.000043
  23   -0.000043
  24   -0.000045
  25   -0.000026
  26   -0.000026
  27   -0.000027
  28   -0.000027
  29   -0.000027
  30   -0.000026
  31   -0.000026
  32   -0.000026
  33   -0.000001
  34   -0.000002
  35    0.000002
  36   -0.000002
  37   -0.000002
  38   -0.000000
  39   -0.000002
  40    0.000001
  41    0.000031
  42    0.000031
  43    0.000029
  44    0.000032
  45    0.000031
  46    0.000031
  47    0.000031
  48    0.000029
   1    0.000037
   2    0.000040
   3    0.000034
   4    0.000037
   5    0.000037
   6    0.000034
   7    0.000040
   8    0.000037
   9    0.000001
  10    0.000003
  11   -0.000002
  12    0.000001
  13    0.000000
  14   -0.000001
  15    0.000004
  16    0.000001
  17   -0.000040
  18   -0.000040
  19   -0.000043
  20   -0.000043
  21   -0.000042
  22   -0.000043
  23   -0.000041
  24   -0.000040
  25   -0.000026
  26   -0.000024
  27   -0.000029
  28   -0.000027
  29   -0.000026
  30   -0.000029
  31   -0.000024
  32   -0.000026
  33   -0.000001
  34    0.000002
  35   -0.000001
  36    0.000002
  37    0.000000
  38   -0.000001
  39    0.000003
  40   -0.000001
  41    0.000030
  42    0.000030
  43    0.000029
  44    0.000029
  45    0.000030
  46    0.000029
  47    0.000029
  48    0.000030
   1    0.000050
   2    0.000049
   3    0.000049
   4    0.000049
   5    0.000048
   6    0.000048
   7    0.000050
   8    0.000051
   9    0.000011
  10    0.000003
  11    0.000008
  12    0.000008
  13    0.000006
  14    0.000007
  15    0.000005
  16    0.000012
  17   -0.000066
  18   -0.000058
  19   -0.000061
  20   -0.000062
  21   -0.000062
  22   -0.000062
  23   -0.000058
  24   -0.000064
  25   -0.000035
  26   -0.000035
  27   -0.000036
  28   -0.000035
  29   -0.000036
  30   -0.000036
  31   -0.000034
  32   -0.000035
  33   -0.000000
  34   -0.000009
  35   -0.000003
  36   -0.000003
  37   -0.000004
  38   -0.000004
  39   -0.000007
  40    0.000001
  41    0.000040
  42    0.000048
  43    0.000044
  44    0.000043
  45    0.000045
  46    0.000044
  47    0.000047
  48    0.000040
   1    0.000064
   2    0.000061
   3    0.000055
   4    0.000051
   5    0.000051
   6    0.000055
   7    0.000061
   8    0.000064
   9    0.000014
  10    0.000013
  11    0.000008
  12    0.000004
  13    0.000002
  14    0.000008
  15    0.000014
  16    0.000013
  17   -0.000068
  18   -0.000070
  19   -0.000077
  20   -0.000077
  21   -0.000076
  22   -0.000078
  23   -0.000071
  24   -0.000067
  25   -0.000036
  26   -0.000039
  27   -0.000043
  28   -0.000047
  29   -0.000046
  30   -0.000043
  31   -0.000039
  32   -0.000036
  33   -0.000004
  34   -0.000004
  35   -0.000004
  36   -0.000008
  37   -0.000010
  38   -0.000005
  39   -0.000003
  40   -0.000004
  41    0.000055
  42    0.000053
  43    0.000051
  44    0.000051
  45    0.000053
  46    0.000050
  47    0.000051
  48    0.000055
   1    0.000041
   2    0.000051
   3    0.000041
   4    0.000053
   5    0.000053
   6    0.000042
   7    0.000052
   8    0.000040
   9    0.000001
  10    0.000023
  11    0.000010
  12    0.000013
  13    0.000017
  14    0.000007
  15    0.000018
  16    0.000003
  17   -0.000058
  18   -0.000070
  19   -0.000068
  20   -0.000059
  21   -0.000063
  22   -0.000063
  23   -0.000066
  24   -0.000062
  25   -0.000039
  26   -0.000030
  27   -0.000039
  28   -0.000028
  29   -0.000028
  30   -0.000038
  31   -0.000030
  32   -0.000039
  33   -0.000016
  34    0.000005
  35   -0.000008
  36   -0.000005
  37   -0.000002
  38   -0.000009
  39    0.000001
  40   -0.000014
  41    0.000052
  42    0.000038
  43    0.000041
  44    0.000049
  45    0.000045
  46    0.000045
  47    0.000043
  48    0.000048
   1   -0.000001
   2    0.000004
   3    0.000001
   4    0.000000
   5    0.000002
   6    0.000001
   7    0.000002
   8   -0.000001
   9    0.000001
  10   -0.000002
  11   -0.000002
  12    0.000005
  13   -0.000002
  14    0.000003
  15    0.000005
  16   -0.000004
  17   -0.000006
  18    0.000003
  19    0.000003
  20   -0.000006
  21    0.000003
  22   -0.000004
  23   -0.000005
  24    0.000001
  25   -0.000002
  26    0.000002
  27   -0.000001
  28   -0.000002
  29   -0.000000
  30   -0.000001
  31    0.000001
  32   -0.000002
  33   -0.000001
  34   -0.000003
  35   -0.000001
  36    0.000004
  37   -0.000002
  38    0.000001
  39    0.000003
  40   -0.000003
  41   -0.000003
  42    0.000005
  43    0.000005
  44   -0.000003
  45    0.000005
  46   -0.000001
  47   -0.000003
  48    0.000003
   1   -0.000002
   2   -0.000007
   3    0.000001
   4    0.000011
   5    0.000005
   6   -0.000006
   7   -0.000000
   8    0.000005
   9   -0.000001
  10    0.000003
  11   -0.000001
  12    0.000003
  13    0.000001
  14   -0.000002
  15    0.000005
  16   -0.000000
  17    0.000001
  18   -0.000008
  19   -0.000003
  20    0.000003
  21   -0.000002
  22   -0.000009
  23   -0.000003
  24    0.000007
  25   -0.000005
  26   -0.000009
  27    0.000001
  28    0.000008
  29    0.000001
  30   -0.000006
  31   -0.000002
  32    0.000002
  33    0.000001
  34    0.000006
  35   -0.000006
  36   -0.000003
  37   -0.000001
  38   -0.000003
  39    0.000003
  40   -0.000003
  41    0.000006
  42   -0.000002
  43    0.000000
  44    0.000004
  45    0.000000
  46   -0.000004
  47    0.000002
  48    0.000011
