  F bnz_ref                                                     
   20.0000   20.0000   20.0000
   90.0000   90.0000   90.0000
   1 C     0.104081600000000D+02 0.113374000000000D+02 0.998114000000000D+01
   2 C     0.959184000000000D+01 0.866260000000000D+01 0.100188600000000D+02
   3 C     0.942298000000000D+01 0.108948200000000D+02 0.909418000000000D+01
   4 C     0.105770200000000D+02 0.910518000000000D+01 0.109058200000000D+02
   5 C     0.109852600000000D+02 0.104418400000000D+02 0.108864200000000D+02
   6 C     0.901474000000000D+01 0.955816000000000D+01 0.911358000000000D+01
   7 C     0.107237000000000D+02 0.123824800000000D+02 0.996738000000000D+01
   8 C     0.927630000000000D+01 0.761752000000000D+01 0.100326200000000D+02
   9 C     0.897248000000000D+01 0.115912600000000D+02 0.838572000000000D+01
  10 C     0.110275200000000D+02 0.840874000000000D+01 0.116142800000000D+02
  11 C     0.117561000000000D+02 0.107857800000000D+02 0.115775200000000D+02
  12 C     0.824390000000000D+01 0.921422000000000D+01 0.842248000000000D+01

  F bnz_a                                                       
    7.4992    9.5548    6.8314
   90.0000   90.0000   90.0000
   1 C     0.709393000000000D+01 0.133844000000000D+01 0.585024166666667D+00
   2 C     0.405320000000001D+00 0.821635000000000D+01 0.553544166666667D+00
   3 C     0.415494000000000D+01 0.821635000000000D+01 0.400072416666667D+01
   4 C     0.334431000000000D+01 0.133844000000000D+01 0.396925416666667D+01
   5 C     0.405320000000001D+00 0.611584000000000D+01 0.396925416666667D+01
   6 C     0.709393000000000D+01 0.343895000000000D+01 0.400072416666667D+01
   7 C     0.334431000000000D+01 0.343895000000000D+01 0.553544166666667D+00
   8 C     0.415494000000000D+01 0.611584000000000D+01 0.585024166666667D+00
   9 C     0.578060000000001D+00 0.892710000000001D+00 0.147426416666667D+01
  10 C     0.692119000000000D+01 0.866208000000000D+01 0.649571416666667D+01
  11 C     0.317157000000000D+01 0.866208000000000D+01 0.488997416666667D+01
  12 C     0.432768000000000D+01 0.892710000000001D+00 0.308000416666667D+01
  13 C     0.692119000000000D+01 0.567011000000000D+01 0.308000416666667D+01
  14 C     0.578060000000001D+00 0.388468000000000D+01 0.488997416666667D+01
  15 C     0.432768000000000D+01 0.388468000000000D+01 0.649571416666667D+01
  16 C     0.317157000000000D+01 0.567011000000000D+01 0.147426416666667D+01
  17 C     0.651266000000000D+01 0.444650000000001D+00 0.651109416666667D+01
  18 C     0.986590000000001D+00 0.911014000000000D+01 0.145888416666667D+01
  19 C     0.473622000000000D+01 0.911014000000000D+01 0.309539416666667D+01
  20 C     0.276303000000000D+01 0.444650000000001D+00 0.487458416666667D+01
  21 C     0.986590000000001D+00 0.522205000000000D+01 0.487458416666667D+01
  22 C     0.651266000000000D+01 0.433274000000000D+01 0.309539416666667D+01
  23 C     0.276303000000000D+01 0.433274000000000D+01 0.145888416666667D+01
  24 C     0.473622000000000D+01 0.522205000000000D+01 0.651109416666667D+01
  25 C     0.678111000000000D+01 0.238380000000000D+01 0.598774166666667D+00
  26 C     0.718140000000001D+00 0.717099000000000D+01 0.539794166666667D+00
  27 C     0.446776000000000D+01 0.717099000000000D+01 0.401448416666667D+01
  28 C     0.303149000000000D+01 0.238380000000000D+01 0.395549416666667D+01
  29 C     0.718140000000001D+00 0.716119000000000D+01 0.395549416666667D+01
  30 C     0.678111000000000D+01 0.239360000000000D+01 0.401448416666667D+01
  31 C     0.303149000000000D+01 0.239360000000000D+01 0.539794166666667D+00
  32 C     0.446776000000000D+01 0.716119000000000D+01 0.598774166666667D+00
  33 C     0.102560000000000D+01 0.158526000000000D+01 0.218720416666667D+01
  34 C     0.647365000000000D+01 0.796953000000000D+01 0.578277416666667D+01
  35 C     0.272403000000000D+01 0.796953000000000D+01 0.560291416666667D+01
  36 C     0.477522000000000D+01 0.158526000000000D+01 0.236706416666667D+01
  37 C     0.647365000000000D+01 0.636266000000000D+01 0.236706416666667D+01
  38 C     0.102560000000000D+01 0.319213000000000D+01 0.560291416666667D+01
  39 C     0.477522000000000D+01 0.319213000000000D+01 0.578277416666667D+01
  40 C     0.272403000000000D+01 0.636266000000000D+01 0.218720416666667D+01
  41 C     0.573973000000000D+01 0.780540000000001D+00 0.581793416666667D+01
  42 C     0.175952000000000D+01 0.877425000000000D+01 0.215204416666667D+01
  43 C     0.550914000000000D+01 0.877425000000000D+01 0.240222416666667D+01
  44 C     0.199011000000000D+01 0.780540000000001D+00 0.556775416666667D+01
  45 C     0.175952000000000D+01 0.555794000000000D+01 0.556775416666667D+01
  46 C     0.573973000000000D+01 0.399685000000000D+01 0.240222416666667D+01
  47 C     0.199011000000000D+01 0.399685000000000D+01 0.215204416666667D+01
  48 C     0.550914000000000D+01 0.555794000000000D+01 0.581793416666667D+01

  F bnz_b                                                       
    7.4518    9.4943    6.7882
   90.0000   90.0000   90.0000
   1 C     0.704593000000000D+01 0.133816000000000D+01 0.581960833333333D+00
   2 C     0.405859999999999D+00 0.815616000000000D+01 0.549400833333333D+00
   3 C     0.413176000000000D+01 0.815616000000000D+01 0.397604083333333D+01
   4 C     0.332003000000000D+01 0.133816000000000D+01 0.394349083333333D+01
   5 C     0.405859999999999D+00 0.608532000000000D+01 0.394349083333333D+01
   6 C     0.704593000000000D+01 0.340900000000000D+01 0.397604083333333D+01
   7 C     0.332003000000000D+01 0.340900000000000D+01 0.549400833333333D+00
   8 C     0.413176000000000D+01 0.608532000000000D+01 0.581960833333333D+00
   9 C     0.578179999999999D+00 0.892509999999997D+00 0.147030083333333D+01
  10 C     0.687361000000000D+01 0.860181000000000D+01 0.644923083333333D+01
  11 C     0.314772000000000D+01 0.860181000000000D+01 0.486438083333333D+01
  12 C     0.430407000000000D+01 0.892509999999997D+00 0.305515083333333D+01
  13 C     0.687361000000000D+01 0.563967000000000D+01 0.305515083333333D+01
  14 C     0.578179999999999D+00 0.385465000000000D+01 0.486438083333333D+01
  15 C     0.430407000000000D+01 0.385465000000000D+01 0.644923083333333D+01
  16 C     0.314772000000000D+01 0.563967000000000D+01 0.147030083333333D+01
  17 C     0.646506000000000D+01 0.444499999999997D+00 0.646458083333333D+01
  18 C     0.986729999999999D+00 0.904982000000000D+01 0.145495083333333D+01
  19 C     0.471262000000000D+01 0.904982000000000D+01 0.307049083333333D+01
  20 C     0.273917000000000D+01 0.444499999999997D+00 0.484904083333333D+01
  21 C     0.986729999999999D+00 0.519166000000000D+01 0.484904083333333D+01
  22 C     0.646506000000000D+01 0.430266000000000D+01 0.307049083333333D+01
  23 C     0.273917000000000D+01 0.430266000000000D+01 0.145495083333333D+01
  24 C     0.471262000000000D+01 0.519166000000000D+01 0.646458083333333D+01
  25 C     0.673286000000000D+01 0.238325000000000D+01 0.595550833333333D+00
  26 C     0.718929999999999D+00 0.711107000000000D+01 0.535810833333333D+00
  27 C     0.444482000000000D+01 0.711107000000000D+01 0.398963083333333D+01
  28 C     0.300697000000000D+01 0.238325000000000D+01 0.392990083333333D+01
  29 C     0.718929999999999D+00 0.713041000000000D+01 0.392990083333333D+01
  30 C     0.673286000000000D+01 0.236391000000000D+01 0.398963083333333D+01
  31 C     0.300697000000000D+01 0.236391000000000D+01 0.535810833333333D+00
  32 C     0.444482000000000D+01 0.713041000000000D+01 0.595550833333333D+00
  33 C     0.102576000000000D+01 0.158471000000000D+01 0.218335083333333D+01
  34 C     0.642603000000000D+01 0.790961000000000D+01 0.573618083333333D+01
  35 C     0.270013000000000D+01 0.790961000000000D+01 0.557743083333333D+01
  36 C     0.475166000000000D+01 0.158471000000000D+01 0.234210083333333D+01
  37 C     0.642603000000000D+01 0.633187000000000D+01 0.234210083333333D+01
  38 C     0.102576000000000D+01 0.316245000000000D+01 0.557743083333333D+01
  39 C     0.475166000000000D+01 0.316245000000000D+01 0.573618083333333D+01
  40 C     0.270013000000000D+01 0.633187000000000D+01 0.218335083333333D+01
  41 C     0.569186000000000D+01 0.780049999999997D+00 0.577196083333333D+01
  42 C     0.175993000000000D+01 0.871427000000000D+01 0.214757083333333D+01
  43 C     0.548582000000000D+01 0.871427000000000D+01 0.237787083333333D+01
  44 C     0.196597000000000D+01 0.780049999999997D+00 0.554166083333333D+01
  45 C     0.175993000000000D+01 0.552721000000000D+01 0.554166083333333D+01
  46 C     0.569186000000000D+01 0.396711000000000D+01 0.237787083333333D+01
  47 C     0.196597000000000D+01 0.396711000000000D+01 0.214757083333333D+01
  48 C     0.548582000000000D+01 0.552721000000000D+01 0.577196083333333D+01

  F bnz_c                                                       
    7.4037    9.4331    6.7444
   90.0000   90.0000   90.0000
   1 C     0.699910041666667D+01 0.133856000000000D+01 0.577720833333333D+00
   2 C     0.404610416666666D+00 0.809450000000000D+01 0.546340833333333D+00
   3 C     0.410647041666667D+01 0.809450000000000D+01 0.394991083333333D+01
   4 C     0.329724041666667D+01 0.133856000000000D+01 0.391852083333333D+01
   5 C     0.404610416666666D+00 0.605509000000000D+01 0.391852083333333D+01
   6 C     0.699910041666667D+01 0.337797000000000D+01 0.394991083333333D+01
   7 C     0.329724041666667D+01 0.337797000000000D+01 0.546340833333333D+00
   8 C     0.410647041666667D+01 0.605509000000000D+01 0.577720833333333D+00
   9 C     0.577760416666666D+00 0.892509999999997D+00 0.146694083333333D+01
  10 C     0.682595041666667D+01 0.854055000000000D+01 0.640149083333333D+01
  11 C     0.312409041666667D+01 0.854055000000000D+01 0.483913083333333D+01
  12 C     0.427961041666667D+01 0.892509999999997D+00 0.302930083333333D+01
  13 C     0.682595041666667D+01 0.560904000000000D+01 0.302930083333333D+01
  14 C     0.577760416666666D+00 0.382402000000000D+01 0.483913083333333D+01
  15 C     0.427961041666667D+01 0.382402000000000D+01 0.640149083333333D+01
  16 C     0.312409041666667D+01 0.560904000000000D+01 0.146694083333333D+01
  17 C     0.641771041666667D+01 0.444589999999997D+00 0.641776083333333D+01
  18 C     0.986000416666665D+00 0.898847000000000D+01 0.145067083333333D+01
  19 C     0.468786041666667D+01 0.898847000000000D+01 0.304558083333333D+01
  20 C     0.271585041666667D+01 0.444589999999997D+00 0.482285083333333D+01
  21 C     0.986000416666665D+00 0.516112000000000D+01 0.482285083333333D+01
  22 C     0.641771041666667D+01 0.427194000000000D+01 0.304558083333333D+01
  23 C     0.271585041666667D+01 0.427194000000000D+01 0.145067083333333D+01
  24 C     0.468786041666667D+01 0.516112000000000D+01 0.641776083333333D+01
  25 C     0.668738041666667D+01 0.238408000000000D+01 0.590940833333333D+00
  26 C     0.716330416666666D+00 0.704898000000000D+01 0.533120833333333D+00
  27 C     0.441819041666667D+01 0.704898000000000D+01 0.396312083333333D+01
  28 C     0.298552041666667D+01 0.238408000000000D+01 0.390531083333333D+01
  29 C     0.716330416666666D+00 0.710061000000000D+01 0.390531083333333D+01
  30 C     0.668738041666667D+01 0.233245000000000D+01 0.396312083333333D+01
  31 C     0.298552041666667D+01 0.233245000000000D+01 0.533120833333333D+00
  32 C     0.441819041666667D+01 0.710061000000000D+01 0.590940833333333D+00
  33 C     0.102428041666667D+01 0.158408000000000D+01 0.218096083333333D+01
  34 C     0.637943041666667D+01 0.784898000000000D+01 0.568747083333333D+01
  35 C     0.267757041666667D+01 0.784898000000000D+01 0.555315083333333D+01
  36 C     0.472614041666667D+01 0.158408000000000D+01 0.231528083333333D+01
  37 C     0.637943041666667D+01 0.630061000000000D+01 0.231528083333333D+01
  38 C     0.102428041666667D+01 0.313245000000000D+01 0.555315083333333D+01
  39 C     0.472614041666667D+01 0.313245000000000D+01 0.568747083333333D+01
  40 C     0.267757041666667D+01 0.630061000000000D+01 0.218096083333333D+01
  41 C     0.564395041666667D+01 0.779509999999997D+00 0.572540083333333D+01
  42 C     0.175976041666667D+01 0.865355000000000D+01 0.214303083333333D+01
  43 C     0.546161041666667D+01 0.865355000000000D+01 0.235321083333333D+01
  44 C     0.194210041666667D+01 0.779509999999997D+00 0.551522083333333D+01
  45 C     0.175976041666667D+01 0.549604000000000D+01 0.551522083333333D+01
  46 C     0.564395041666667D+01 0.393702000000000D+01 0.235321083333333D+01
  47 C     0.194210041666667D+01 0.393702000000000D+01 0.214303083333333D+01
  48 C     0.546161041666667D+01 0.549604000000000D+01 0.572540083333333D+01

  F bnz_z01                                                     
    7.3550    9.3710    6.7000
   90.0000   90.0000   90.0000
   1 C     0.694841000000000D+01 0.133762000000000D+01 0.575513333333333D+00
   2 C     0.406590000000000D+00 0.803338000000000D+01 0.541153333333333D+00
   3 C     0.408409000000000D+01 0.803338000000000D+01 0.392551333333333D+01
   4 C     0.327091000000000D+01 0.133762000000000D+01 0.389115333333333D+01
   5 C     0.406590000000000D+00 0.602312000000000D+01 0.389115333333333D+01
   6 C     0.694841000000000D+01 0.334788000000000D+01 0.392551333333333D+01
   7 C     0.327091000000000D+01 0.334788000000000D+01 0.541153333333333D+00
   8 C     0.408409000000000D+01 0.602312000000000D+01 0.575513333333333D+00
   9 C     0.577930000000000D+00 0.892260000000002D+00 0.146247333333333D+01
  10 C     0.677707000000000D+01 0.847874000000000D+01 0.635419333333333D+01
  11 C     0.309957000000000D+01 0.847874000000000D+01 0.481247333333333D+01
  12 C     0.425543000000000D+01 0.892260000000002D+00 0.300419333333333D+01
  13 C     0.677707000000000D+01 0.557776000000000D+01 0.300419333333333D+01
  14 C     0.577930000000000D+00 0.379324000000000D+01 0.481247333333333D+01
  15 C     0.425543000000000D+01 0.379324000000000D+01 0.635419333333333D+01
  16 C     0.309957000000000D+01 0.557776000000000D+01 0.146247333333333D+01
  17 C     0.636758000000000D+01 0.443980000000002D+00 0.637081333333333D+01
  18 C     0.987420000000000D+00 0.892702000000000D+01 0.144585333333333D+01
  19 C     0.466492000000000D+01 0.892702000000000D+01 0.302081333333333D+01
  20 C     0.269008000000000D+01 0.443980000000002D+00 0.479585333333333D+01
  21 C     0.987420000000000D+00 0.512948000000000D+01 0.479585333333333D+01
  22 C     0.636758000000000D+01 0.424152000000000D+01 0.302081333333333D+01
  23 C     0.269008000000000D+01 0.424152000000000D+01 0.144585333333333D+01
  24 C     0.466492000000000D+01 0.512948000000000D+01 0.637081333333333D+01
  25 C     0.663425000000000D+01 0.238183000000000D+01 0.590763333333333D+00
  26 C     0.720750000000000D+00 0.698917000000000D+01 0.525903333333333D+00
  27 C     0.439825000000000D+01 0.698917000000000D+01 0.394076333333333D+01
  28 C     0.295675000000000D+01 0.238183000000000D+01 0.387590333333333D+01
  29 C     0.720750000000000D+00 0.706733000000000D+01 0.387590333333333D+01
  30 C     0.663425000000000D+01 0.230367000000000D+01 0.394076333333333D+01
  31 C     0.295675000000000D+01 0.230367000000000D+01 0.525903333333333D+00
  32 C     0.439825000000000D+01 0.706733000000000D+01 0.590763333333333D+00
  33 C     0.102598000000000D+01 0.158420000000000D+01 0.217442333333333D+01
  34 C     0.632902000000000D+01 0.778680000000000D+01 0.564224333333333D+01
  35 C     0.265152000000000D+01 0.778680000000000D+01 0.552442333333333D+01
  36 C     0.470348000000000D+01 0.158420000000000D+01 0.229224333333333D+01
  37 C     0.632902000000000D+01 0.626970000000000D+01 0.229224333333333D+01
  38 C     0.102598000000000D+01 0.310130000000000D+01 0.552442333333333D+01
  39 C     0.470348000000000D+01 0.310130000000000D+01 0.564224333333333D+01
  40 C     0.265152000000000D+01 0.626970000000000D+01 0.217442333333333D+01
  41 C     0.559415000000000D+01 0.778340000000002D+00 0.567817333333333D+01
  42 C     0.176085000000000D+01 0.859266000000000D+01 0.213849333333333D+01
  43 C     0.543835000000000D+01 0.859266000000000D+01 0.232817333333333D+01
  44 C     0.191665000000000D+01 0.778340000000002D+00 0.548849333333333D+01
  45 C     0.176085000000000D+01 0.546384000000000D+01 0.548849333333333D+01
  46 C     0.559415000000000D+01 0.390716000000000D+01 0.232817333333333D+01
  47 C     0.191665000000000D+01 0.390716000000000D+01 0.213849333333333D+01
  48 C     0.543835000000000D+01 0.546384000000000D+01 0.567817333333333D+01

  F bnz_z02                                                     
    7.3056    9.3081    6.6550
   90.0000   90.0000   90.0000
   1 C     0.689880000000000D+01 0.133751041666667D+01 0.572135416666665D+00
   2 C     0.406840000000001D+00 0.797059041666667D+01 0.537035416666666D+00
   3 C     0.405966000000000D+01 0.797059041666667D+01 0.389964541666667D+01
   4 C     0.324598000000000D+01 0.133751041666667D+01 0.386455541666667D+01
   5 C     0.406840000000001D+00 0.599157041666667D+01 0.386455541666666D+01
   6 C     0.689880000000000D+01 0.331654041666667D+01 0.389964541666667D+01
   7 C     0.324598000000000D+01 0.331654041666667D+01 0.537035416666666D+00
   8 C     0.405966000000000D+01 0.599157041666667D+01 0.572135416666665D+00
   9 C     0.577990000000001D+00 0.892130416666667D+00 0.145831541666667D+01
  10 C     0.672765000000000D+01 0.841598041666667D+01 0.630588541666667D+01
  11 C     0.307483000000000D+01 0.841598041666667D+01 0.478583541666667D+01
  12 C     0.423081000000000D+01 0.892130416666667D+00 0.297836541666667D+01
  13 C     0.672765000000000D+01 0.554618041666667D+01 0.297836541666667D+01
  14 C     0.577990000000001D+00 0.376193041666667D+01 0.478583541666667D+01
  15 C     0.423081000000000D+01 0.376193041666667D+01 0.630588541666667D+01
  16 C     0.307483000000000D+01 0.554618041666667D+01 0.145831541666667D+01
  17 C     0.631837000000000D+01 0.444130416666667D+00 0.632205541666667D+01
  18 C     0.987270000000001D+00 0.886398041666667D+01 0.144215541666667D+01
  19 C     0.464009000000000D+01 0.886398041666667D+01 0.299453541666667D+01
  20 C     0.266555000000000D+01 0.444130416666667D+00 0.476966541666667D+01
  21 C     0.987270000000001D+00 0.509818041666667D+01 0.476966541666667D+01
  22 C     0.631837000000000D+01 0.420993041666667D+01 0.299453541666667D+01
  23 C     0.266555000000000D+01 0.420993041666667D+01 0.144215541666667D+01
  24 C     0.464009000000000D+01 0.509818041666667D+01 0.632205541666667D+01
  25 C     0.658599000000000D+01 0.238207041666667D+01 0.587165416666666D+00
  26 C     0.719650000000001D+00 0.692604041666667D+01 0.522005416666665D+00
  27 C     0.437247000000000D+01 0.692604041666667D+01 0.391468541666667D+01
  28 C     0.293317000000000D+01 0.238207041666667D+01 0.384951541666667D+01
  29 C     0.719650000000001D+00 0.703612041666667D+01 0.384951541666667D+01
  30 C     0.658599000000000D+01 0.227199041666667D+01 0.391468541666666D+01
  31 C     0.293317000000000D+01 0.227199041666667D+01 0.522005416666665D+00
  32 C     0.437247000000000D+01 0.703612041666667D+01 0.587165416666666D+00
  33 C     0.102538000000000D+01 0.158328041666667D+01 0.217115541666667D+01
  34 C     0.628026000000000D+01 0.772483041666667D+01 0.559304541666667D+01
  35 C     0.262744000000000D+01 0.772483041666667D+01 0.549867541666667D+01
  36 C     0.467820000000000D+01 0.158328041666667D+01 0.226552541666667D+01
  37 C     0.628026000000000D+01 0.623734041666667D+01 0.226552541666667D+01
  38 C     0.102538000000000D+01 0.307077041666667D+01 0.549867541666667D+01
  39 C     0.467820000000000D+01 0.307077041666667D+01 0.559304541666666D+01
  40 C     0.262744000000000D+01 0.623734041666667D+01 0.217115541666667D+01
  41 C     0.554389000000000D+01 0.778000416666667D+00 0.563024541666667D+01
  42 C     0.176175000000000D+01 0.853011041666667D+01 0.213395541666667D+01
  43 C     0.541457000000000D+01 0.853011041666667D+01 0.230273541666667D+01
  44 C     0.189107000000000D+01 0.778000416666667D+00 0.546146541666667D+01
  45 C     0.176175000000000D+01 0.543205041666667D+01 0.546146541666667D+01
  46 C     0.554389000000000D+01 0.387606041666667D+01 0.230273541666667D+01
  47 C     0.189107000000000D+01 0.387606041666667D+01 0.213395541666667D+01
  48 C     0.541457000000000D+01 0.543205041666667D+01 0.563024541666667D+01

  F bnz_z03                                                     
    7.2556    9.2444    6.6094
   90.0000   90.0000   90.0000
   1 C     0.681502000000000D+01 0.132512000000000D+01 0.592947499999999D+00
   2 C     0.440579999999998D+00 0.791923000000000D+01 0.508627499999999D+00
   3 C     0.406838000000000D+01 0.791923000000000D+01 0.389767750000000D+01
   4 C     0.318722000000000D+01 0.132512000000000D+01 0.381334750000000D+01
   5 C     0.440579999999998D+00 0.594730000000000D+01 0.381334750000000D+01
   6 C     0.681502000000000D+01 0.329705000000000D+01 0.389767750000000D+01
   7 C     0.318722000000000D+01 0.329705000000000D+01 0.508627499999999D+00
   8 C     0.406838000000000D+01 0.594730000000000D+01 0.592947499999999D+00
   9 C     0.562799999999998D+00 0.897200000000002D+00 0.146087750000000D+01
  10 C     0.669280000000000D+01 0.834715000000000D+01 0.625014750000000D+01
  11 C     0.306500000000000D+01 0.834715000000000D+01 0.476560750000000D+01
  12 C     0.419060000000000D+01 0.897200000000002D+00 0.294541750000000D+01
  13 C     0.669280000000000D+01 0.551938000000000D+01 0.294541750000000D+01
  14 C     0.562799999999998D+00 0.372497000000000D+01 0.476560750000000D+01
  15 C     0.419060000000000D+01 0.372497000000000D+01 0.625014750000000D+01
  16 C     0.306500000000000D+01 0.551938000000000D+01 0.146087750000000D+01
  17 C     0.625399000000000D+01 0.427950000000002D+00 0.628796750000000D+01
  18 C     0.100161000000000D+01 0.881640000000000D+01 0.142305750000000D+01
  19 C     0.462941000000000D+01 0.881640000000000D+01 0.298324750000000D+01
  20 C     0.262619000000000D+01 0.427950000000002D+00 0.472777750000000D+01
  21 C     0.100161000000000D+01 0.505012000000000D+01 0.472777750000000D+01
  22 C     0.625399000000000D+01 0.419423000000000D+01 0.298324750000000D+01
  23 C     0.262619000000000D+01 0.419423000000000D+01 0.142305750000000D+01
  24 C     0.462941000000000D+01 0.505012000000000D+01 0.628796750000000D+01
  25 C     0.647406000000000D+01 0.236247000000000D+01 0.618967499999999D+00
  26 C     0.781539999999998D+00 0.688188000000000D+01 0.482607499999999D+00
  27 C     0.440934000000000D+01 0.688188000000000D+01 0.392368750000000D+01
  28 C     0.284626000000000D+01 0.236247000000000D+01 0.378733750000000D+01
  29 C     0.781539999999998D+00 0.698464000000000D+01 0.378733750000000D+01
  30 C     0.647406000000000D+01 0.225971000000000D+01 0.392368750000000D+01
  31 C     0.284626000000000D+01 0.225971000000000D+01 0.482607499999999D+00
  32 C     0.440934000000000D+01 0.698464000000000D+01 0.618967499999999D+00
  33 C     0.998429999999998D+00 0.158919000000000D+01 0.217837750000000D+01
  34 C     0.625717000000000D+01 0.765516000000000D+01 0.553264750000000D+01
  35 C     0.262937000000000D+01 0.765516000000000D+01 0.548310750000000D+01
  36 C     0.462623000000000D+01 0.158919000000000D+01 0.222791750000000D+01
  37 C     0.625717000000000D+01 0.621136000000000D+01 0.222791750000000D+01
  38 C     0.998429999999998D+00 0.303299000000000D+01 0.548310750000000D+01
  39 C     0.462623000000000D+01 0.303299000000000D+01 0.553264750000000D+01
  40 C     0.262937000000000D+01 0.621136000000000D+01 0.217837750000000D+01
  41 C     0.546152000000000D+01 0.752680000000002D+00 0.560713750000000D+01
  42 C     0.179408000000000D+01 0.849167000000000D+01 0.210388750000000D+01
  43 C     0.542188000000000D+01 0.849167000000000D+01 0.230240750000000D+01
  44 C     0.183372000000000D+01 0.752680000000002D+00 0.540861750000000D+01
  45 C     0.179408000000000D+01 0.537486000000000D+01 0.540861750000000D+01
  46 C     0.546152000000000D+01 0.386949000000000D+01 0.230240750000000D+01
  47 C     0.183372000000000D+01 0.386949000000000D+01 0.210388750000000D+01
  48 C     0.542188000000000D+01 0.537486000000000D+01 0.560713750000000D+01

  F bnz_z04                                                     
    7.2049    9.1797    6.5632
   90.0000   90.0000   90.0000
   1 C     0.679567000000000D+01 0.133642000000000D+01 0.567235833333333D+00
   2 C     0.409190000000001D+00 0.784328000000000D+01 0.526635833333333D+00
   3 C     0.401162000000000D+01 0.784328000000000D+01 0.384885583333333D+01
   4 C     0.319324000000000D+01 0.133642000000000D+01 0.380824583333333D+01
   5 C     0.409190000000001D+00 0.592627000000000D+01 0.380824583333333D+01
   6 C     0.679567000000000D+01 0.325343000000000D+01 0.384885583333333D+01
   7 C     0.319324000000000D+01 0.325343000000000D+01 0.526635833333333D+00
   8 C     0.401162000000000D+01 0.592627000000000D+01 0.567235833333333D+00
   9 C     0.578050000000001D+00 0.891670000000000D+00 0.144989583333333D+01
  10 C     0.662681000000000D+01 0.828803000000000D+01 0.620720583333333D+01
  11 C     0.302438000000000D+01 0.828803000000000D+01 0.473150583333333D+01
  12 C     0.418048000000000D+01 0.891670000000000D+00 0.292559583333333D+01
  13 C     0.662681000000000D+01 0.548152000000000D+01 0.292559583333333D+01
  14 C     0.578050000000001D+00 0.369818000000000D+01 0.473150583333333D+01
  15 C     0.418048000000000D+01 0.369818000000000D+01 0.620720583333333D+01
  16 C     0.302438000000000D+01 0.548152000000000D+01 0.144989583333333D+01
  17 C     0.621489000000000D+01 0.443090000000000D+00 0.622653583333333D+01
  18 C     0.989970000000001D+00 0.873661000000000D+01 0.143056583333333D+01
  19 C     0.459240000000000D+01 0.873661000000000D+01 0.294491583333333D+01
  20 C     0.261246000000000D+01 0.443090000000000D+00 0.471218583333333D+01
  21 C     0.989970000000001D+00 0.503294000000000D+01 0.471218583333333D+01
  22 C     0.621489000000000D+01 0.414676000000000D+01 0.294491583333333D+01
  23 C     0.261246000000000D+01 0.414676000000000D+01 0.143056583333333D+01
  24 C     0.459240000000000D+01 0.503294000000000D+01 0.622653583333333D+01
  25 C     0.648130000000000D+01 0.238020000000000D+01 0.583725833333333D+00
  26 C     0.723560000000001D+00 0.679950000000000D+01 0.510145833333333D+00
  27 C     0.432599000000000D+01 0.679950000000000D+01 0.386533583333333D+01
  28 C     0.287887000000000D+01 0.238020000000000D+01 0.379176583333333D+01
  29 C     0.723560000000001D+00 0.697005000000000D+01 0.379176583333333D+01
  30 C     0.648130000000000D+01 0.220965000000000D+01 0.386533583333333D+01
  31 C     0.287887000000000D+01 0.220965000000000D+01 0.510145833333333D+00
  32 C     0.432599000000000D+01 0.697005000000000D+01 0.583725833333333D+00
  33 C     0.102463000000000D+01 0.158188000000000D+01 0.216338583333333D+01
  34 C     0.618023000000000D+01 0.759782000000000D+01 0.549371583333333D+01
  35 C     0.257780000000000D+01 0.759782000000000D+01 0.544500583333333D+01
  36 C     0.462706000000000D+01 0.158188000000000D+01 0.221209583333333D+01
  37 C     0.618023000000000D+01 0.617173000000000D+01 0.221209583333333D+01
  38 C     0.102463000000000D+01 0.300797000000000D+01 0.544500583333333D+01
  39 C     0.462706000000000D+01 0.300797000000000D+01 0.549371583333333D+01
  40 C     0.257780000000000D+01 0.617173000000000D+01 0.216338583333333D+01
  41 C     0.543713000000000D+01 0.774590000000000D+00 0.553861583333333D+01
  42 C     0.176773000000000D+01 0.840511000000000D+01 0.211848583333333D+01
  43 C     0.537016000000000D+01 0.840511000000000D+01 0.225699583333333D+01
  44 C     0.183470000000000D+01 0.774590000000000D+00 0.540010583333333D+01
  45 C     0.176773000000000D+01 0.536444000000000D+01 0.540010583333333D+01
  46 C     0.543713000000000D+01 0.381526000000000D+01 0.225699583333333D+01
  47 C     0.183470000000000D+01 0.381526000000000D+01 0.211848583333333D+01
  48 C     0.537016000000000D+01 0.536444000000000D+01 0.553861583333333D+01

  F bnz_z05                                                     
    7.1534    9.1141    6.5164
   90.0000   90.0000   90.0000
   1 C     0.673562000000000D+01 0.133331000000000D+01 0.570999166666666D+00
   2 C     0.417770000000000D+00 0.778082000000000D+01 0.515059166666666D+00
   3 C     0.399446000000000D+01 0.778082000000000D+01 0.382917916666667D+01
   4 C     0.315893000000000D+01 0.133331000000000D+01 0.377322916666667D+01
   5 C     0.417770000000000D+00 0.589037000000000D+01 0.377322916666667D+01
   6 C     0.673562000000000D+01 0.322376000000000D+01 0.382917916666667D+01
   7 C     0.315893000000000D+01 0.322376000000000D+01 0.515059166666666D+00
   8 C     0.399446000000000D+01 0.589037000000000D+01 0.570999166666666D+00
   9 C     0.578320000000000D+00 0.891660000000002D+00 0.144460916666667D+01
  10 C     0.657507000000000D+01 0.822247000000000D+01 0.615779916666667D+01
  11 C     0.299838000000000D+01 0.822247000000000D+01 0.470277916666667D+01
  12 C     0.415501000000000D+01 0.891660000000002D+00 0.289962916666667D+01
  13 C     0.657507000000000D+01 0.544873000000000D+01 0.289962916666667D+01
  14 C     0.578320000000000D+00 0.366540000000000D+01 0.470277916666667D+01
  15 C     0.415501000000000D+01 0.366540000000000D+01 0.615779916666667D+01
  16 C     0.299838000000000D+01 0.544873000000000D+01 0.144460916666667D+01
  17 C     0.615320000000000D+01 0.439370000000002D+00 0.618520916666667D+01
  18 C     0.100019000000000D+01 0.867476000000000D+01 0.141719916666667D+01
  19 C     0.457689000000000D+01 0.867476000000000D+01 0.292703916666667D+01
  20 C     0.257650000000000D+01 0.439370000000002D+00 0.467536916666667D+01
  21 C     0.100019000000000D+01 0.499644000000000D+01 0.467536916666667D+01
  22 C     0.615320000000000D+01 0.411769000000000D+01 0.292703916666667D+01
  23 C     0.257650000000000D+01 0.411769000000000D+01 0.141719916666667D+01
  24 C     0.457689000000000D+01 0.499644000000000D+01 0.618520916666667D+01
  25 C     0.641459000000000D+01 0.237468000000000D+01 0.594559166666666D+00
  26 C     0.738800000000000D+00 0.673945000000000D+01 0.491499166666666D+00
  27 C     0.431550000000000D+01 0.673945000000000D+01 0.385273916666667D+01
  28 C     0.283789000000000D+01 0.237468000000000D+01 0.374966916666667D+01
  29 C     0.738800000000000D+00 0.693174000000000D+01 0.374966916666667D+01
  30 C     0.641459000000000D+01 0.218239000000000D+01 0.385273916666667D+01
  31 C     0.283789000000000D+01 0.218239000000000D+01 0.491499166666666D+00
  32 C     0.431550000000000D+01 0.693174000000000D+01 0.594559166666666D+00
  33 C     0.102576000000000D+01 0.158211000000000D+01 0.215663916666667D+01
  34 C     0.612763000000000D+01 0.753202000000000D+01 0.544576916666667D+01
  35 C     0.255093000000000D+01 0.753202000000000D+01 0.541481916666667D+01
  36 C     0.460246000000000D+01 0.158211000000000D+01 0.218758916666667D+01
  37 C     0.612763000000000D+01 0.613918000000000D+01 0.218758916666667D+01
  38 C     0.102576000000000D+01 0.297495000000000D+01 0.541481916666666D+01
  39 C     0.460246000000000D+01 0.297495000000000D+01 0.544576916666666D+01
  40 C     0.255093000000000D+01 0.613918000000000D+01 0.215663916666667D+01
  41 C     0.536739000000000D+01 0.767550000000002D+00 0.550474916666667D+01
  42 C     0.178600000000000D+01 0.834658000000000D+01 0.209765916666667D+01
  43 C     0.536270000000000D+01 0.834658000000000D+01 0.224657916666667D+01
  44 C     0.179069000000000D+01 0.767550000000002D+00 0.535582916666667D+01
  45 C     0.178600000000000D+01 0.532461000000000D+01 0.535582916666667D+01
  46 C     0.536739000000000D+01 0.378952000000000D+01 0.224657916666667D+01
  47 C     0.179069000000000D+01 0.378952000000000D+01 0.209765916666667D+01
  48 C     0.536270000000000D+01 0.532461000000000D+01 0.550474916666667D+01

  F bnz_z06                                                     
    7.1012    9.0476    6.4688
   90.0000   90.0000   90.0000
   1 C     0.669179000000000D+01 0.133550000000000D+01 0.559595000000001D+00
   2 C     0.409380000000000D+00 0.771210000000000D+01 0.518535000000001D+00
   3 C     0.395997000000000D+01 0.771210000000000D+01 0.379398500000000D+01
   4 C     0.314120000000000D+01 0.133550000000000D+01 0.375292500000000D+01
   5 C     0.409380000000000D+00 0.585930000000000D+01 0.375292500000000D+01
   6 C     0.669179000000000D+01 0.318830000000000D+01 0.379398500000000D+01
   7 C     0.314120000000000D+01 0.318830000000000D+01 0.518535000000001D+00
   8 C     0.395997000000000D+01 0.585930000000000D+01 0.559595000000001D+00
   9 C     0.577210000000000D+00 0.890230000000000D+00 0.144167500000000D+01
  10 C     0.652396000000000D+01 0.815737000000000D+01 0.610523500000000D+01
  11 C     0.297337000000000D+01 0.815737000000000D+01 0.467606500000000D+01
  12 C     0.412780000000000D+01 0.890230000000000D+00 0.287084500000000D+01
  13 C     0.652396000000000D+01 0.541403000000000D+01 0.287084500000000D+01
  14 C     0.577210000000000D+00 0.363357000000000D+01 0.467606500000000D+01
  15 C     0.412780000000000D+01 0.363357000000000D+01 0.610523500000000D+01
  16 C     0.297337000000000D+01 0.541403000000000D+01 0.144167500000000D+01
  17 C     0.611068000000000D+01 0.443150000000000D+00 0.612457500000000D+01
  18 C     0.990490000000000D+00 0.860445000000000D+01 0.142233500000000D+01
  19 C     0.454108000000000D+01 0.860445000000000D+01 0.289018500000000D+01
  20 C     0.256009000000000D+01 0.443150000000000D+00 0.465672500000000D+01
  21 C     0.990490000000000D+00 0.496695000000000D+01 0.465672500000000D+01
  22 C     0.611068000000000D+01 0.408065000000000D+01 0.289018500000000D+01
  23 C     0.256009000000000D+01 0.408065000000000D+01 0.142233500000000D+01
  24 C     0.454108000000000D+01 0.496695000000000D+01 0.612457500000000D+01
  25 C     0.637823000000000D+01 0.237875000000000D+01 0.576955000000001D+00
  26 C     0.722940000000000D+00 0.666885000000000D+01 0.501175000000001D+00
  27 C     0.427353000000000D+01 0.666885000000000D+01 0.381134500000000D+01
  28 C     0.282764000000000D+01 0.237875000000000D+01 0.373556500000000D+01
  29 C     0.722940000000000D+00 0.690255000000000D+01 0.373556500000000D+01
  30 C     0.637823000000000D+01 0.214505000000000D+01 0.381134500000000D+01
  31 C     0.282764000000000D+01 0.214505000000000D+01 0.501175000000001D+00
  32 C     0.427353000000000D+01 0.690255000000000D+01 0.576955000000001D+00
  33 C     0.102500000000000D+01 0.157964000000000D+01 0.215369500000000D+01
  34 C     0.607617000000000D+01 0.746796000000000D+01 0.539321500000000D+01
  35 C     0.252558000000000D+01 0.746796000000000D+01 0.538808500000000D+01
  36 C     0.457559000000000D+01 0.157964000000000D+01 0.215882500000000D+01
  37 C     0.607617000000000D+01 0.610344000000000D+01 0.215882500000000D+01
  38 C     0.102500000000000D+01 0.294416000000000D+01 0.538808500000000D+01
  39 C     0.457559000000000D+01 0.294416000000000D+01 0.539321500000000D+01
  40 C     0.252558000000000D+01 0.610344000000000D+01 0.215369500000000D+01
  41 C     0.533367000000000D+01 0.773920000000000D+00 0.543615500000000D+01
  42 C     0.176750000000000D+01 0.827368000000000D+01 0.211075500000000D+01
  43 C     0.531809000000000D+01 0.827368000000000D+01 0.220176500000000D+01
  44 C     0.178308000000000D+01 0.773920000000000D+00 0.534514500000000D+01
  45 C     0.176750000000000D+01 0.529772000000000D+01 0.534514500000000D+01
  46 C     0.533367000000000D+01 0.374988000000000D+01 0.220176500000000D+01
  47 C     0.178308000000000D+01 0.374988000000000D+01 0.211075500000000D+01
  48 C     0.531809000000000D+01 0.529772000000000D+01 0.543615500000000D+01

  F bnz_z07                                                     
    6.9397    8.8419    6.3217
   90.0000   90.0000   90.0000
   1 C     0.652025000000000D+01 0.133107958333333D+01 0.557949166666668D+00
   2 C     0.419480000000000D+00 0.751081958333333D+01 0.495669166666668D+00
   3 C     0.388934000000000D+01 0.751081958333333D+01 0.371880916666667D+01
   4 C     0.305039000000000D+01 0.133107958333333D+01 0.365651916666667D+01
   5 C     0.419480000000000D+00 0.575202958333333D+01 0.365651916666667D+01
   6 C     0.652025000000000D+01 0.308986958333333D+01 0.371880916666667D+01
   7 C     0.305039000000000D+01 0.308986958333333D+01 0.495669166666668D+00
   8 C     0.388934000000000D+01 0.575202958333333D+01 0.557949166666668D+00
   9 C     0.576910000000000D+00 0.888579583333334D+00 0.142694916666667D+01
  10 C     0.636282000000000D+01 0.795331958333333D+01 0.594837916666667D+01
  11 C     0.289295000000000D+01 0.795331958333333D+01 0.458779916666667D+01
  12 C     0.404678000000000D+01 0.888579583333334D+00 0.278752916666667D+01
  13 C     0.636282000000000D+01 0.530952958333333D+01 0.278752916666667D+01
  14 C     0.576910000000000D+00 0.353236958333333D+01 0.458779916666667D+01
  15 C     0.404678000000000D+01 0.353236958333333D+01 0.594837916666667D+01
  16 C     0.289295000000000D+01 0.530952958333333D+01 0.142694916666667D+01
  17 C     0.593679000000000D+01 0.438929583333334D+00 0.597959916666667D+01
  18 C     0.100294000000000D+01 0.840296958333333D+01 0.139572916666667D+01
  19 C     0.447280000000000D+01 0.840296958333333D+01 0.281874916666667D+01
  20 C     0.246693000000000D+01 0.438929583333334D+00 0.455657916666667D+01
  21 C     0.100294000000000D+01 0.485987958333333D+01 0.455657916666667D+01
  22 C     0.593679000000000D+01 0.398202958333333D+01 0.281874916666667D+01
  23 C     0.246693000000000D+01 0.398202958333333D+01 0.139572916666667D+01
  24 C     0.447280000000000D+01 0.485987958333333D+01 0.597959916666667D+01
  25 C     0.620276000000000D+01 0.237217958333333D+01 0.582389166666668D+00
  26 C     0.736970000000000D+00 0.646971958333333D+01 0.471229166666668D+00
  27 C     0.420684000000000D+01 0.646971958333333D+01 0.374324916666667D+01
  28 C     0.273289000000000D+01 0.237217958333333D+01 0.363207916666667D+01
  29 C     0.736970000000000D+00 0.679312958333333D+01 0.363207916666667D+01
  30 C     0.620276000000000D+01 0.204876958333333D+01 0.374324916666667D+01
  31 C     0.273289000000000D+01 0.204876958333333D+01 0.471229166666668D+00
  32 C     0.420684000000000D+01 0.679312958333333D+01 0.582389166666668D+00
  33 C     0.102231000000000D+01 0.157586958333333D+01 0.214038916666667D+01
  34 C     0.591742000000000D+01 0.726602958333333D+01 0.523493916666667D+01
  35 C     0.244755000000000D+01 0.726602958333333D+01 0.530123916666667D+01
  36 C     0.449218000000000D+01 0.157586958333333D+01 0.207408916666667D+01
  37 C     0.591742000000000D+01 0.599681958333333D+01 0.207408916666667D+01
  38 C     0.102231000000000D+01 0.284507958333333D+01 0.530123916666667D+01
  39 C     0.449218000000000D+01 0.284507958333333D+01 0.523493916666667D+01
  40 C     0.244755000000000D+01 0.599681958333333D+01 0.214038916666667D+01
  41 C     0.514534000000000D+01 0.761859583333334D+00 0.530567916666667D+01
  42 C     0.179439000000000D+01 0.808003958333333D+01 0.206964916666667D+01
  43 C     0.526426000000000D+01 0.808003958333333D+01 0.214481916666667D+01
  44 C     0.167547000000000D+01 0.761859583333334D+00 0.523050916666667D+01
  45 C     0.179439000000000D+01 0.518280958333333D+01 0.523050916666667D+01
  46 C     0.514534000000000D+01 0.365908958333333D+01 0.214481916666667D+01
  47 C     0.167547000000000D+01 0.365908958333333D+01 0.206964916666667D+01
  48 C     0.526426000000000D+01 0.518280958333333D+01 0.530567916666667D+01

  F bnz_z08                                                     
    6.4677    8.2405    5.8918
   90.0000   90.0000   90.0000
   1 C     0.602859000000000D+01 0.131724000000000D+01 0.542329166666666D+00
   2 C     0.439150000000001D+00 0.692330000000000D+01 0.439629166666666D+00
   3 C     0.367302000000000D+01 0.692330000000000D+01 0.348819916666667D+01
   4 C     0.279472000000000D+01 0.131724000000000D+01 0.338550916666667D+01
   5 C     0.439150000000001D+00 0.543751000000000D+01 0.338550916666667D+01
   6 C     0.602859000000000D+01 0.280303000000000D+01 0.348819916666667D+01
   7 C     0.279472000000000D+01 0.280303000000000D+01 0.439629166666666D+00
   8 C     0.367302000000000D+01 0.543751000000000D+01 0.542329166666666D+00
   9 C     0.574410000000001D+00 0.880830000000002D+00 0.137840916666667D+01
  10 C     0.589333000000000D+01 0.735971000000000D+01 0.549529916666667D+01
  11 C     0.265946000000000D+01 0.735971000000000D+01 0.432428916666667D+01
  12 C     0.380828000000000D+01 0.880830000000002D+00 0.254941916666667D+01
  13 C     0.589333000000000D+01 0.500110000000000D+01 0.254941916666667D+01
  14 C     0.574410000000001D+00 0.323944000000000D+01 0.432428916666667D+01
  15 C     0.380828000000000D+01 0.323944000000000D+01 0.549529916666667D+01
  16 C     0.265946000000000D+01 0.500110000000000D+01 0.137840916666667D+01
  17 C     0.543638000000000D+01 0.426170000000002D+00 0.555147916666667D+01
  18 C     0.103136000000000D+01 0.781437000000000D+01 0.132222916666667D+01
  19 C     0.426523000000000D+01 0.781437000000000D+01 0.260560916666667D+01
  20 C     0.220251000000000D+01 0.426170000000002D+00 0.426809916666667D+01
  21 C     0.103136000000000D+01 0.454644000000000D+01 0.426809916666667D+01
  22 C     0.543638000000000D+01 0.369410000000000D+01 0.260560916666667D+01
  23 C     0.220251000000000D+01 0.369410000000000D+01 0.132222916666667D+01
  24 C     0.426523000000000D+01 0.454644000000000D+01 0.555147916666666D+01
  25 C     0.570880000000000D+01 0.235239000000000D+01 0.584279166666665D+00
  26 C     0.758940000000001D+00 0.588815000000000D+01 0.397679166666666D+00
  27 C     0.399281000000000D+01 0.588815000000000D+01 0.353014916666667D+01
  28 C     0.247493000000000D+01 0.235239000000000D+01 0.334355916666667D+01
  29 C     0.758940000000001D+00 0.647266000000000D+01 0.334355916666667D+01
  30 C     0.570880000000000D+01 0.176788000000000D+01 0.353014916666667D+01
  31 C     0.247493000000000D+01 0.176788000000000D+01 0.397679166666666D+00
  32 C     0.399281000000000D+01 0.647266000000000D+01 0.584279166666665D+00
  33 C     0.101738000000000D+01 0.156114000000000D+01 0.208788916666667D+01
  34 C     0.545036000000000D+01 0.667940000000000D+01 0.478581916666666D+01
  35 C     0.221649000000000D+01 0.667940000000000D+01 0.503376916666666D+01
  36 C     0.425125000000000D+01 0.156114000000000D+01 0.183993916666667D+01
  37 C     0.545036000000000D+01 0.568141000000000D+01 0.183993916666667D+01
  38 C     0.101738000000000D+01 0.255913000000000D+01 0.503376916666666D+01
  39 C     0.425125000000000D+01 0.255913000000000D+01 0.478581916666667D+01
  40 C     0.221649000000000D+01 0.568141000000000D+01 0.208788916666667D+01
  41 C     0.460623000000000D+01 0.720790000000002D+00 0.492258916666666D+01
  42 C     0.186151000000000D+01 0.751975000000000D+01 0.195111916666667D+01
  43 C     0.509538000000000D+01 0.751975000000000D+01 0.197670916666667D+01
  44 C     0.137236000000000D+01 0.720790000000002D+00 0.489699916666667D+01
  45 C     0.186151000000000D+01 0.484106000000000D+01 0.489699916666667D+01
  46 C     0.460623000000000D+01 0.339948000000000D+01 0.197670916666667D+01
  47 C     0.137236000000000D+01 0.339948000000000D+01 0.195111916666667D+01
  48 C     0.509538000000000D+01 0.484106000000000D+01 0.492258916666667D+01

