 Lattice parameters:
    20.00000000    20.00000000    20.00000000
    90.00000000    90.00000000    90.00000000
  12 Atom coordinates (Angstrom):
   0.104081600000000D+02   0.113374000000000D+02   0.998114000000000D+01 C1   
   0.959184000000000D+01   0.866260000000000D+01   0.100188600000000D+02 C2   
   0.942298000000000D+01   0.108948200000000D+02   0.909418000000000D+01 C3   
   0.105770200000000D+02   0.910518000000000D+01   0.109058200000000D+02 C4   
   0.109852600000000D+02   0.104418400000000D+02   0.108864200000000D+02 C5   
   0.901474000000000D+01   0.955816000000000D+01   0.911358000000000D+01 C6   
   0.107237000000000D+02   0.123824800000000D+02   0.996738000000000D+01 C7   
   0.927630000000000D+01   0.761752000000000D+01   0.100326200000000D+02 C8   
   0.897248000000000D+01   0.115912600000000D+02   0.838572000000000D+01 C9   
   0.110275200000000D+02   0.840874000000000D+01   0.116142800000000D+02 C10  
   0.117561000000000D+02   0.107857800000000D+02   0.115775200000000D+02 C11  
   0.824390000000000D+01   0.921422000000000D+01   0.842248000000000D+01 C12  
 Atom velocities (Angstrom/s):
  -0.000000000000000D+00   0.000000000000000D+00  -0.000000000000000D+00
  -0.000000000000000D+00   0.000000000000000D+00  -0.000000000000000D+00
   0.000000000000000D+00  -0.000000000000000D+00  -0.000000000000000D+00
   0.000000000000000D+00   0.000000000000000D+00  -0.000000000000000D+00
  -0.000000000000000D+00  -0.000000000000000D+00   0.000000000000000D+00
  -0.000000000000000D+00  -0.000000000000000D+00   0.000000000000000D+00
   0.000000000000000D+00  -0.000000000000000D+00  -0.000000000000000D+00
   0.000000000000000D+00  -0.000000000000000D+00   0.000000000000000D+00
   0.000000000000000D+00  -0.000000000000000D+00  -0.000000000000000D+00
   0.000000000000000D+00   0.000000000000000D+00   0.000000000000000D+00
  -0.000000000000000D+00   0.000000000000000D+00   0.000000000000000D+00
   0.000000000000000D+00  -0.000000000000000D+00   0.000000000000000D+00
 Atom accelerations (Angstrom/s**2):
   0.000000000000000D+00   0.000000000000000D+00   0.000000000000000D+00
   0.000000000000000D+00   0.000000000000000D+00   0.000000000000000D+00
   0.000000000000000D+00   0.000000000000000D+00   0.000000000000000D+00
   0.000000000000000D+00   0.000000000000000D+00   0.000000000000000D+00
   0.000000000000000D+00   0.000000000000000D+00   0.000000000000000D+00
   0.000000000000000D+00   0.000000000000000D+00   0.000000000000000D+00
   0.000000000000000D+00   0.000000000000000D+00   0.000000000000000D+00
   0.000000000000000D+00   0.000000000000000D+00   0.000000000000000D+00
   0.000000000000000D+00   0.000000000000000D+00   0.000000000000000D+00
   0.000000000000000D+00   0.000000000000000D+00   0.000000000000000D+00
   0.000000000000000D+00   0.000000000000000D+00   0.000000000000000D+00
   0.000000000000000D+00   0.000000000000000D+00   0.000000000000000D+00
 Previous atom accelerations:
   0.000000000000000D+00   0.000000000000000D+00   0.000000000000000D+00
   0.000000000000000D+00   0.000000000000000D+00   0.000000000000000D+00
   0.000000000000000D+00   0.000000000000000D+00   0.000000000000000D+00
   0.000000000000000D+00   0.000000000000000D+00   0.000000000000000D+00
   0.000000000000000D+00   0.000000000000000D+00   0.000000000000000D+00
   0.000000000000000D+00   0.000000000000000D+00   0.000000000000000D+00
   0.000000000000000D+00   0.000000000000000D+00   0.000000000000000D+00
   0.000000000000000D+00   0.000000000000000D+00   0.000000000000000D+00
   0.000000000000000D+00   0.000000000000000D+00   0.000000000000000D+00
   0.000000000000000D+00   0.000000000000000D+00   0.000000000000000D+00
   0.000000000000000D+00   0.000000000000000D+00   0.000000000000000D+00
   0.000000000000000D+00   0.000000000000000D+00   0.000000000000000D+00
 MD-temperature (K):
   0.000000000000000D+00
 Connections, bond orders and lone pairs:
