  12
bnz_ref                                      0      -19.90  20.00  20.00  20.00  90.00  90.00  90.00
C   10.40816  11.33740   9.98114     1
C    9.59184   8.66260  10.01886     2
C    9.42298  10.89482   9.09418     3
C   10.57702   9.10518  10.90582     4
C   10.98526  10.44184  10.88642     5
C    9.01474   9.55816   9.11358     6
H   10.72370  12.38248   9.96738     7
H    9.27630   7.61752  10.03262     8
H    8.97248  11.59126   8.38572     9
H   11.02752   8.40874  11.61428    10
H   11.75610  10.78578  11.57752    11
H    8.24390   9.21422   8.42248    12
  12
bnz_ref                                      0      -19.90  20.00  20.00  20.00  90.00  90.00  90.00
C   10.40816  11.33740   9.98114     1
C    9.59184   8.66260  10.01886     2
C    9.42298  10.89482   9.09418     3
C   10.57702   9.10518  10.90582     4
C   10.98526  10.44184  10.88642     5
C    9.01474   9.55816   9.11358     6
H   10.72370  12.38248   9.96738     7
H    9.27630   7.61752  10.03262     8
H    8.97248  11.59126   8.38572     9
H   11.02752   8.40874  11.61428    10
H   11.75610  10.78578  11.57752    11
H    8.24390   9.21422   8.42248    12
  48
bnz_a                                        0     -142.93   7.50   9.55   6.83  90.00  90.00  90.00
C    7.09393   1.33844   0.58502     1
C    0.40532   8.21635   0.55354     2
C    4.15494   8.21635   4.00072     3
C    3.34431   1.33844   3.96925     4
C    0.40532   6.11584   3.96925     5
C    7.09393   3.43895   4.00072     6
C    3.34431   3.43895   0.55354     7
C    4.15494   6.11584   0.58502     8
C    0.57806   0.89271   1.47426     9
C    6.92119   8.66208   6.49571    10
C    3.17157   8.66208   4.88997    11
C    4.32768   0.89271   3.08000    12
C    6.92119   5.67011   3.08000    13
C    0.57806   3.88468   4.88997    14
C    4.32768   3.88468   6.49571    15
C    3.17157   5.67011   1.47426    16
C    6.51266   0.44465   6.51109    17
C    0.98659   9.11014   1.45888    18
C    4.73622   9.11014   3.09539    19
C    2.76303   0.44465   4.87458    20
C    0.98659   5.22205   4.87458    21
C    6.51266   4.33274   3.09539    22
C    2.76303   4.33274   1.45888    23
C    4.73622   5.22205   6.51109    24
H    6.78111   2.38380   0.59877    25
H    0.71814   7.17099   0.53979    26
H    4.46776   7.17099   4.01448    27
H    3.03149   2.38380   3.95549    28
H    0.71814   7.16119   3.95549    29
H    6.78111   2.39360   4.01448    30
H    3.03149   2.39360   0.53979    31
H    4.46776   7.16119   0.59877    32
H    1.02560   1.58526   2.18720    33
H    6.47365   7.96953   5.78277    34
H    2.72403   7.96953   5.60291    35
H    4.77522   1.58526   2.36706    36
H    6.47365   6.36266   2.36706    37
H    1.02560   3.19213   5.60291    38
H    4.77522   3.19213   5.78277    39
H    2.72403   6.36266   2.18720    40
H    5.73973   0.78054   5.81793    41
H    1.75952   8.77425   2.15204    42
H    5.50914   8.77425   2.40222    43
H    1.99011   0.78054   5.56775    44
H    1.75952   5.55794   5.56775    45
H    5.73973   3.99685   2.40222    46
H    1.99011   3.99685   2.15204    47
H    5.50914   5.55794   5.81793    48
  48
bnz_a                                        0     -142.93   7.50   9.55   6.83  90.00  90.00  90.00
C    7.09393   1.33844   0.58502     1
C    0.40532   8.21635   0.55354     2
C    4.15494   8.21635   4.00072     3
C    3.34431   1.33844   3.96925     4
C    0.40532   6.11584   3.96925     5
C    7.09393   3.43895   4.00072     6
C    3.34431   3.43895   0.55354     7
C    4.15494   6.11584   0.58502     8
C    0.57806   0.89271   1.47426     9
C    6.92119   8.66208   6.49571    10
C    3.17157   8.66208   4.88997    11
C    4.32768   0.89271   3.08000    12
C    6.92119   5.67011   3.08000    13
C    0.57806   3.88468   4.88997    14
C    4.32768   3.88468   6.49571    15
C    3.17157   5.67011   1.47426    16
C    6.51266   0.44465   6.51109    17
C    0.98659   9.11014   1.45888    18
C    4.73622   9.11014   3.09539    19
C    2.76303   0.44465   4.87458    20
C    0.98659   5.22205   4.87458    21
C    6.51266   4.33274   3.09539    22
C    2.76303   4.33274   1.45888    23
C    4.73622   5.22205   6.51109    24
H    6.78111   2.38380   0.59877    25
H    0.71814   7.17099   0.53979    26
H    4.46776   7.17099   4.01448    27
H    3.03149   2.38380   3.95549    28
H    0.71814   7.16119   3.95549    29
H    6.78111   2.39360   4.01448    30
H    3.03149   2.39360   0.53979    31
H    4.46776   7.16119   0.59877    32
H    1.02560   1.58526   2.18720    33
H    6.47365   7.96953   5.78277    34
H    2.72403   7.96953   5.60291    35
H    4.77522   1.58526   2.36706    36
H    6.47365   6.36266   2.36706    37
H    1.02560   3.19213   5.60291    38
H    4.77522   3.19213   5.78277    39
H    2.72403   6.36266   2.18720    40
H    5.73973   0.78054   5.81793    41
H    1.75952   8.77425   2.15204    42
H    5.50914   8.77425   2.40222    43
H    1.99011   0.78054   5.56775    44
H    1.75952   5.55794   5.56775    45
H    5.73973   3.99685   2.40222    46
H    1.99011   3.99685   2.15204    47
H    5.50914   5.55794   5.81793    48
  48
bnz_b                                        0     -145.49   7.45   9.49   6.79  90.00  90.00  90.00
C    7.04593   1.33816   0.58196     1
C    0.40586   8.15616   0.54940     2
C    4.13176   8.15616   3.97604     3
C    3.32003   1.33816   3.94349     4
C    0.40586   6.08532   3.94349     5
C    7.04593   3.40900   3.97604     6
C    3.32003   3.40900   0.54940     7
C    4.13176   6.08532   0.58196     8
C    0.57818   0.89251   1.47030     9
C    6.87361   8.60181   6.44923    10
C    3.14772   8.60181   4.86438    11
C    4.30407   0.89251   3.05515    12
C    6.87361   5.63967   3.05515    13
C    0.57818   3.85465   4.86438    14
C    4.30407   3.85465   6.44923    15
C    3.14772   5.63967   1.47030    16
C    6.46506   0.44450   6.46458    17
C    0.98673   9.04982   1.45495    18
C    4.71262   9.04982   3.07049    19
C    2.73917   0.44450   4.84904    20
C    0.98673   5.19166   4.84904    21
C    6.46506   4.30266   3.07049    22
C    2.73917   4.30266   1.45495    23
C    4.71262   5.19166   6.46458    24
H    6.73286   2.38325   0.59555    25
H    0.71893   7.11107   0.53581    26
H    4.44482   7.11107   3.98963    27
H    3.00697   2.38325   3.92990    28
H    0.71893   7.13041   3.92990    29
H    6.73286   2.36391   3.98963    30
H    3.00697   2.36391   0.53581    31
H    4.44482   7.13041   0.59555    32
H    1.02576   1.58471   2.18335    33
H    6.42603   7.90961   5.73618    34
H    2.70013   7.90961   5.57743    35
H    4.75166   1.58471   2.34210    36
H    6.42603   6.33187   2.34210    37
H    1.02576   3.16245   5.57743    38
H    4.75166   3.16245   5.73618    39
H    2.70013   6.33187   2.18335    40
H    5.69186   0.78005   5.77196    41
H    1.75993   8.71427   2.14757    42
H    5.48582   8.71427   2.37787    43
H    1.96597   0.78005   5.54166    44
H    1.75993   5.52721   5.54166    45
H    5.69186   3.96711   2.37787    46
H    1.96597   3.96711   2.14757    47
H    5.48582   5.52721   5.77196    48
  48
bnz_b                                        0     -145.49   7.45   9.49   6.79  90.00  90.00  90.00
C    7.04593   1.33816   0.58196     1
C    0.40586   8.15616   0.54940     2
C    4.13176   8.15616   3.97604     3
C    3.32003   1.33816   3.94349     4
C    0.40586   6.08532   3.94349     5
C    7.04593   3.40900   3.97604     6
C    3.32003   3.40900   0.54940     7
C    4.13176   6.08532   0.58196     8
C    0.57818   0.89251   1.47030     9
C    6.87361   8.60181   6.44923    10
C    3.14772   8.60181   4.86438    11
C    4.30407   0.89251   3.05515    12
C    6.87361   5.63967   3.05515    13
C    0.57818   3.85465   4.86438    14
C    4.30407   3.85465   6.44923    15
C    3.14772   5.63967   1.47030    16
C    6.46506   0.44450   6.46458    17
C    0.98673   9.04982   1.45495    18
C    4.71262   9.04982   3.07049    19
C    2.73917   0.44450   4.84904    20
C    0.98673   5.19166   4.84904    21
C    6.46506   4.30266   3.07049    22
C    2.73917   4.30266   1.45495    23
C    4.71262   5.19166   6.46458    24
H    6.73286   2.38325   0.59555    25
H    0.71893   7.11107   0.53581    26
H    4.44482   7.11107   3.98963    27
H    3.00697   2.38325   3.92990    28
H    0.71893   7.13041   3.92990    29
H    6.73286   2.36391   3.98963    30
H    3.00697   2.36391   0.53581    31
H    4.44482   7.13041   0.59555    32
H    1.02576   1.58471   2.18335    33
H    6.42603   7.90961   5.73618    34
H    2.70013   7.90961   5.57743    35
H    4.75166   1.58471   2.34210    36
H    6.42603   6.33187   2.34210    37
H    1.02576   3.16245   5.57743    38
H    4.75166   3.16245   5.73618    39
H    2.70013   6.33187   2.18335    40
H    5.69186   0.78005   5.77196    41
H    1.75993   8.71427   2.14757    42
H    5.48582   8.71427   2.37787    43
H    1.96597   0.78005   5.54166    44
H    1.75993   5.52721   5.54166    45
H    5.69186   3.96711   2.37787    46
H    1.96597   3.96711   2.14757    47
H    5.48582   5.52721   5.77196    48
  48
bnz_c                                        0     -148.14   7.40   9.43   6.74  90.00  90.00  90.00
C    6.99910   1.33856   0.57772     1
C    0.40461   8.09450   0.54634     2
C    4.10647   8.09450   3.94991     3
C    3.29724   1.33856   3.91852     4
C    0.40461   6.05509   3.91852     5
C    6.99910   3.37797   3.94991     6
C    3.29724   3.37797   0.54634     7
C    4.10647   6.05509   0.57772     8
C    0.57776   0.89251   1.46694     9
C    6.82595   8.54055   6.40149    10
C    3.12409   8.54055   4.83913    11
C    4.27961   0.89251   3.02930    12
C    6.82595   5.60904   3.02930    13
C    0.57776   3.82402   4.83913    14
C    4.27961   3.82402   6.40149    15
C    3.12409   5.60904   1.46694    16
C    6.41771   0.44459   6.41776    17
C    0.98600   8.98847   1.45067    18
C    4.68786   8.98847   3.04558    19
C    2.71585   0.44459   4.82285    20
C    0.98600   5.16112   4.82285    21
C    6.41771   4.27194   3.04558    22
C    2.71585   4.27194   1.45067    23
C    4.68786   5.16112   6.41776    24
H    6.68738   2.38408   0.59094    25
H    0.71633   7.04898   0.53312    26
H    4.41819   7.04898   3.96312    27
H    2.98552   2.38408   3.90531    28
H    0.71633   7.10061   3.90531    29
H    6.68738   2.33245   3.96312    30
H    2.98552   2.33245   0.53312    31
H    4.41819   7.10061   0.59094    32
H    1.02428   1.58408   2.18096    33
H    6.37943   7.84898   5.68747    34
H    2.67757   7.84898   5.55315    35
H    4.72614   1.58408   2.31528    36
H    6.37943   6.30061   2.31528    37
H    1.02428   3.13245   5.55315    38
H    4.72614   3.13245   5.68747    39
H    2.67757   6.30061   2.18096    40
H    5.64395   0.77951   5.72540    41
H    1.75976   8.65355   2.14303    42
H    5.46161   8.65355   2.35321    43
H    1.94210   0.77951   5.51522    44
H    1.75976   5.49604   5.51522    45
H    5.64395   3.93702   2.35321    46
H    1.94210   3.93702   2.14303    47
H    5.46161   5.49604   5.72540    48
  48
bnz_c                                        0     -148.14   7.40   9.43   6.74  90.00  90.00  90.00
C    6.99910   1.33856   0.57772     1
C    0.40461   8.09450   0.54634     2
C    4.10647   8.09450   3.94991     3
C    3.29724   1.33856   3.91852     4
C    0.40461   6.05509   3.91852     5
C    6.99910   3.37797   3.94991     6
C    3.29724   3.37797   0.54634     7
C    4.10647   6.05509   0.57772     8
C    0.57776   0.89251   1.46694     9
C    6.82595   8.54055   6.40149    10
C    3.12409   8.54055   4.83913    11
C    4.27961   0.89251   3.02930    12
C    6.82595   5.60904   3.02930    13
C    0.57776   3.82402   4.83913    14
C    4.27961   3.82402   6.40149    15
C    3.12409   5.60904   1.46694    16
C    6.41771   0.44459   6.41776    17
C    0.98600   8.98847   1.45067    18
C    4.68786   8.98847   3.04558    19
C    2.71585   0.44459   4.82285    20
C    0.98600   5.16112   4.82285    21
C    6.41771   4.27194   3.04558    22
C    2.71585   4.27194   1.45067    23
C    4.68786   5.16112   6.41776    24
H    6.68738   2.38408   0.59094    25
H    0.71633   7.04898   0.53312    26
H    4.41819   7.04898   3.96312    27
H    2.98552   2.38408   3.90531    28
H    0.71633   7.10061   3.90531    29
H    6.68738   2.33245   3.96312    30
H    2.98552   2.33245   0.53312    31
H    4.41819   7.10061   0.59094    32
H    1.02428   1.58408   2.18096    33
H    6.37943   7.84898   5.68747    34
H    2.67757   7.84898   5.55315    35
H    4.72614   1.58408   2.31528    36
H    6.37943   6.30061   2.31528    37
H    1.02428   3.13245   5.55315    38
H    4.72614   3.13245   5.68747    39
H    2.67757   6.30061   2.18096    40
H    5.64395   0.77951   5.72540    41
H    1.75976   8.65355   2.14303    42
H    5.46161   8.65355   2.35321    43
H    1.94210   0.77951   5.51522    44
H    1.75976   5.49604   5.51522    45
H    5.64395   3.93702   2.35321    46
H    1.94210   3.93702   2.14303    47
H    5.46161   5.49604   5.72540    48
  48
bnz_z01                                      0     -151.01   7.36   9.37   6.70  90.00  90.00  90.00
C    6.94841   1.33762   0.57551     1
C    0.40659   8.03338   0.54115     2
C    4.08409   8.03338   3.92551     3
C    3.27091   1.33762   3.89115     4
C    0.40659   6.02312   3.89115     5
C    6.94841   3.34788   3.92551     6
C    3.27091   3.34788   0.54115     7
C    4.08409   6.02312   0.57551     8
C    0.57793   0.89226   1.46247     9
C    6.77707   8.47874   6.35419    10
C    3.09957   8.47874   4.81247    11
C    4.25543   0.89226   3.00419    12
C    6.77707   5.57776   3.00419    13
C    0.57793   3.79324   4.81247    14
C    4.25543   3.79324   6.35419    15
C    3.09957   5.57776   1.46247    16
C    6.36758   0.44398   6.37081    17
C    0.98742   8.92702   1.44585    18
C    4.66492   8.92702   3.02081    19
C    2.69008   0.44398   4.79585    20
C    0.98742   5.12948   4.79585    21
C    6.36758   4.24152   3.02081    22
C    2.69008   4.24152   1.44585    23
C    4.66492   5.12948   6.37081    24
H    6.63425   2.38183   0.59076    25
H    0.72075   6.98917   0.52590    26
H    4.39825   6.98917   3.94076    27
H    2.95675   2.38183   3.87590    28
H    0.72075   7.06733   3.87590    29
H    6.63425   2.30367   3.94076    30
H    2.95675   2.30367   0.52590    31
H    4.39825   7.06733   0.59076    32
H    1.02598   1.58420   2.17442    33
H    6.32902   7.78680   5.64224    34
H    2.65152   7.78680   5.52442    35
H    4.70348   1.58420   2.29224    36
H    6.32902   6.26970   2.29224    37
H    1.02598   3.10130   5.52442    38
H    4.70348   3.10130   5.64224    39
H    2.65152   6.26970   2.17442    40
H    5.59415   0.77834   5.67817    41
H    1.76085   8.59266   2.13849    42
H    5.43835   8.59266   2.32817    43
H    1.91665   0.77834   5.48849    44
H    1.76085   5.46384   5.48849    45
H    5.59415   3.90716   2.32817    46
H    1.91665   3.90716   2.13849    47
H    5.43835   5.46384   5.67817    48
  48
bnz_z01                                      0     -151.01   7.36   9.37   6.70  90.00  90.00  90.00
C    6.94841   1.33762   0.57551     1
C    0.40659   8.03338   0.54115     2
C    4.08409   8.03338   3.92551     3
C    3.27091   1.33762   3.89115     4
C    0.40659   6.02312   3.89115     5
C    6.94841   3.34788   3.92551     6
C    3.27091   3.34788   0.54115     7
C    4.08409   6.02312   0.57551     8
C    0.57793   0.89226   1.46247     9
C    6.77707   8.47874   6.35419    10
C    3.09957   8.47874   4.81247    11
C    4.25543   0.89226   3.00419    12
C    6.77707   5.57776   3.00419    13
C    0.57793   3.79324   4.81247    14
C    4.25543   3.79324   6.35419    15
C    3.09957   5.57776   1.46247    16
C    6.36758   0.44398   6.37081    17
C    0.98742   8.92702   1.44585    18
C    4.66492   8.92702   3.02081    19
C    2.69008   0.44398   4.79585    20
C    0.98742   5.12948   4.79585    21
C    6.36758   4.24152   3.02081    22
C    2.69008   4.24152   1.44585    23
C    4.66492   5.12948   6.37081    24
H    6.63425   2.38183   0.59076    25
H    0.72075   6.98917   0.52590    26
H    4.39825   6.98917   3.94076    27
H    2.95675   2.38183   3.87590    28
H    0.72075   7.06733   3.87590    29
H    6.63425   2.30367   3.94076    30
H    2.95675   2.30367   0.52590    31
H    4.39825   7.06733   0.59076    32
H    1.02598   1.58420   2.17442    33
H    6.32902   7.78680   5.64224    34
H    2.65152   7.78680   5.52442    35
H    4.70348   1.58420   2.29224    36
H    6.32902   6.26970   2.29224    37
H    1.02598   3.10130   5.52442    38
H    4.70348   3.10130   5.64224    39
H    2.65152   6.26970   2.17442    40
H    5.59415   0.77834   5.67817    41
H    1.76085   8.59266   2.13849    42
H    5.43835   8.59266   2.32817    43
H    1.91665   0.77834   5.48849    44
H    1.76085   5.46384   5.48849    45
H    5.59415   3.90716   2.32817    46
H    1.91665   3.90716   2.13849    47
H    5.43835   5.46384   5.67817    48
  48
bnz_z02                                      0     -154.03   7.31   9.31   6.66  90.00  90.00  90.00
C    6.89880   1.33751   0.57214     1
C    0.40684   7.97059   0.53704     2
C    4.05966   7.97059   3.89965     3
C    3.24598   1.33751   3.86456     4
C    0.40684   5.99157   3.86456     5
C    6.89880   3.31654   3.89965     6
C    3.24598   3.31654   0.53704     7
C    4.05966   5.99157   0.57214     8
C    0.57799   0.89213   1.45832     9
C    6.72765   8.41598   6.30589    10
C    3.07483   8.41598   4.78584    11
C    4.23081   0.89213   2.97837    12
C    6.72765   5.54618   2.97837    13
C    0.57799   3.76193   4.78584    14
C    4.23081   3.76193   6.30589    15
C    3.07483   5.54618   1.45832    16
C    6.31837   0.44413   6.32206    17
C    0.98727   8.86398   1.44216    18
C    4.64009   8.86398   2.99454    19
C    2.66555   0.44413   4.76967    20
C    0.98727   5.09818   4.76967    21
C    6.31837   4.20993   2.99454    22
C    2.66555   4.20993   1.44216    23
C    4.64009   5.09818   6.32206    24
H    6.58599   2.38207   0.58717    25
H    0.71965   6.92604   0.52201    26
H    4.37247   6.92604   3.91469    27
H    2.93317   2.38207   3.84952    28
H    0.71965   7.03612   3.84952    29
H    6.58599   2.27199   3.91469    30
H    2.93317   2.27199   0.52201    31
H    4.37247   7.03612   0.58717    32
H    1.02538   1.58328   2.17116    33
H    6.28026   7.72483   5.59305    34
H    2.62744   7.72483   5.49868    35
H    4.67820   1.58328   2.26553    36
H    6.28026   6.23734   2.26553    37
H    1.02538   3.07077   5.49868    38
H    4.67820   3.07077   5.59305    39
H    2.62744   6.23734   2.17116    40
H    5.54389   0.77800   5.63025    41
H    1.76175   8.53011   2.13396    42
H    5.41457   8.53011   2.30274    43
H    1.89107   0.77800   5.46147    44
H    1.76175   5.43205   5.46147    45
H    5.54389   3.87606   2.30274    46
H    1.89107   3.87606   2.13396    47
H    5.41457   5.43205   5.63025    48
  48
bnz_z02                                      0     -154.03   7.31   9.31   6.66  90.00  90.00  90.00
C    6.89880   1.33751   0.57214     1
C    0.40684   7.97059   0.53704     2
C    4.05966   7.97059   3.89965     3
C    3.24598   1.33751   3.86456     4
C    0.40684   5.99157   3.86456     5
C    6.89880   3.31654   3.89965     6
C    3.24598   3.31654   0.53704     7
C    4.05966   5.99157   0.57214     8
C    0.57799   0.89213   1.45832     9
C    6.72765   8.41598   6.30589    10
C    3.07483   8.41598   4.78584    11
C    4.23081   0.89213   2.97837    12
C    6.72765   5.54618   2.97837    13
C    0.57799   3.76193   4.78584    14
C    4.23081   3.76193   6.30589    15
C    3.07483   5.54618   1.45832    16
C    6.31837   0.44413   6.32206    17
C    0.98727   8.86398   1.44216    18
C    4.64009   8.86398   2.99454    19
C    2.66555   0.44413   4.76967    20
C    0.98727   5.09818   4.76967    21
C    6.31837   4.20993   2.99454    22
C    2.66555   4.20993   1.44216    23
C    4.64009   5.09818   6.32206    24
H    6.58599   2.38207   0.58717    25
H    0.71965   6.92604   0.52201    26
H    4.37247   6.92604   3.91469    27
H    2.93317   2.38207   3.84952    28
H    0.71965   7.03612   3.84952    29
H    6.58599   2.27199   3.91469    30
H    2.93317   2.27199   0.52201    31
H    4.37247   7.03612   0.58717    32
H    1.02538   1.58328   2.17116    33
H    6.28026   7.72483   5.59305    34
H    2.62744   7.72483   5.49868    35
H    4.67820   1.58328   2.26553    36
H    6.28026   6.23734   2.26553    37
H    1.02538   3.07077   5.49868    38
H    4.67820   3.07077   5.59305    39
H    2.62744   6.23734   2.17116    40
H    5.54389   0.77800   5.63025    41
H    1.76175   8.53011   2.13396    42
H    5.41457   8.53011   2.30274    43
H    1.89107   0.77800   5.46147    44
H    1.76175   5.43205   5.46147    45
H    5.54389   3.87606   2.30274    46
H    1.89107   3.87606   2.13396    47
H    5.41457   5.43205   5.63025    48
  48
bnz_z03                                      0     -156.62   7.26   9.24   6.61  90.00  90.00  90.00
C    6.81502   1.32512   0.59295     1
C    0.44058   7.91923   0.50863     2
C    4.06838   7.91923   3.89768     3
C    3.18722   1.32512   3.81335     4
C    0.44058   5.94730   3.81335     5
C    6.81502   3.29705   3.89768     6
C    3.18722   3.29705   0.50863     7
C    4.06838   5.94730   0.59295     8
C    0.56280   0.89720   1.46088     9
C    6.69280   8.34715   6.25015    10
C    3.06500   8.34715   4.76561    11
C    4.19060   0.89720   2.94542    12
C    6.69280   5.51938   2.94542    13
C    0.56280   3.72497   4.76561    14
C    4.19060   3.72497   6.25015    15
C    3.06500   5.51938   1.46088    16
C    6.25399   0.42795   6.28797    17
C    1.00161   8.81640   1.42306    18
C    4.62941   8.81640   2.98325    19
C    2.62619   0.42795   4.72778    20
C    1.00161   5.05012   4.72778    21
C    6.25399   4.19423   2.98325    22
C    2.62619   4.19423   1.42306    23
C    4.62941   5.05012   6.28797    24
H    6.47406   2.36247   0.61897    25
H    0.78154   6.88188   0.48261    26
H    4.40934   6.88188   3.92369    27
H    2.84626   2.36247   3.78734    28
H    0.78154   6.98464   3.78734    29
H    6.47406   2.25971   3.92369    30
H    2.84626   2.25971   0.48261    31
H    4.40934   6.98464   0.61897    32
H    0.99843   1.58919   2.17838    33
H    6.25717   7.65516   5.53265    34
H    2.62937   7.65516   5.48311    35
H    4.62623   1.58919   2.22792    36
H    6.25717   6.21136   2.22792    37
H    0.99843   3.03299   5.48311    38
H    4.62623   3.03299   5.53265    39
H    2.62937   6.21136   2.17838    40
H    5.46152   0.75268   5.60714    41
H    1.79408   8.49167   2.10389    42
H    5.42188   8.49167   2.30241    43
H    1.83372   0.75268   5.40862    44
H    1.79408   5.37486   5.40862    45
H    5.46152   3.86949   2.30241    46
H    1.83372   3.86949   2.10389    47
H    5.42188   5.37486   5.60714    48
  48
bnz_z03                                      0     -156.62   7.26   9.24   6.61  90.00  90.00  90.00
C    6.81502   1.32512   0.59295     1
C    0.44058   7.91923   0.50863     2
C    4.06838   7.91923   3.89768     3
C    3.18722   1.32512   3.81335     4
C    0.44058   5.94730   3.81335     5
C    6.81502   3.29705   3.89768     6
C    3.18722   3.29705   0.50863     7
C    4.06838   5.94730   0.59295     8
C    0.56280   0.89720   1.46088     9
C    6.69280   8.34715   6.25015    10
C    3.06500   8.34715   4.76561    11
C    4.19060   0.89720   2.94542    12
C    6.69280   5.51938   2.94542    13
C    0.56280   3.72497   4.76561    14
C    4.19060   3.72497   6.25015    15
C    3.06500   5.51938   1.46088    16
C    6.25399   0.42795   6.28797    17
C    1.00161   8.81640   1.42306    18
C    4.62941   8.81640   2.98325    19
C    2.62619   0.42795   4.72778    20
C    1.00161   5.05012   4.72778    21
C    6.25399   4.19423   2.98325    22
C    2.62619   4.19423   1.42306    23
C    4.62941   5.05012   6.28797    24
H    6.47406   2.36247   0.61897    25
H    0.78154   6.88188   0.48261    26
H    4.40934   6.88188   3.92369    27
H    2.84626   2.36247   3.78734    28
H    0.78154   6.98464   3.78734    29
H    6.47406   2.25971   3.92369    30
H    2.84626   2.25971   0.48261    31
H    4.40934   6.98464   0.61897    32
H    0.99843   1.58919   2.17838    33
H    6.25717   7.65516   5.53265    34
H    2.62937   7.65516   5.48311    35
H    4.62623   1.58919   2.22792    36
H    6.25717   6.21136   2.22792    37
H    0.99843   3.03299   5.48311    38
H    4.62623   3.03299   5.53265    39
H    2.62937   6.21136   2.17838    40
H    5.46152   0.75268   5.60714    41
H    1.79408   8.49167   2.10389    42
H    5.42188   8.49167   2.30241    43
H    1.83372   0.75268   5.40862    44
H    1.79408   5.37486   5.40862    45
H    5.46152   3.86949   2.30241    46
H    1.83372   3.86949   2.10389    47
H    5.42188   5.37486   5.60714    48
  48
bnz_z04                                      0     -160.52   7.20   9.18   6.56  90.00  90.00  90.00
C    6.79567   1.33642   0.56724     1
C    0.40919   7.84328   0.52664     2
C    4.01162   7.84328   3.84886     3
C    3.19324   1.33642   3.80825     4
C    0.40919   5.92627   3.80825     5
C    6.79567   3.25343   3.84886     6
C    3.19324   3.25343   0.52664     7
C    4.01162   5.92627   0.56724     8
C    0.57805   0.89167   1.44990     9
C    6.62681   8.28803   6.20721    10
C    3.02438   8.28803   4.73151    11
C    4.18048   0.89167   2.92560    12
C    6.62681   5.48152   2.92560    13
C    0.57805   3.69818   4.73151    14
C    4.18048   3.69818   6.20721    15
C    3.02438   5.48152   1.44990    16
C    6.21489   0.44309   6.22654    17
C    0.98997   8.73661   1.43057    18
C    4.59240   8.73661   2.94492    19
C    2.61246   0.44309   4.71219    20
C    0.98997   5.03294   4.71219    21
C    6.21489   4.14676   2.94492    22
C    2.61246   4.14676   1.43057    23
C    4.59240   5.03294   6.22654    24
H    6.48130   2.38020   0.58373    25
H    0.72356   6.79950   0.51015    26
H    4.32599   6.79950   3.86534    27
H    2.87887   2.38020   3.79177    28
H    0.72356   6.97005   3.79177    29
H    6.48130   2.20965   3.86534    30
H    2.87887   2.20965   0.51015    31
H    4.32599   6.97005   0.58373    32
H    1.02463   1.58188   2.16339    33
H    6.18023   7.59782   5.49372    34
H    2.57780   7.59782   5.44501    35
H    4.62706   1.58188   2.21210    36
H    6.18023   6.17173   2.21210    37
H    1.02463   3.00797   5.44501    38
H    4.62706   3.00797   5.49372    39
H    2.57780   6.17173   2.16339    40
H    5.43713   0.77459   5.53862    41
H    1.76773   8.40511   2.11849    42
H    5.37016   8.40511   2.25700    43
H    1.83470   0.77459   5.40011    44
H    1.76773   5.36444   5.40011    45
H    5.43713   3.81526   2.25700    46
H    1.83470   3.81526   2.11849    47
H    5.37016   5.36444   5.53862    48
  48
bnz_z04                                      0     -160.52   7.20   9.18   6.56  90.00  90.00  90.00
C    6.79567   1.33642   0.56724     1
C    0.40919   7.84328   0.52664     2
C    4.01162   7.84328   3.84886     3
C    3.19324   1.33642   3.80825     4
C    0.40919   5.92627   3.80825     5
C    6.79567   3.25343   3.84886     6
C    3.19324   3.25343   0.52664     7
C    4.01162   5.92627   0.56724     8
C    0.57805   0.89167   1.44990     9
C    6.62681   8.28803   6.20721    10
C    3.02438   8.28803   4.73151    11
C    4.18048   0.89167   2.92560    12
C    6.62681   5.48152   2.92560    13
C    0.57805   3.69818   4.73151    14
C    4.18048   3.69818   6.20721    15
C    3.02438   5.48152   1.44990    16
C    6.21489   0.44309   6.22654    17
C    0.98997   8.73661   1.43057    18
C    4.59240   8.73661   2.94492    19
C    2.61246   0.44309   4.71219    20
C    0.98997   5.03294   4.71219    21
C    6.21489   4.14676   2.94492    22
C    2.61246   4.14676   1.43057    23
C    4.59240   5.03294   6.22654    24
H    6.48130   2.38020   0.58373    25
H    0.72356   6.79950   0.51015    26
H    4.32599   6.79950   3.86534    27
H    2.87887   2.38020   3.79177    28
H    0.72356   6.97005   3.79177    29
H    6.48130   2.20965   3.86534    30
H    2.87887   2.20965   0.51015    31
H    4.32599   6.97005   0.58373    32
H    1.02463   1.58188   2.16339    33
H    6.18023   7.59782   5.49372    34
H    2.57780   7.59782   5.44501    35
H    4.62706   1.58188   2.21210    36
H    6.18023   6.17173   2.21210    37
H    1.02463   3.00797   5.44501    38
H    4.62706   3.00797   5.49372    39
H    2.57780   6.17173   2.16339    40
H    5.43713   0.77459   5.53862    41
H    1.76773   8.40511   2.11849    42
H    5.37016   8.40511   2.25700    43
H    1.83470   0.77459   5.40011    44
H    1.76773   5.36444   5.40011    45
H    5.43713   3.81526   2.25700    46
H    1.83470   3.81526   2.11849    47
H    5.37016   5.36444   5.53862    48
  48
bnz_z05                                      0     -164.04   7.15   9.11   6.52  90.00  90.00  90.00
C    6.73562   1.33331   0.57100     1
C    0.41777   7.78082   0.51506     2
C    3.99446   7.78082   3.82918     3
C    3.15893   1.33331   3.77323     4
C    0.41777   5.89037   3.77323     5
C    6.73562   3.22376   3.82918     6
C    3.15893   3.22376   0.51506     7
C    3.99446   5.89037   0.57100     8
C    0.57832   0.89166   1.44461     9
C    6.57507   8.22247   6.15780    10
C    2.99838   8.22247   4.70278    11
C    4.15501   0.89166   2.89963    12
C    6.57507   5.44873   2.89963    13
C    0.57832   3.66540   4.70278    14
C    4.15501   3.66540   6.15780    15
C    2.99838   5.44873   1.44461    16
C    6.15320   0.43937   6.18521    17
C    1.00019   8.67476   1.41720    18
C    4.57689   8.67476   2.92704    19
C    2.57650   0.43937   4.67537    20
C    1.00019   4.99644   4.67537    21
C    6.15320   4.11769   2.92704    22
C    2.57650   4.11769   1.41720    23
C    4.57689   4.99644   6.18521    24
H    6.41459   2.37468   0.59456    25
H    0.73880   6.73945   0.49150    26
H    4.31550   6.73945   3.85274    27
H    2.83789   2.37468   3.74967    28
H    0.73880   6.93174   3.74967    29
H    6.41459   2.18239   3.85274    30
H    2.83789   2.18239   0.49150    31
H    4.31550   6.93174   0.59456    32
H    1.02576   1.58211   2.15664    33
H    6.12763   7.53202   5.44577    34
H    2.55093   7.53202   5.41482    35
H    4.60246   1.58211   2.18759    36
H    6.12763   6.13918   2.18759    37
H    1.02576   2.97495   5.41482    38
H    4.60246   2.97495   5.44577    39
H    2.55093   6.13918   2.15664    40
H    5.36739   0.76755   5.50475    41
H    1.78600   8.34658   2.09766    42
H    5.36270   8.34658   2.24658    43
H    1.79069   0.76755   5.35583    44
H    1.78600   5.32461   5.35583    45
H    5.36739   3.78952   2.24658    46
H    1.79069   3.78952   2.09766    47
H    5.36270   5.32461   5.50475    48
  48
bnz_z05                                      0     -164.04   7.15   9.11   6.52  90.00  90.00  90.00
C    6.73562   1.33331   0.57100     1
C    0.41777   7.78082   0.51506     2
C    3.99446   7.78082   3.82918     3
C    3.15893   1.33331   3.77323     4
C    0.41777   5.89037   3.77323     5
C    6.73562   3.22376   3.82918     6
C    3.15893   3.22376   0.51506     7
C    3.99446   5.89037   0.57100     8
C    0.57832   0.89166   1.44461     9
C    6.57507   8.22247   6.15780    10
C    2.99838   8.22247   4.70278    11
C    4.15501   0.89166   2.89963    12
C    6.57507   5.44873   2.89963    13
C    0.57832   3.66540   4.70278    14
C    4.15501   3.66540   6.15780    15
C    2.99838   5.44873   1.44461    16
C    6.15320   0.43937   6.18521    17
C    1.00019   8.67476   1.41720    18
C    4.57689   8.67476   2.92704    19
C    2.57650   0.43937   4.67537    20
C    1.00019   4.99644   4.67537    21
C    6.15320   4.11769   2.92704    22
C    2.57650   4.11769   1.41720    23
C    4.57689   4.99644   6.18521    24
H    6.41459   2.37468   0.59456    25
H    0.73880   6.73945   0.49150    26
H    4.31550   6.73945   3.85274    27
H    2.83789   2.37468   3.74967    28
H    0.73880   6.93174   3.74967    29
H    6.41459   2.18239   3.85274    30
H    2.83789   2.18239   0.49150    31
H    4.31550   6.93174   0.59456    32
H    1.02576   1.58211   2.15664    33
H    6.12763   7.53202   5.44577    34
H    2.55093   7.53202   5.41482    35
H    4.60246   1.58211   2.18759    36
H    6.12763   6.13918   2.18759    37
H    1.02576   2.97495   5.41482    38
H    4.60246   2.97495   5.44577    39
H    2.55093   6.13918   2.15664    40
H    5.36739   0.76755   5.50475    41
H    1.78600   8.34658   2.09766    42
H    5.36270   8.34658   2.24658    43
H    1.79069   0.76755   5.35583    44
H    1.78600   5.32461   5.35583    45
H    5.36739   3.78952   2.24658    46
H    1.79069   3.78952   2.09766    47
H    5.36270   5.32461   5.50475    48
  48
bnz_z06                                      0     -167.89   7.10   9.05   6.47  90.00  90.00  90.00
C    6.69179   1.33550   0.55959     1
C    0.40938   7.71210   0.51853     2
C    3.95997   7.71210   3.79398     3
C    3.14120   1.33550   3.75292     4
C    0.40938   5.85930   3.75292     5
C    6.69179   3.18830   3.79398     6
C    3.14120   3.18830   0.51853     7
C    3.95997   5.85930   0.55959     8
C    0.57721   0.89023   1.44167     9
C    6.52396   8.15737   6.10523    10
C    2.97337   8.15737   4.67606    11
C    4.12780   0.89023   2.87084    12
C    6.52396   5.41403   2.87084    13
C    0.57721   3.63357   4.67606    14
C    4.12780   3.63357   6.10523    15
C    2.97337   5.41403   1.44167    16
C    6.11068   0.44315   6.12457    17
C    0.99049   8.60445   1.42233    18
C    4.54108   8.60445   2.89018    19
C    2.56009   0.44315   4.65672    20
C    0.99049   4.96695   4.65672    21
C    6.11068   4.08065   2.89018    22
C    2.56009   4.08065   1.42233    23
C    4.54108   4.96695   6.12457    24
H    6.37823   2.37875   0.57695    25
H    0.72294   6.66885   0.50117    26
H    4.27353   6.66885   3.81134    27
H    2.82764   2.37875   3.73556    28
H    0.72294   6.90255   3.73556    29
H    6.37823   2.14505   3.81134    30
H    2.82764   2.14505   0.50117    31
H    4.27353   6.90255   0.57695    32
H    1.02500   1.57964   2.15369    33
H    6.07617   7.46796   5.39321    34
H    2.52558   7.46796   5.38808    35
H    4.57559   1.57964   2.15882    36
H    6.07617   6.10344   2.15882    37
H    1.02500   2.94416   5.38808    38
H    4.57559   2.94416   5.39321    39
H    2.52558   6.10344   2.15369    40
H    5.33367   0.77392   5.43615    41
H    1.76750   8.27368   2.11075    42
H    5.31809   8.27368   2.20176    43
H    1.78308   0.77392   5.34514    44
H    1.76750   5.29772   5.34514    45
H    5.33367   3.74988   2.20176    46
H    1.78308   3.74988   2.11075    47
H    5.31809   5.29772   5.43615    48
  48
bnz_z06                                      0     -167.89   7.10   9.05   6.47  90.00  90.00  90.00
C    6.69179   1.33550   0.55959     1
C    0.40938   7.71210   0.51853     2
C    3.95997   7.71210   3.79398     3
C    3.14120   1.33550   3.75292     4
C    0.40938   5.85930   3.75292     5
C    6.69179   3.18830   3.79398     6
C    3.14120   3.18830   0.51853     7
C    3.95997   5.85930   0.55959     8
C    0.57721   0.89023   1.44167     9
C    6.52396   8.15737   6.10523    10
C    2.97337   8.15737   4.67606    11
C    4.12780   0.89023   2.87084    12
C    6.52396   5.41403   2.87084    13
C    0.57721   3.63357   4.67606    14
C    4.12780   3.63357   6.10523    15
C    2.97337   5.41403   1.44167    16
C    6.11068   0.44315   6.12457    17
C    0.99049   8.60445   1.42233    18
C    4.54108   8.60445   2.89018    19
C    2.56009   0.44315   4.65672    20
C    0.99049   4.96695   4.65672    21
C    6.11068   4.08065   2.89018    22
C    2.56009   4.08065   1.42233    23
C    4.54108   4.96695   6.12457    24
H    6.37823   2.37875   0.57695    25
H    0.72294   6.66885   0.50117    26
H    4.27353   6.66885   3.81134    27
H    2.82764   2.37875   3.73556    28
H    0.72294   6.90255   3.73556    29
H    6.37823   2.14505   3.81134    30
H    2.82764   2.14505   0.50117    31
H    4.27353   6.90255   0.57695    32
H    1.02500   1.57964   2.15369    33
H    6.07617   7.46796   5.39321    34
H    2.52558   7.46796   5.38808    35
H    4.57559   1.57964   2.15882    36
H    6.07617   6.10344   2.15882    37
H    1.02500   2.94416   5.38808    38
H    4.57559   2.94416   5.39321    39
H    2.52558   6.10344   2.15369    40
H    5.33367   0.77392   5.43615    41
H    1.76750   8.27368   2.11075    42
H    5.31809   8.27368   2.20176    43
H    1.78308   0.77392   5.34514    44
H    1.76750   5.29772   5.34514    45
H    5.33367   3.74988   2.20176    46
H    1.78308   3.74988   2.11075    47
H    5.31809   5.29772   5.43615    48
  48
bnz_z07                                      0     -180.43   6.94   8.84   6.32  90.00  90.00  90.00
C    6.52025   1.33108   0.55795     1
C    0.41948   7.51082   0.49567     2
C    3.88934   7.51082   3.71881     3
C    3.05039   1.33108   3.65652     4
C    0.41948   5.75203   3.65652     5
C    6.52025   3.08987   3.71881     6
C    3.05039   3.08987   0.49567     7
C    3.88934   5.75203   0.55795     8
C    0.57691   0.88858   1.42695     9
C    6.36282   7.95332   5.94838    10
C    2.89295   7.95332   4.58780    11
C    4.04678   0.88858   2.78753    12
C    6.36282   5.30953   2.78753    13
C    0.57691   3.53237   4.58780    14
C    4.04678   3.53237   5.94838    15
C    2.89295   5.30953   1.42695    16
C    5.93679   0.43893   5.97960    17
C    1.00294   8.40297   1.39573    18
C    4.47280   8.40297   2.81875    19
C    2.46693   0.43893   4.55658    20
C    1.00294   4.85988   4.55658    21
C    5.93679   3.98203   2.81875    22
C    2.46693   3.98203   1.39573    23
C    4.47280   4.85988   5.97960    24
H    6.20276   2.37218   0.58239    25
H    0.73697   6.46972   0.47123    26
H    4.20684   6.46972   3.74325    27
H    2.73289   2.37218   3.63208    28
H    0.73697   6.79313   3.63208    29
H    6.20276   2.04877   3.74325    30
H    2.73289   2.04877   0.47123    31
H    4.20684   6.79313   0.58239    32
H    1.02231   1.57587   2.14039    33
H    5.91742   7.26603   5.23494    34
H    2.44755   7.26603   5.30124    35
H    4.49218   1.57587   2.07409    36
H    5.91742   5.99682   2.07409    37
H    1.02231   2.84508   5.30124    38
H    4.49218   2.84508   5.23494    39
H    2.44755   5.99682   2.14039    40
H    5.14534   0.76186   5.30568    41
H    1.79439   8.08004   2.06965    42
H    5.26426   8.08004   2.14482    43
H    1.67547   0.76186   5.23051    44
H    1.79439   5.18281   5.23051    45
H    5.14534   3.65909   2.14482    46
H    1.67547   3.65909   2.06965    47
H    5.26426   5.18281   5.30568    48
  48
bnz_z07                                      0     -180.43   6.94   8.84   6.32  90.00  90.00  90.00
C    6.52025   1.33108   0.55795     1
C    0.41948   7.51082   0.49567     2
C    3.88934   7.51082   3.71881     3
C    3.05039   1.33108   3.65652     4
C    0.41948   5.75203   3.65652     5
C    6.52025   3.08987   3.71881     6
C    3.05039   3.08987   0.49567     7
C    3.88934   5.75203   0.55795     8
C    0.57691   0.88858   1.42695     9
C    6.36282   7.95332   5.94838    10
C    2.89295   7.95332   4.58780    11
C    4.04678   0.88858   2.78753    12
C    6.36282   5.30953   2.78753    13
C    0.57691   3.53237   4.58780    14
C    4.04678   3.53237   5.94838    15
C    2.89295   5.30953   1.42695    16
C    5.93679   0.43893   5.97960    17
C    1.00294   8.40297   1.39573    18
C    4.47280   8.40297   2.81875    19
C    2.46693   0.43893   4.55658    20
C    1.00294   4.85988   4.55658    21
C    5.93679   3.98203   2.81875    22
C    2.46693   3.98203   1.39573    23
C    4.47280   4.85988   5.97960    24
H    6.20276   2.37218   0.58239    25
H    0.73697   6.46972   0.47123    26
H    4.20684   6.46972   3.74325    27
H    2.73289   2.37218   3.63208    28
H    0.73697   6.79313   3.63208    29
H    6.20276   2.04877   3.74325    30
H    2.73289   2.04877   0.47123    31
H    4.20684   6.79313   0.58239    32
H    1.02231   1.57587   2.14039    33
H    5.91742   7.26603   5.23494    34
H    2.44755   7.26603   5.30124    35
H    4.49218   1.57587   2.07409    36
H    5.91742   5.99682   2.07409    37
H    1.02231   2.84508   5.30124    38
H    4.49218   2.84508   5.23494    39
H    2.44755   5.99682   2.14039    40
H    5.14534   0.76186   5.30568    41
H    1.79439   8.08004   2.06965    42
H    5.26426   8.08004   2.14482    43
H    1.67547   0.76186   5.23051    44
H    1.79439   5.18281   5.23051    45
H    5.14534   3.65909   2.14482    46
H    1.67547   3.65909   2.06965    47
H    5.26426   5.18281   5.30568    48
  48
bnz_z08                                      0     -228.77   6.47   8.24   5.89  90.00  90.00  90.00
C    6.02859   1.31724   0.54233     1
C    0.43915   6.92330   0.43963     2
C    3.67302   6.92330   3.48820     3
C    2.79472   1.31724   3.38551     4
C    0.43915   5.43751   3.38551     5
C    6.02859   2.80303   3.48820     6
C    2.79472   2.80303   0.43963     7
C    3.67302   5.43751   0.54233     8
C    0.57441   0.88083   1.37841     9
C    5.89333   7.35971   5.49530    10
C    2.65946   7.35971   4.32429    11
C    3.80828   0.88083   2.54942    12
C    5.89333   5.00110   2.54942    13
C    0.57441   3.23944   4.32429    14
C    3.80828   3.23944   5.49530    15
C    2.65946   5.00110   1.37841    16
C    5.43638   0.42617   5.55148    17
C    1.03136   7.81437   1.32223    18
C    4.26523   7.81437   2.60561    19
C    2.20251   0.42617   4.26810    20
C    1.03136   4.54644   4.26810    21
C    5.43638   3.69410   2.60561    22
C    2.20251   3.69410   1.32223    23
C    4.26523   4.54644   5.55148    24
H    5.70880   2.35239   0.58428    25
H    0.75894   5.88815   0.39768    26
H    3.99281   5.88815   3.53015    27
H    2.47493   2.35239   3.34356    28
H    0.75894   6.47266   3.34356    29
H    5.70880   1.76788   3.53015    30
H    2.47493   1.76788   0.39768    31
H    3.99281   6.47266   0.58428    32
H    1.01738   1.56114   2.08789    33
H    5.45036   6.67940   4.78582    34
H    2.21649   6.67940   5.03377    35
H    4.25125   1.56114   1.83994    36
H    5.45036   5.68141   1.83994    37
H    1.01738   2.55913   5.03377    38
H    4.25125   2.55913   4.78582    39
H    2.21649   5.68141   2.08789    40
H    4.60623   0.72079   4.92259    41
H    1.86151   7.51975   1.95112    42
H    5.09538   7.51975   1.97671    43
H    1.37236   0.72079   4.89700    44
H    1.86151   4.84106   4.89700    45
H    4.60623   3.39948   1.97671    46
H    1.37236   3.39948   1.95112    47
H    5.09538   4.84106   4.92259    48
  48
bnz_z08                                      0     -228.77   6.47   8.24   5.89  90.00  90.00  90.00
C    6.02859   1.31724   0.54233     1
C    0.43915   6.92330   0.43963     2
C    3.67302   6.92330   3.48820     3
C    2.79472   1.31724   3.38551     4
C    0.43915   5.43751   3.38551     5
C    6.02859   2.80303   3.48820     6
C    2.79472   2.80303   0.43963     7
C    3.67302   5.43751   0.54233     8
C    0.57441   0.88083   1.37841     9
C    5.89333   7.35971   5.49530    10
C    2.65946   7.35971   4.32429    11
C    3.80828   0.88083   2.54942    12
C    5.89333   5.00110   2.54942    13
C    0.57441   3.23944   4.32429    14
C    3.80828   3.23944   5.49530    15
C    2.65946   5.00110   1.37841    16
C    5.43638   0.42617   5.55148    17
C    1.03136   7.81437   1.32223    18
C    4.26523   7.81437   2.60561    19
C    2.20251   0.42617   4.26810    20
C    1.03136   4.54644   4.26810    21
C    5.43638   3.69410   2.60561    22
C    2.20251   3.69410   1.32223    23
C    4.26523   4.54644   5.55148    24
H    5.70880   2.35239   0.58428    25
H    0.75894   5.88815   0.39768    26
H    3.99281   5.88815   3.53015    27
H    2.47493   2.35239   3.34356    28
H    0.75894   6.47266   3.34356    29
H    5.70880   1.76788   3.53015    30
H    2.47493   1.76788   0.39768    31
H    3.99281   6.47266   0.58428    32
H    1.01738   1.56114   2.08789    33
H    5.45036   6.67940   4.78582    34
H    2.21649   6.67940   5.03377    35
H    4.25125   1.56114   1.83994    36
H    5.45036   5.68141   1.83994    37
H    1.01738   2.55913   5.03377    38
H    4.25125   2.55913   4.78582    39
H    2.21649   5.68141   2.08789    40
H    4.60623   0.72079   4.92259    41
H    1.86151   7.51975   1.95112    42
H    5.09538   7.51975   1.97671    43
H    1.37236   0.72079   4.89700    44
H    1.86151   4.84106   4.89700    45
H    4.60623   3.39948   1.97671    46
H    1.37236   3.39948   1.95112    47
H    5.09538   4.84106   4.92259    48
