       0     2.466440     2.466440    20.000000     0.855837     1.290603     0.000000     0.000000   105.318927
       0     2.466440     2.466440     7.095970     6.245245    11.458150   110.946004     0.000000    37.366997
       0     2.466440     2.466440     7.029660     6.330190    11.651842   113.177047     0.000000    37.017812
       0     2.466440     2.466440     6.963340     6.415124    11.850012   115.425096     0.000000    36.668575
       0     2.466440     2.466440     6.897020     6.499929    12.052734   117.684886     0.000000    36.319337
       0     2.466440     2.466440     6.830700     6.584506    12.260129   119.951389     0.000000    35.970100
       0     2.466440     2.466440     6.764390     6.668766    12.472295   122.219149     0.000000    35.620915
       0     2.466440     2.466440     6.698070     6.752664    12.689429   124.483668     0.000000    35.271677
       0     2.466440     2.466440     6.631750     6.836105    12.911607   126.739510     0.000000    34.922440
       0     2.466440     2.466440     6.565430     6.919015    13.138921   128.982420     0.000000    34.573202
       0     2.466440     2.466440     6.499120     7.001358    13.371446   131.212045     0.000000    34.224017
       0     2.466440     2.466440     6.432800     7.083174    13.609340   133.432253     0.000000    33.874780
       0     2.466440     2.466440     6.366480     7.164443    13.852625   135.647188     0.000000    33.525542
       0     2.466440     2.466440     6.300160     7.245242    14.101437   137.865255     0.000000    33.176305
       0     2.466440     2.466440     6.233850     7.325813    14.356053   140.096614     0.000000    32.827120
       0     2.466440     2.466440     6.167530     7.406422    14.616865   142.350492     0.000000    32.477882
