       0     2.466440     2.466440    20.000000     1.357976     1.369678    -0.000000     0.000000   105.318927
       0     2.466440     2.466440     7.095970     7.575483     7.621727    -1.252511     0.000000    37.366997
       0     2.466440     2.466440     7.029660     7.644760     7.690889    -1.277391     0.000000    37.017812
       0     2.466440     2.466440     6.963340     7.715341     7.761343    -1.302432     0.000000    36.668575
       0     2.466440     2.466440     6.897020     7.787253     7.833119    -1.327633     0.000000    36.319337
       0     2.466440     2.466440     6.830700     7.860537     7.906258    -1.353001     0.000000    35.970100
       0     2.466440     2.466440     6.764390     7.935223     7.980788    -1.378540     0.000000    35.620915
       0     2.466440     2.466440     6.698070     8.011376     8.056775    -1.404267     0.000000    35.271677
       0     2.466440     2.466440     6.631750     8.089030     8.134253    -1.430192     0.000000    34.922440
       0     2.466440     2.466440     6.565430     8.168232     8.213268    -1.456333     0.000000    34.573202
       0     2.466440     2.466440     6.499120     8.249016     8.293857    -1.482706     0.000000    34.224017
       0     2.466440     2.466440     6.432800     8.331458     8.376093    -1.509347     0.000000    33.874780
       0     2.466440     2.466440     6.366480     8.415598     8.460016    -1.536283     0.000000    33.525542
       0     2.466440     2.466440     6.300160     8.501490     8.545681    -1.563551     0.000000    33.176305
       0     2.466440     2.466440     6.233850     8.589175     8.633130    -1.591189     0.000000    32.827120
       0     2.466440     2.466440     6.167530     8.678740     8.722449    -1.619254     0.000000    32.477882
