  21309.5878
  21309.5878
  21309.5878
  21309.5878
  21313.2365
  21305.9396
  21309.5878
  18671.2600
  18674.6164
  18667.8615
  18671.2388
  16224.7836
  16224.7836
  16224.7836
  16224.7836
  16224.7836
  16227.8889
  16221.6787
  16224.7836
  13973.1783
  13973.1783
  13973.1783
  13973.1783
  13973.1783
  13976.0099
  13970.3471
  13973.1783
  11919.5011
  11919.5011
  11919.5011
  11919.5011
  11919.5011
  11922.0576
  11916.9449
  11919.5011
  10066.8338
  10066.8338
  10066.8338
  10066.8338
  10066.8338
  10069.1139
  10064.5541
  10066.8338
   8418.2963
   8418.2963
   8418.2963
   8418.2963
   8418.2963
   8420.2985
   8416.2944
   8418.2963
   6977.0462
   6978.7692
   6975.3235
   6977.0462
   5746.2653
   5746.2653
   5746.2653
   5746.2653
   5746.2653
   5747.7077
   5744.8232
   5746.2653
   4729.2199
   4729.2199
   4729.2199
   4729.2199
   4729.2199
   4730.3803
   4728.0598
   4729.2199
   3929.1750
   3929.1750
   3929.1750
   3929.1750
   3929.1750
   3930.0520
   3928.2984
   3929.1750
   3349.4232
   3349.4232
   3349.4232
   3349.4232
   3349.4232
   3350.0153
   3348.8314
   3349.4232
   2993.3312
   2993.3312
   2993.3312
   2993.3312
   2993.3312
   2993.6371
   2993.0257
   2993.3312
   2864.2821
   2864.3003
   2864.2643
   2864.2821
   2863.8332
   2863.8332
   2863.8332
   2863.8332
   2863.8332
   2863.8334
   2863.8334
   2863.8332
   2863.8332
   2863.8332
   2863.8332
   2863.8332
   2863.8332
   2863.8334
   2863.8334
   2863.8332
   2863.8332
   2863.8332
   2863.8332
   2863.8332
   2863.8332
   2863.8334
   2863.8334
   2863.8332
   2863.8332
   2863.8332
   2863.8332
   2863.8332
   2863.8332
   2863.8334
   2863.8334
   2863.8332
   2863.8332
   2863.8332
   2863.8332
   2863.8332
   2863.8332
   2863.8334
   2863.8334
   2863.8332
   2863.8332
   2863.8334
   2863.8334
   2863.8332
   2863.8332
   2863.8332
   2863.8332
   2863.8332
   2863.8332
   2863.8334
   2863.8334
   2863.8332
   2863.8332
   2863.8332
   2863.8332
   2863.8332
   2863.8332
   2863.8334
   2863.8334
   2863.8332
   2863.8332
   2863.8332
   2863.8332
   2863.8332
   2863.8332
   2863.8334
   2863.8334
   2863.8332
   2863.8332
   2863.8332
   2863.8332
   2863.8332
   2863.8332
   2863.8334
   2863.8334
   2863.8332
   2863.8332
   2863.8332
   2863.8332
   2863.8332
   2863.8332
   2863.8334
   2863.8334
   2863.8332
   2863.8332
   2863.8334
   2863.8334
   2863.8332
   2863.8332
   2863.8332
   2863.8332
   2863.8332
   2863.8332
   2863.8334
   2863.8334
   2863.8332
   2863.8332
   2863.8332
   2863.8332
   2863.8332
   2863.8332
   2863.8334
   2863.8334
   2863.8332
   2863.8332
   2863.8332
   2863.8332
   2863.8332
   2863.8332
   2863.8334
   2863.8334
   2863.8332
   2863.8332
   2863.8332
   2863.8332
   2863.8332
   2863.8332
   2863.8334
   2863.8334
   2863.8332
   2863.8332
   2863.8332
   2863.8332
   2863.8332
   2863.8332
   2863.8334
   2863.8334
   2863.8332
   2863.8332
   2863.8334
   2863.8334
   2863.8332
   2863.8332
   2863.8332
   2863.8332
   2863.8332
   2863.8332
   2863.8334
   2863.8334
   2863.8332
   2863.8332
   2863.8332
   2863.8332
   2863.8332
   2863.8332
   2863.8334
   2863.8334
   2863.8332
   2863.8332
   2863.8332
   2863.8332
   2863.8332
   2863.8332
   2863.8334
   2863.8334
   2863.8332
   2863.8332
   2863.8332
   2863.8332
   2863.8332
   2863.8332
   2863.8334
   2863.8334
   2863.8332
   2863.8332
   2863.8332
   2863.8332
   2863.8332
   2863.8332
   2863.8334
   2863.8334
   2863.8332
   2863.8332
   2863.8334
   2863.8334
   2863.8332
   2863.8332
   2863.8332
   2863.8332
   2863.8332
   2863.8332
   2863.8334
   2863.8334
   2863.8332
   2863.8332
   2863.8332
   2863.8332
   2863.8332
   2863.8332
   2863.8334
   2863.8334
   2863.8332
   2863.8332
   2863.8332
   2863.8332
   2863.8332
   2863.8332
   2863.8334
   2863.8334
   2863.8332
   2863.8332
   2863.8332
   2863.8332
   2863.8332
   2863.8332
   2863.8334
   2863.8334
   2863.8332
   2863.8332
   2863.8332
   2863.8332
   2863.8332
   2863.8332
   2863.8334
   2863.8334
   2863.8332
   2863.8332
   2863.8334
   2863.8334
   2863.8332
   2863.8332
   2863.8332
   2863.8332
   2863.8332
   2863.8332
   2863.8334
   2863.8334
   2863.8332
   2863.8332
   2863.8332
   2863.8332
   2863.8332
   2863.8332
   2863.8334
   2863.8334
   2863.8332
   2863.8332
   2863.8332
   2863.8332
   2863.8332
   2863.8332
   2863.8334
   2863.8334
   2863.8332
   2863.8332
   2863.8332
   2863.8332
   2863.8332
   2863.8332
   2863.8334
   2863.8334
   2863.8332
   2863.8332
   2863.8332
   2863.8332
   2863.8332
   2863.8332
   2863.8334
   2863.8334
   2863.8332
   2863.8332
   2863.8334
   2863.8334
   2863.8332
   2863.8332
   2863.8332
   2863.8332
   2863.8332
   2863.8332
   2863.8334
   2863.8334
   2863.8332
   2863.8332
   2863.8332
   2863.8332
   2863.8332
   2863.8332
   2863.8334
   2863.8334
   2863.8332
   2863.8332
   2863.8332
   2863.8332
   2863.8332
   2863.8332
   2863.8334
   2863.8334
   2863.8332
   2863.8332
   2863.8332
   2863.8332
   2863.8332
   2863.8332
   2863.8334
   2863.8334
   2863.8332
   2863.8332
   2863.8332
   2863.8332
   2863.8332
   2863.8332
   2863.8334
   2863.8334
   2863.8332
   2863.8332
   2863.8334
   2863.8334
   2863.8332
   2863.8332
   2863.8332
   2863.8332
   2863.8332
   2863.8332
   2863.8334
   2863.8334
   2863.8332
   2863.8332
   2863.8332
   2863.8332
   2863.8332
   2863.8332
   2863.8334
   2863.8334
   2863.8332
   2863.8332
   2863.8332
   2863.8332
   2863.8332
   2863.8332
   2863.8334
   2863.8334
   2863.8332
   2863.8332
   2863.8332
   2863.8332
   2863.8332
   2863.8332
   2863.8334
   2863.8334
   2863.8332
   2863.8332
   2863.8332
   2863.8332
   2863.8332
   2863.8332
   2863.8334
   2863.8334
   2863.8332
   2863.8332
   2863.8334
   2863.8334
   2863.8332
   2863.8332
   2863.8332
   2863.8332
   2863.8332
   2863.8332
   2863.8334
   2863.8334
   2863.8332
   2863.8332
   2863.8332
   2863.8332
   2863.8332
   2863.8332
   2863.8334
   2863.8334
   2863.8332
   2863.8332
   2863.8332
   2863.8332
   2863.8332
   2863.8332
   2863.8334
   2863.8334
   2863.8332
   2863.8332
   2863.8332
   2863.8332
   2863.8332
   2863.8332
   2863.8334
   2863.8334
   2863.8332
   2863.8332
   2863.8332
   2863.8332
   2863.8332
   2863.8332
   2863.8334
   2863.8334
   2863.8332
   2863.8332
   2863.8334
   2863.8334
   2863.8332
   2863.8332
   2863.8332
   2863.8332
   2863.8332
   2863.8332
   2863.8334
   2863.8334
   2863.8332
   2863.8332
   2863.8332
   2863.8332
   2863.8332
   2863.8332
   2863.8334
   2863.8334
   2863.8332
   2863.8332
   2863.8332
   2863.8332
   2863.8332
   2863.8332
   2863.8334
   2863.8334
   2863.8332
   2863.8332
   2863.8332
   2863.8332
   2863.8332
   2863.8332
   2863.8334
   2863.8334
   2863.8332
   2863.8332
   2863.8332
   2863.8332
   2863.8332
   2863.8332
   2863.8332
   2863.8332
   2863.8332
   2863.8332
   2863.8334
   2863.8334
   2863.8332
   2863.8332
   2863.8334
   2863.8334
   2863.8332
   2863.8332
   2863.8332
   2863.8332
   2863.8332
   2863.8332
   2863.8334
   2863.8334
   2863.8332
   2863.8332
   2863.8332
   2863.8332
   2863.8332
   2863.8332
   2863.8334
   2863.8334
   2863.8332
   2863.8332
   2863.8332
   2863.8332
   2863.8332
   2863.8332
   2863.8334
   2863.8334
   2863.8332
   2863.8332
   2863.8332
   2863.8332
   2863.8332
   2863.8332
   2863.8334
   2863.8334
   2863.8332
   2863.8332
   2863.8332
   2863.8332
   2863.8332
   2863.8332
   2863.8334
   2863.8334
   2863.8332
   2863.8332
   2863.8334
   2863.8334
   2863.8332
   2863.8332
   2863.8332
   2863.8332
   2863.8332
   2863.8332
   2863.8334
   2863.8334
   2863.8332
   2863.8332
   2863.8332
   2863.8332
   2863.8332
   2863.8332
   2863.8334
   2863.8334
   2863.8332
   2863.8332
   2863.8332
   2863.8332
   2863.8332
   2863.8332
   2863.8334
   2863.8334
   2863.8332
   2863.8332
   2863.8332
   2863.8332
   2863.8332
   2863.8332
   2863.8334
   2863.8334
   2863.8332
   2863.8332
   2863.8332
   2863.8332
   2863.8332
   2863.8332
   2863.8334
   2863.8334
   2863.8332
   2863.8332
   2863.8334
   2863.8334
   2863.8332
   2863.8332
   2863.8332
   2863.8332
   2863.8332
   2863.8332
   2863.8334
   2863.8334
   2863.8332
   2863.8332
   2863.8332
   2863.8332
   2863.8332
   2863.8332
   2863.8334
   2863.8334
   2863.8332
   2863.8332
   2863.8332
   2863.8332
   2863.8332
   2863.8332
   2863.8334
   2863.8334
   2863.8332
   2863.8332
   2863.8332
   2863.8332
   2863.8332
   2863.8332
   2863.8334
   2863.8334
   2863.8332
   2863.8332
   2863.8332
   2863.8332
   2863.8332
   2863.8332
   2863.8334
   2863.8334
   2863.8332
   2863.8332
   2863.8334
   2863.8334
   2863.8332
   2863.8332
   2863.8332
   2863.8332
   2863.8332
   2863.8332
   2863.8334
   2863.8334
   2863.8332
   2863.8332
   2863.8332
   2863.8332
   2863.8332
   2863.8332
   2863.8334
   2863.8334
   2863.8332
   2863.8332
   2863.8332
   2863.8332
   2863.8332
   2863.8332
   2863.8334
   2863.8334
   2863.8332
   2863.8332
   2863.8332
   2863.8332
   2863.8332
   2863.8332
   2863.8334
   2863.8334
   2863.8332
   2863.8332
   2863.8334
   2863.8334
   2863.8332
   2863.8332
   2863.8334
   2863.8334
   2863.8332
   2863.8332
   2863.8332
   2863.8332
   2863.8332
   2863.8332
   2863.8334
   2863.8334
   2863.8332
   2863.8332
   2863.8332
   2863.8332
   2863.8332
   2863.8332
   2863.8334
   2863.8334
   2863.8332
   2863.8332
   2863.8332
   2863.8332
   2863.8332
   2863.8332
   2863.8334
   2863.8334
   2863.8332
   2863.8332
   2863.8332
   2863.8332
   2863.8332
   2863.8332
   2863.8334
   2863.8334
   2863.8332
   2863.8332
   2863.8332
   2863.8332
   2863.8332
   2863.8332
   2863.8334
   2863.8334
   2863.8332
   2863.8332
   2863.8334
   2863.8334
   2863.8332
   2863.8332
   2863.8332
   2863.8332
   2863.8332
   2863.8332
   2863.8334
   2863.8334
   2863.8332
   2863.8332
   2863.8332
   2863.8332
   2863.8332
   2863.8332
   2863.8334
   2863.8334
   2863.8332
   2863.8332
   2863.8332
   2863.8332
   2863.8332
   2863.8332
   2863.8334
   2863.8334
   2863.8332
   2863.8332
   2863.8332
   2863.8332
   2863.8332
   2863.8332
   2863.8334
   2863.8334
   2863.8332
   2863.8332
   2863.8332
   2863.8332
   2863.8332
   2863.8332
   2863.8334
   2863.8334
   2863.8332
   2863.8332
   2863.8334
   2863.8334
   2863.8332
   2863.8332
   2863.8332
   2863.8332
   2863.8332
   2863.8332
   2863.8334
   2863.8334
   2863.8332
   2863.8332
   2863.8332
   2863.8332
   2863.8332
   2863.8332
   2863.8334
   2863.8334
   2863.8332
   2863.8332
   2863.8332
   2863.8332
   2863.8332
   2863.8332
   2863.8334
   2863.8334
   2863.8332
   2863.8332
   2863.8332
   2863.8332
   2863.8332
   2863.8332
   2863.8334
   2863.8334
   2863.8332
   2863.8332
   2863.8332
   2863.8332
   2863.8332
   2863.8332
   2863.8334
   2863.8334
   2863.8332
   2863.8332
   2863.8334
   2863.8334
   2863.8332
   2863.8332
   2863.8332
   2863.8332
   2863.8332
   2863.8332
   2863.8334
   2863.8334
   2863.8332
   2863.8332
   2863.8332
   2863.8332
   2863.8332
   2863.8332
   2863.8334
   2863.8334
   2863.8332
   2863.8332
   2863.8332
   2863.8332
   2863.8332
   2863.8332
   2863.8334
   2863.8334
   2863.8332
   2863.8332
   2863.8332
   2863.8332
   2863.8332
   2863.8332
   2863.8334
   2863.8334
   2863.8332
   2863.8332
   2863.8332
   2863.8332
   2863.8332
   2863.8332
   2863.8334
   2863.8334
   2863.8332
   2863.8332
   2863.8334
   2863.8334
   2863.8332
   2863.8332
   2863.8332
   2863.8332
   2863.8332
   2863.8332
   2863.8334
   2863.8334
   2863.8332
   2863.8332
   2863.8332
   2863.8332
   2863.8332
   2863.8332
   2863.8334
   2863.8334
   2863.8332
   2863.8332
   2863.8332
   2863.8332
   2863.8332
   2863.8332
   2863.8334
   2863.8334
   2863.8332
   2863.8332
   2863.8332
   2863.8332
   2863.8332
   2863.8332
   2863.8334
   2863.8334
   2863.8332
   2863.8332
   2863.8332
   2863.8332
   2863.8332
   2863.8332
   2863.8334
   2863.8334
   2863.8332
   2863.8332
   2863.8334
   2863.8334
   2863.8332
   2863.8332
   2863.8332
   2863.8332
   2863.8332
   2863.8332
   2863.8334
   2863.8334
   2863.8332
   2863.8332
   2863.8332
   2863.8332
   2863.8332
   2863.8332
   2863.8334
   2863.8334
   2863.8332
   2863.8332
   2863.8332
   2863.8332
   2863.8332
   2863.8332
   2863.8334
   2863.8334
   2863.8332
   2863.8332
   2863.8332
   2863.8332
   2863.8332
   2863.8332
   2863.8334
   2863.8334
   2863.8332
   2863.8332
   2863.8332
   2863.8332
   2863.8332
   2863.8332
   2863.8334
   2863.8334
   2863.8332
   2863.8332
   2863.8334
   2863.8334
   2863.8332
   2863.8332
   2863.8332
   2863.8332
   2863.8332
   2863.8332
   2863.8334
   2863.8334
   2863.8332
   2863.8332
   2863.8332
   2863.8332
   2863.8332
   2863.8332
   2863.8334
   2863.8334
   2863.8332
   2863.8332
   2863.8332
   2863.8332
   2863.8332
   2863.8332
   2863.8334
   2863.8334
   2863.8332
   2863.8332
   2863.8332
   2863.8332
   2863.8332
   2863.8332
   2863.8334
   2863.8334
   2863.8332
   2863.8332
   2863.8332
   2863.8332
   2863.8332
   2863.8332
   2863.8334
   2863.8334
   2863.8332
   2863.8332
   2863.8334
   2863.8334
   2863.8332
   2863.8332
   2863.8332
   2863.8332
   2863.8332
   2863.8332
   2863.8334
   2863.8334
   2863.8332
   2863.8332
   2863.8332
   2863.8332
   2863.8332
   2863.8332
   2863.8334
   2863.8334
   2863.8332
   2863.8332
   2863.8332
   2863.8332
   2863.8332
   2863.8332
   2863.8334
   2863.8334
   2863.8332
   2863.8332
   2863.8332
   2863.8332
   2863.8332
   2863.8332
   2863.8334
   2863.8334
   2863.8332
   2863.8332
   2863.8332
   2863.8332
   2863.8332
   2863.8332
   2863.8334
   2863.8334
   2863.8332
   2863.8332
   2863.8334
   2863.8334
   2863.8332
   2863.8332
   2863.8332
   2863.8332
   2863.8332
   2863.8332
   2863.8334
   2863.8334
   2863.8332
   2863.8332
   2863.8332
   2863.8332
   2863.8332
   2863.8332
   2863.8334
   2863.8334
   2863.8332
   2863.8332
   2863.8332
   2863.8332
   2863.8332
   2863.8332
   2863.8334
   2863.8334
   2863.8332
   2863.8332
   2863.8332
   2863.8332
   2863.8332
   2863.8332
   2863.8334
   2863.8334
   2863.8332
   2863.8332
   2863.8332
   2863.8332
   2863.8332
   2863.8332
   2863.8334
   2863.8334
   2863.8332
   2863.8332
   2863.8334
   2863.8334
   2863.8332
   2863.8332
   2863.8332
   2863.8332
   2863.8332
   2863.8332
   2863.8334
   2863.8334
   2863.8332
   2863.8332
   2863.8332
   2863.8332
   2863.8332
   2863.8332
   2863.8334
   2863.8334
   2863.8332
   2863.8332
   2863.8332
   2863.8332
   2863.8332
   2863.8332
   2863.8334
   2863.8334
   2863.8332
   2863.8332
   2863.8332
   2863.8332
   2863.8332
   2863.8332
   2863.8334
   2863.8334
   2863.8332
   2863.8332
   2863.8332
   2863.8332
   2863.8332
   2863.8332
   2863.8334
   2863.8334
   2863.8332
   2863.8332
   2863.8334
   2863.8334
   2863.8332
   2863.8332
   2863.8332
   2863.8332
   2863.8332
   2863.8332
   2863.8334
   2863.8334
   2863.8332
   2863.8332
   2863.8332
   2863.8332
   2863.8332
   2863.8332
   2863.8334
   2863.8334
   2863.8332
   2863.8332
