   2
CC-ref                                       0      195.71   2.47   2.47  20.00  90.00  90.00 120.04
C    1.94500  -0.00073  10.00000     1
C    0.52144   2.46717  10.00000     2
   2
CC-ref                                       0      195.71   2.47   2.47  20.00  90.00  90.00 120.04
C    1.94500  -0.00073  10.00000     1
C    0.52144   2.46717  10.00000     2
   4
CC-70959                                     0      898.97   2.47   2.47   7.10  90.00  90.00 120.04
C    2.29935  -0.61502   1.77399     1
C    0.16709   3.08146   5.32198     2
C    0.87578   1.85288   1.77399     3
C    1.59066   0.61356   5.32198     4
   4
CC-70959                                     0      898.97   2.47   2.47   7.10  90.00  90.00 120.04
C    2.29935  -0.61502   1.77399     1
C    0.16709   3.08146   5.32198     2
C    0.87578   1.85288   1.77399     3
C    1.59066   0.61356   5.32198     4
   4
CC-70296                                     0      907.50   2.47   2.47   7.03  90.00  90.00 120.04
C    2.29935  -0.61502   1.75742     1
C    0.16709   3.08146   5.27224     2
C    0.87578   1.85288   1.75742     3
C    1.59066   0.61356   5.27224     4
   4
CC-70296                                     0      907.50   2.47   2.47   7.03  90.00  90.00 120.04
C    2.29935  -0.61502   1.75742     1
C    0.16709   3.08146   5.27224     2
C    0.87578   1.85288   1.75742     3
C    1.59066   0.61356   5.27224     4
   4
CC-69633                                     0      916.21   2.47   2.47   6.96  90.00  90.00 120.04
C    2.29935  -0.61502   1.74084     1
C    0.16709   3.08146   5.22250     2
C    0.87578   1.85288   1.74084     3
C    1.59066   0.61356   5.22250     4
   4
CC-69633                                     0      916.21   2.47   2.47   6.96  90.00  90.00 120.04
C    2.29935  -0.61502   1.74084     1
C    0.16709   3.08146   5.22250     2
C    0.87578   1.85288   1.74084     3
C    1.59066   0.61356   5.22250     4
   4
CC-68970                                     0      925.10   2.47   2.47   6.90  90.00  90.00 120.04
C    2.29935  -0.61502   1.72426     1
C    0.16709   3.08146   5.17277     2
C    0.87578   1.85288   1.72426     3
C    1.59066   0.61356   5.17277     4
   4
CC-68970                                     0      925.10   2.47   2.47   6.90  90.00  90.00 120.04
C    2.29935  -0.61502   1.72426     1
C    0.16709   3.08146   5.17277     2
C    0.87578   1.85288   1.72426     3
C    1.59066   0.61356   5.17277     4
   4
CC-68307                                     0      934.18   2.47   2.47   6.83  90.00  90.00 120.04
C    2.29935  -0.61502   1.70768     1
C    0.16709   3.08146   5.12303     2
C    0.87578   1.85288   1.70768     3
C    1.59066   0.61356   5.12303     4
   4
CC-68307                                     0      934.18   2.47   2.47   6.83  90.00  90.00 120.04
C    2.29935  -0.61502   1.70768     1
C    0.16709   3.08146   5.12303     2
C    0.87578   1.85288   1.70768     3
C    1.59066   0.61356   5.12303     4
   4
CC-67643                                     0      943.45   2.47   2.47   6.76  90.00  90.00 120.04
C    2.29935  -0.61502   1.69110     1
C    0.16709   3.08146   5.07329     2
C    0.87578   1.85288   1.69110     3
C    1.59066   0.61356   5.07329     4
   4
CC-67643                                     0      943.45   2.47   2.47   6.76  90.00  90.00 120.04
C    2.29935  -0.61502   1.69110     1
C    0.16709   3.08146   5.07329     2
C    0.87578   1.85288   1.69110     3
C    1.59066   0.61356   5.07329     4
   4
CC-66980                                     0      952.92   2.47   2.47   6.70  90.00  90.00 120.04
C    2.29935  -0.61502   1.67452     1
C    0.16709   3.08146   5.02355     2
C    0.87578   1.85288   1.67452     3
C    1.59066   0.61356   5.02355     4
   4
CC-66980                                     0      952.92   2.47   2.47   6.70  90.00  90.00 120.04
C    2.29935  -0.61502   1.67452     1
C    0.16709   3.08146   5.02355     2
C    0.87578   1.85288   1.67452     3
C    1.59066   0.61356   5.02355     4
   4
CC-66317                                     0      962.58   2.47   2.47   6.63  90.00  90.00 120.04
C    2.29935  -0.61502   1.65794     1
C    0.16709   3.08146   4.97381     2
C    0.87578   1.85288   1.65794     3
C    1.59066   0.61356   4.97381     4
   4
CC-66317                                     0      962.58   2.47   2.47   6.63  90.00  90.00 120.04
C    2.29935  -0.61502   1.65794     1
C    0.16709   3.08146   4.97381     2
C    0.87578   1.85288   1.65794     3
C    1.59066   0.61356   4.97381     4
   4
CC-65654                                     0      972.44   2.47   2.47   6.57  90.00  90.00 120.04
C    2.29935  -0.61502   1.64136     1
C    0.16709   3.08146   4.92407     2
C    0.87578   1.85288   1.64136     3
C    1.59066   0.61356   4.92407     4
   4
CC-65654                                     0      972.44   2.47   2.47   6.57  90.00  90.00 120.04
C    2.29935  -0.61502   1.64136     1
C    0.16709   3.08146   4.92407     2
C    0.87578   1.85288   1.64136     3
C    1.59066   0.61356   4.92407     4
   4
CC-64991                                     0      982.49   2.47   2.47   6.50  90.00  90.00 120.04
C    2.29935  -0.61502   1.62478     1
C    0.16709   3.08146   4.87434     2
C    0.87578   1.85288   1.62478     3
C    1.59066   0.61356   4.87434     4
   4
CC-64991                                     0      982.49   2.47   2.47   6.50  90.00  90.00 120.04
C    2.29935  -0.61502   1.62478     1
C    0.16709   3.08146   4.87434     2
C    0.87578   1.85288   1.62478     3
C    1.59066   0.61356   4.87434     4
   4
CC-64327                                     0      992.75   2.47   2.47   6.43  90.00  90.00 120.04
C    2.29935  -0.61502   1.60820     1
C    0.16709   3.08146   4.82460     2
C    0.87578   1.85288   1.60820     3
C    1.59066   0.61356   4.82460     4
   4
CC-64327                                     0      992.75   2.47   2.47   6.43  90.00  90.00 120.04
C    2.29935  -0.61502   1.60820     1
C    0.16709   3.08146   4.82460     2
C    0.87578   1.85288   1.60820     3
C    1.59066   0.61356   4.82460     4
   4
CC-63664                                     0     1003.21   2.47   2.47   6.37  90.00  90.00 120.04
C    2.29935  -0.61502   1.59162     1
C    0.16709   3.08146   4.77486     2
C    0.87578   1.85288   1.59162     3
C    1.59066   0.61356   4.77486     4
   4
CC-63664                                     0     1003.21   2.47   2.47   6.37  90.00  90.00 120.04
C    2.29935  -0.61502   1.59162     1
C    0.16709   3.08146   4.77486     2
C    0.87578   1.85288   1.59162     3
C    1.59066   0.61356   4.77486     4
   4
CC-63001                                     0     1013.87   2.47   2.47   6.30  90.00  90.00 120.04
C    2.29935  -0.61502   1.57504     1
C    0.16709   3.08146   4.72512     2
C    0.87578   1.85288   1.57504     3
C    1.59066   0.61356   4.72512     4
   4
CC-63001                                     0     1013.87   2.47   2.47   6.30  90.00  90.00 120.04
C    2.29935  -0.61502   1.57504     1
C    0.16709   3.08146   4.72512     2
C    0.87578   1.85288   1.57504     3
C    1.59066   0.61356   4.72512     4
   4
CC-62338                                     0     1024.74   2.47   2.47   6.23  90.00  90.00 120.04
C    2.29935  -0.61502   1.55846     1
C    0.16709   3.08146   4.67539     2
C    0.87578   1.85288   1.55846     3
C    1.59066   0.61356   4.67539     4
   4
CC-62338                                     0     1024.74   2.47   2.47   6.23  90.00  90.00 120.04
C    2.29935  -0.61502   1.55846     1
C    0.16709   3.08146   4.67539     2
C    0.87578   1.85288   1.55846     3
C    1.59066   0.61356   4.67539     4
   4
CC-61675                                     0     1035.83   2.47   2.47   6.17  90.00  90.00 120.04
C    2.29935  -0.61502   1.54188     1
C    0.16709   3.08146   4.62565     2
C    0.87578   1.85288   1.54188     3
C    1.59066   0.61356   4.62565     4
   4
CC-61675                                     0     1035.83   2.47   2.47   6.17  90.00  90.00 120.04
C    2.29935  -0.61502   1.54188     1
C    0.16709   3.08146   4.62565     2
C    0.87578   1.85288   1.54188     3
C    1.59066   0.61356   4.62565     4
