32   
4    

1    
  0.0036124796483652  -0.0000014055458907   0.0093246977867697
  -0.2358459600    0.0070849200   -0.1341369200
   0.0277751500    0.0060178700   -0.0037376900
  -0.0110314200   -0.0164054200   -0.0036705400
  -0.0111233300    0.0285530900   -0.0038963500
  -0.0106605100    0.0059844900    0.0027866400
  -0.0106388100    0.0059835600    0.0028633300
  -0.0106517700    0.0059810000    0.0028620100
  -0.0106496000    0.0060036900    0.0028631700
   0.0104003000   -0.0062069200   -0.0028427200
   0.0100514800   -0.0063080200   -0.0029689500
   0.0103183600   -0.0059550900   -0.0029036000
   0.0100814500   -0.0061690600   -0.0016946700
   0.0103782800   -0.0056774200   -0.0032232400
   0.0106880500   -0.0057669900   -0.0031013700
   0.0106017800   -0.0059934700   -0.0031634200
   0.0103931600   -0.0058217400   -0.0018462900
   0.0114510100   -0.0055631300    0.0122744800
   0.0399953900   -0.0062953300    0.0458578800
   0.0875306800    0.0217440300    0.0463020900
   0.0878069200   -0.0332293100    0.0453533500
   0.0098252500   -0.0055273500   -0.0004117000
   0.0098323700   -0.0055269000   -0.0003756600
   0.0098240300   -0.0055443000   -0.0003759000
   0.0098267100   -0.0055290000   -0.0003742500
  -0.0099870700    0.0059009700    0.0013321400
  -0.0089846400    0.0060731600    0.0014006800
  -0.0096294600    0.0051354300    0.0013638400
  -0.0093867800    0.0057027400    0.0001929800
  -0.0090970900    0.0050049500    0.0011603500
  -0.0099641400    0.0051696700    0.0010582600
  -0.0096829000    0.0058418800    0.0010907400
  -0.0094469000    0.0053380100   -0.0000386700

1    
 -0.0036124796483652   0.0000014055458907  -0.0093246977867697
   0.2148702300    0.0070598000    0.1342019100
  -0.0485542200    0.0059630700    0.0037979500
  -0.0097671400    0.0283789400    0.0038623800
  -0.0098629200   -0.0164431400    0.0038294400
  -0.0103948100    0.0060866300   -0.0027293500
  -0.0104298700    0.0060855900   -0.0028063500
  -0.0104115000    0.0060983400   -0.0028065300
  -0.0104113500    0.0060783700   -0.0028070500
   0.0102386800   -0.0062426400    0.0029121100
   0.0105487300   -0.0061397600    0.0030381000
   0.0103072400   -0.0064661100    0.0029727300
   0.0105402400   -0.0062742100    0.0016561000
   0.0108407300   -0.0060643900    0.0030279600
   0.0105095800   -0.0059756800    0.0029020800
   0.0105980300   -0.0057219500    0.0029686600
   0.0108226900   -0.0059093800    0.0017499600
   0.0078815300   -0.0055315400   -0.0122689600
  -0.0207990100   -0.0060622200   -0.0458484000
  -0.0687517000   -0.0332096100   -0.0453895200
  -0.0680654100    0.0216921400   -0.0462425700
   0.0095860100   -0.0055960800    0.0004420600
   0.0095839500   -0.0055964100    0.0004057300
   0.0095875200   -0.0055970800    0.0004056900
   0.0095873000   -0.0056005700    0.0004041700
  -0.0093072600    0.0056427200   -0.0012205900
  -0.0101821600    0.0054750800   -0.0012824400
  -0.0095967700    0.0063043500   -0.0012538800
  -0.0098416800    0.0058119600   -0.0001053700
  -0.0102872500    0.0058131900   -0.0013132000
  -0.0093113100    0.0056332200   -0.0011963900
  -0.0096436200    0.0048718400   -0.0012310000
  -0.0098844600    0.0054355200   -0.0000754500

17   
  0.0036124796483652  -0.0000014055458907   0.0093246977867697
  -0.0086363200    0.0058671800    0.0100550900
   0.0200223500    0.0064056900    0.0436293700
   0.0679832900    0.0335429000    0.0431662900
   0.0673024800   -0.0213662700    0.0440277300
  -0.0095119600    0.0059532300   -0.0026750200
  -0.0095077500    0.0059531200   -0.0026386200
  -0.0095123200    0.0059508900   -0.0026399800
  -0.0095123200    0.0059561000   -0.0026360300
   0.0107793000   -0.0064959700    0.0033132500
   0.0110134500   -0.0063439800    0.0036534100
   0.0107689800   -0.0065874100    0.0034749500
   0.0109877500   -0.0064731800    0.0023121300
   0.0110448900   -0.0062227300    0.0036754100
   0.0108291300   -0.0060157600    0.0032923500
   0.0107630200   -0.0059675300    0.0034707200
   0.0110294600   -0.0060721300    0.0023291900
  -0.2159123900   -0.0063903500   -0.1361153800
   0.0471490800   -0.0052854300   -0.0068932600
   0.0094518100   -0.0270790500   -0.0069550700
   0.0095543700    0.0164912300   -0.0069435800
   0.0086318600   -0.0054542300    0.0005492800
   0.0086158000   -0.0054538400    0.0003298200
   0.0086203900   -0.0054518500    0.0003296900
   0.0086207900   -0.0054578100    0.0003301900
  -0.0103750300    0.0060988500    0.0000231700
  -0.0099661400    0.0060528800    0.0001564700
  -0.0101275100    0.0057279200    0.0000774900
  -0.0102540800    0.0059491900   -0.0004878100
  -0.0097380000    0.0054464700    0.0001884700
  -0.0101535800    0.0053940700    0.0000025500
  -0.0098968000    0.0057760200    0.0000810800
  -0.0100639700    0.0055517600   -0.0004833600

17   
 -0.0036124796483652   0.0000014055458907  -0.0093246977867697
  -0.0128109900    0.0063967300   -0.0104540200
  -0.0415013000    0.0071244300   -0.0440388600
  -0.0889515600   -0.0208623700   -0.0444893000
  -0.0892309400    0.0340095100   -0.0435249500
  -0.0098961600    0.0063822500    0.0022574500
  -0.0099012100    0.0063855500    0.0022208600
  -0.0098999700    0.0063871600    0.0022195300
  -0.0098928100    0.0063838900    0.0022200500
   0.0098987000   -0.0058274900   -0.0028642600
   0.0096674400   -0.0059663800   -0.0031995200
   0.0099007600   -0.0057277400   -0.0030223800
   0.0096864800   -0.0058425900   -0.0018824700
   0.0096676200   -0.0053339200   -0.0032976200
   0.0098882100   -0.0055564600   -0.0029164600
   0.0099640400   -0.0056028400   -0.0030949600
   0.0096986600   -0.0054952600   -0.0019294500
   0.2357015400   -0.0070596500    0.1362454900
  -0.0272783800   -0.0059671200    0.0069630900
   0.0103043600    0.0157418000    0.0069006900
   0.0104031700   -0.0278155000    0.0071377200
   0.0091358800   -0.0059219200   -0.0004695900
   0.0091558800   -0.0059215500   -0.0002495900
   0.0091486200   -0.0059283500   -0.0002496100
   0.0091506000   -0.0059187000   -0.0002505900
  -0.0089050600    0.0052767000   -0.0000627100
  -0.0093101200    0.0053315900   -0.0002027800
  -0.0091571000    0.0056520000   -0.0001252000
  -0.0090339700    0.0054307200    0.0004290000
  -0.0091322800    0.0051692900   -0.0003085800
  -0.0087161000    0.0051984100   -0.0001287700
  -0.0089559700    0.0048274400   -0.0002059300
  -0.0087980500    0.0050503900    0.0003737200
