        _
  _ __ | |__   ___  _ __   ___   _ __  _   _
 | '_ \| '_ \ / _ \| '_ \ / _ \ | '_ \| | | |
 | |_) | | | | (_) | | | | (_) || |_) | |_| |
 | .__/|_| |_|\___/|_| |_|\___(_) .__/ \__, |
 |_|                            |_|    |___/
                                     1.10.10

Python version 2.7.12
Spglib version 1.9.2
Mesh sampling mode
Settings:
  Sampling mesh: [9 9 4]
  Supercell: [2 2 2]
Spacegroup: Cmcm (63)
Computing force constants...
Number of irreducible q-points on sampling mesh: 50/324
Calculating thermal properties...
#      T [K]      F [kJ/mol]    S [J/K/mol]  C_v [J/K/mol]     E [kJ/mol]
       0.000      66.0797926      0.0000000      0.0000000     66.0797926
      10.000      66.0797731      0.0097696      0.0320302     66.0798708
      20.000      66.0794689      0.0545073      0.1081071     66.0805590
      30.000      66.0786186      0.1196825      0.2370337     66.0822091
      40.000      66.0769643      0.2180480      0.4800402     66.0856862
      50.000      66.0741016      0.3630031      0.8550744     66.0922517
      60.000      66.0695248      0.5616656      1.3613964     66.1032248
      70.000      66.0626767      0.8177756      2.0001351     66.1199209
      80.000      66.0529694      1.1338302      2.7732471     66.1436758
      90.000      66.0397946      1.5114915      3.6790663     66.1758288
     100.000      66.0225318      1.9514616      4.7109730     66.2176779
     110.000      66.0005587      2.4534005      5.8581197     66.2704327
     120.000      65.9732615      3.0159770      7.1067514     66.3351788
     130.000      65.9400442      3.6370057      8.4415291     66.4128550
     140.000      65.9003361      4.3136276      9.8466942     66.5042439
     150.000      65.8535975      5.0425007     11.3070181     66.6099726
     160.000      65.7993240      5.8199830     12.8084984     66.7305213
     170.000      65.7370484      6.6422941     14.3387947     66.8662384
     180.000      65.6663413      7.5056487     15.8874248     67.0173581
     190.000      65.5868109      8.4063587     17.4457670     67.1840191
     200.000      65.4981014      9.3409063     19.0069261     67.3662826
     210.000      65.3998910     10.3059898     20.5655164     67.5641489
     220.000      65.2918900     11.2985478     22.1174095     67.7775705
     230.000      65.1738379     12.3157668     23.6594808     68.0064642
     240.000      65.0455011     13.3550767     25.1893748     68.2507195
     250.000      64.9066705     14.4141384     26.7053047     68.5102051
     260.000      64.7571596     15.4908263     28.2058882     68.7847744
     270.000      64.5968017     16.5832086     29.6900194     69.0742681
     280.000      64.4254490     17.6895282     31.1567752     69.3785169
     290.000      64.2429701     18.8081824     32.6053486     69.6973429
     300.000      64.0492491     19.9377056     34.0350047     70.0305608
     310.000      63.8441842     21.0767531     35.4450549     70.3779777
     320.000      63.6276864     22.2240872     36.8348430     70.7393943
     330.000      63.3996787     23.3785644     38.2037403     71.1146049
     340.000      63.1600949     24.5391254     39.5511469     71.5033975
     350.000      62.9088792     25.7047861     40.8764957     71.9055543
     360.000      62.6459852     26.8746303     42.1792586     72.3208521
     370.000      62.3713755     28.0478030     43.4589528     72.7490626
     380.000      62.0850207     29.2235056     44.7151463     73.1899528
     390.000      61.7868994     30.4009910     45.9474633     73.6432859
     400.000      61.4769973     31.5795604     47.1555874     74.1088214
     410.000      61.1553068     32.7585595     48.3392641     74.5863162
     420.000      60.8218267     33.9373759     49.4983022     75.0755246
     430.000      60.4765618     35.1154369     50.6325733     75.5761996
     440.000      60.1195223     36.2922068     51.7420110     76.0880933
     450.000      59.7507236     37.4671854     52.8266084     76.6109571
     460.000      59.3701861     38.6399059     53.8864164     77.1445428
     470.000      58.9779345     39.8099332     54.9215392     77.6886031
     480.000      58.5739978     40.9768626     55.9321317     78.2428918
     490.000      58.1584088     42.1403180     56.9183951     78.8071646
     500.000      57.7312042     43.2999505     57.8805730     79.3811794
     510.000      57.2924236     44.4554375     58.8189473     79.9646967
     520.000      56.8421102     45.6064805     59.7338339     80.5574801
     530.000      56.3803098     46.7528048     60.6255793     81.1592963
     540.000      55.9070707     47.8941575     61.4945561     81.7699158
     550.000      55.4224439     49.0303070     62.3411596     82.3891128
     560.000      54.9264826     50.1610413     63.1658047     83.0166658
     570.000      54.4192418     51.2861672     63.9689219     83.6523571
     580.000      53.9007785     52.4055092     64.7509549     84.2959739
     590.000      53.3711514     53.5189085     65.5123577     84.9473075
     600.000      52.8304207     54.6262220     66.2535918     85.6061538
     610.000      52.2786477     55.7273212     66.9751241     86.2723136
     620.000      51.7158953     56.8220917     67.6774250     86.9455922
     630.000      51.1422273     57.9104322     68.3609659     87.6257996
     640.000      50.5577084     58.9922533     69.0262182     88.3127506
     650.000      49.9624042     60.0674774     69.6736511     89.0062646
     660.000      49.3563811     61.1360374     70.3037311     89.7061657
     670.000      48.7397059     62.1978761     70.9169200     90.4122829
     680.000      48.1124461     63.2529459     71.5136745     91.1244494
     690.000      47.4746697     64.3012079     72.0944450     91.8425031
     700.000      46.8264448     65.3426310     72.6596751     92.5662865
     710.000      46.1678399     66.3771920     73.2098007     93.2956463
     720.000      45.4989239     67.4048746     73.7452495     94.0304336
     730.000      44.8197654     68.4256689     74.2664409     94.7705037
     740.000      44.1304335     69.4395713     74.7737853     95.5157162
     750.000      43.4309969     70.4465835     75.2676839     96.2659346
     760.000      42.7215247     71.4467127     75.7485285     97.0210264
     770.000      42.0020856     72.4399706     76.2167015     97.7808629
     780.000      41.2727482     73.4263734     76.6725756     98.5453194
     790.000      40.5335809     74.4059415     77.1165140     99.3142747
     800.000      39.7846520     75.3786988     77.5488700    100.0876111
     810.000      39.0260295     76.3446729     77.9699876    100.8652146
     820.000      38.2577811     77.3038944     78.3802009    101.6469745
     830.000      37.4799741     78.2563968     78.7798347    102.4327834
     840.000      36.6926754     79.2022161     79.1692045    103.2225370
     850.000      35.8959519     80.1413910     79.5486165    104.0161343
     860.000      35.0898696     81.0739622     79.9183679    104.8134771
     870.000      34.2744945     81.9999723     80.2787468    105.6144704
     880.000      33.4498919     82.9194657     80.6300329    106.4190217
     890.000      32.6161268     83.8324886     80.9724970    107.2270416
     900.000      31.7732635     84.7390885     81.3064019    108.0384431
     910.000      30.9213662     85.6393140     81.6320019    108.8531420
     920.000      30.0604983     86.5332152     81.9495435    109.6710563
     930.000      29.1907228     87.4208429     82.2592656    110.4921068
     940.000      28.3121022     88.3022491     82.5613994    111.3162163
     950.000      27.4246984     89.1774861     82.8561687    112.1433102
     960.000      26.5285729     90.0466073     83.1437903    112.9733159
     970.000      25.6237865     90.9096664     83.4244741    113.8061629
     980.000      24.7103996     91.7667177     83.6984232    114.6417829
     990.000      23.7884720     92.6178158     83.9658341    115.4801096
    1000.000      22.8580629     93.4630155     84.2268972    116.3210785
                 _
   ___ _ __   __| |
  / _ \ '_ \ / _` |
 |  __/ | | | (_| |
  \___|_| |_|\__,_|

