   4 1   1    0.1    -8.0    0.0                                                                                                                                                                         
  30122.2470
  15695.9349
    147.6279
    745.6610
   6174.8852
   4889.7782
    147.6279
    185.3035
   1436.7976
   1513.2825
    147.6279
    145.4527
   4 1   2    0.1    -1.0  100.0                                                                                                                                                                         
    150.5466
    142.7304
    145.4282
    142.2734
   4 1   3    0.1    -1.0   15.0                                                                                                                                                                         
   1675.1515
   2014.4311
    142.2753
    146.4881
    544.9019
    587.1973
    142.2753
    142.5193
    245.4697
    250.7366
    142.2753
    142.2907
   4 1   7    0.1   600.0 1200.0                                                                                                                                                                         
    143.0613
    141.6050
    142.2907
    139.1666
   4 1   8    0.1     0.0   12.0                                                                                                                                                                         
   9795.4252
  15651.4464
    139.1666
    340.5499
   2970.0587
   3406.7070
    139.1666
    149.8794
    939.4157
    851.5402
    139.1666
    137.1063
   4 1   9    0.5     0.0    3.0                                                                                                                                                                         
   9920.9884
  77599.6262
    137.1063
   2609.9763
   3839.3200
   9955.7485
    137.1063
    426.0123
   1319.7078
   1937.8778
    137.1063
    158.5732
    483.6474
    513.1560
    137.1063
    137.9007
    236.1509
    217.2849
    137.1063
    136.5536
   4 1  10    0.1     0.0    1.0                                                                                                                                                                         
  31244.1392
  15518.6913
    136.5536
    738.3319
   6548.8687
   4724.4385
    136.5536
    177.4406
   1582.3707
   1402.5890
    136.5536
    138.9300
    473.8599
    474.8337
    136.5536
    136.5536
   4 1   1    0.1    -8.0    0.0                                                                                                                                                                         
  31244.1392
  15518.6913
    136.5536
    745.1408
   6548.8687
   4724.4385
    136.5536
    179.3181
   1582.3707
   1402.5890
    136.5536
    139.4202
    473.8599
    474.8337
    136.5536
    136.5536
   4 1   2    0.1    -1.0  100.0                                                                                                                                                                         
    139.0959
    136.4452
    136.5536
    136.1927
   4 1   3    0.1    -1.0   15.0                                                                                                                                                                         
   1681.9354
   2024.2626
    136.1927
    140.4366
    542.1773
    584.9205
    136.1927
    136.4802
    240.2367
    245.5933
    136.1927
    136.2079
   4 1   7    0.1   600.0 1200.0                                                                                                                                                                         
    136.9534
    135.5473
    136.2079
    133.2955
   4 1   8    0.1     0.0   12.0                                                                                                                                                                         
   9892.9888
  15866.7880
    133.2955
    338.6036
   2992.1452
   3450.7764
    133.2955
    143.8786
    939.9427
    858.5441
    133.2955
    131.3126
   4 1   9    0.5     0.0    3.0                                                                                                                                                                         
  10076.1264
  79359.2841
    131.3126
   2649.9605
   3893.6655
  10163.2560
    131.3126
    426.4359
   1331.7382
   1973.1455
    131.3126
    152.9727
    482.1337
    517.2551
    131.3126
    132.1432
    231.0708
    214.2912
    131.3126
    130.8286
   4 1  10    0.1     0.0    1.0                                                                                                                                                                         
  31510.2565
  15632.4997
    130.8286
    735.9502
   6602.2072
   4752.2711
    130.8286
    173.5245
   1591.3679
   1404.9765
    130.8286
    133.1434
    472.2507
    470.6817
    130.8286
    130.8286
   4 1   1    0.1    -8.0    0.0                                                                                                                                                                         
  31510.2565
  15632.4997
    130.8286
    742.8063
   6602.2072
   4752.2711
    130.8286
    173.5245
   1591.3679
   1404.9765
    130.8286
    133.6275
    472.2507
    470.6817
    130.8286
    130.8286
   4 1   2    0.1    -1.0  100.0                                                                                                                                                                         
    133.2945
    130.8097
    130.8286
    130.5132
   4 1   3    0.1    -1.0   15.0                                                                                                                                                                         
   1688.8185
   2033.8929
    130.5132
    134.7923
    539.8011
    582.8754
    130.5132
    130.8033
    235.4057
    240.7978
    130.5132
    130.5286
   4 1   7    0.1   600.0 1200.0                                                                                                                                                                         
    131.2494
    129.8927
    130.5286
    127.8172
   4 1   8    0.1     0.0   12.0                                                                                                                                                                         
   9987.2363
  16074.9080
    127.8172
    337.0755
   3013.5924
   3493.5539
    127.8172
    139.0864
    940.6099
    865.5213
    127.8172
    126.1077
   4 1   9    0.5     0.0    3.0                                                                                                                                                                         
  10238.2046
  80899.5920
    126.1077
   2695.6403
   3956.1267
  10329.9060
    126.1077
    427.9233
   1350.0545
   1995.7341
    126.1077
    148.5495
    484.7154
    516.5968
    126.1077
    126.9972
    229.1130
    208.8765
    126.1077
    125.5279
   4 1  10    0.1     0.0    1.0                                                                                                                                                                         
  31757.8617
  15746.6149
    125.5279
    734.8331
   6650.1349
   4781.8277
    125.5279
    168.4084
   1598.5840
   1408.8738
    125.5279
    128.3159
    470.1206
    467.6200
    125.5279
    125.5279
   4 1   1    0.1    -8.0    0.0                                                                                                                                                                         
  31757.8617
  15746.6149
    125.5279
    741.7399
   6650.1349
   4781.8277
    125.5279
    168.4084
   1598.5840
   1408.8738
    125.5279
    128.3159
    470.1206
    467.6200
    125.5279
    125.6627
    204.7956
    217.8122
    125.5279
    125.3899
   4 1   2    0.1    -1.0  100.0                                                                                                                                                                         
    127.1723
    126.0708
    125.3899
    125.3284
   4 1   3    0.1    -1.0   15.0                                                                                                                                                                         
   1695.8596
   2043.4607
    125.3284
    129.6449
    537.8468
    581.1753
    125.3284
    125.6218
    231.0587
    236.4521
    125.3284
    125.3441
   4 1   7    0.1   600.0 1200.0                                                                                                                                                                         
    126.0413
    124.7318
    125.3441
    122.8180
   4 1   8    0.1     0.0   12.0                                                                                                                                                                         
  10084.9687
  16289.8336
    122.8180
    336.2220
   3036.6109
   3537.8544
    122.8180
    134.8030
    942.1324
    873.1231
    122.8180
    121.3808
   4 1   9    0.5     0.0    3.0                                                                                                                                                                         
  10397.2546
  82400.5668
    121.3808
   2739.1099
   4017.9645
  10491.3096
    121.3808
    428.9454
   1368.6454
   2017.4928
    121.3808
    144.0443
    487.7988
    516.0265
    121.3808
    122.1741
    227.1056
    204.3954
    121.3808
    120.6932
   4 1  10    0.1     0.0    1.0                                                                                                                                                                         
  31996.8931
  15858.0980
    120.6932
    741.1478
   6696.3641
   4811.1338
    120.6932
    163.7887
   1605.6411
   1413.1513
    120.6932
    123.4786
    468.2447
    465.0591
    120.6932
    120.8264
    200.7301
    213.5130
    120.6932
    120.5596
   4 1   7    0.1   600.0 1200.0                                                                                                                                                                         
    121.1910
    120.0130
    120.5596
    118.5155
   4 1   1    0.1    -8.0    0.0                                                                                                                                                                         
  31642.6382
  16156.0905
    118.5155
    744.1916
   6522.5620
   4966.9304
    118.5155
    160.6973
   1519.1342
   1491.8493
    118.5155
    118.9794
    424.3079
    503.7746
    118.5155
    116.5082
   4 1   2    0.1    -1.0  100.0                                                                                                                                                                         
    119.0777
    116.4301
    116.5082
    116.1565
   4 1   3    0.1    -1.0   15.0                                                                                                                                                                         
   1709.0009
   2061.7973
    116.1565
    120.5290
    534.5082
    578.5713
    116.1565
    116.4526
    223.3678
    228.8962
    116.1565
    116.1844
   4 1   7    0.1   600.0 1200.0                                                                                                                                                                         
    116.8224
    115.6313
    116.1844
    114.0949
   4 1   8    0.1     0.0   12.0                                                                                                                                                                         
  10238.2128
  16627.9247
    114.0949
    328.7157
   3071.0775
   3608.2201
    114.0949
    125.8263
    943.0268
    885.0486
    114.0949
    112.7512
   4 1   9    0.5     0.0    3.0                                                                                                                                                                         
  10598.5811
  84643.6155
    112.7512
   2789.7408
   4086.3558
  10761.4575
    112.7512
    428.1822
   1382.1506
   2063.7753
    112.7512
    136.3473
    484.1064
    521.0311
    112.7512
    113.7168
    219.0749
    199.7609
    112.7512
    112.2298
   4 1  10    0.1     0.0    1.0                                                                                                                                                                         
  32411.8521
  16067.7914
    112.2298
    735.1158
   6773.1937
   4869.1075
    112.2298
    156.1864
   1615.5122
   1423.7542
    112.2298
    114.6143
    463.6267
    462.0674
    112.2298
    112.2298
   4 1   1    0.1    -8.0    0.0                                                                                                                                                                         
  32411.8521
  16067.7914
    112.2298
    735.1158
   6773.1937
   4869.1075
    112.2298
    156.1864
   1615.5122
   1423.7542
    112.2298
    114.6143
    463.6267
    462.0674
    112.2298
    112.2298
   4 1   2    0.1    -1.0  100.0                                                                                                                                                                         
    114.7015
    112.2599
    112.2298
    111.9320
   4 1   3    0.1    -1.0   15.0                                                                                                                                                                         
   1715.6147
   2070.6781
    111.9320
    116.1630
    533.1446
    577.4456
    111.9320
    112.1866
    219.8838
    225.4195
    111.9320
    111.9479
   4 1   7    0.1   600.0 1200.0                                                                                                                                                                         
    112.5818
    111.3988
    111.9479
    109.8864
   4 1   8    0.1     0.0   12.0                                                                                                                                                                         
  10327.8499
  16825.9779
    109.8864
    331.9260
   3092.4015
   3649.4163
    109.8864
    122.3481
    944.7206
    892.4816
    109.8864
    108.7973
   4 1   9    0.5     0.0    3.0                                                                                                                                                                         
  10743.5603
  85979.6985
    108.7973
   2828.4432
   4143.5502
  10903.0256
    108.7973
    429.7469
   1399.9925
   2082.2018
    108.7973
    132.3290
    487.6477
    520.1931
    108.7973
    109.6722
    217.1962
    196.3734
    108.7973
    108.1640
   4 1  10    0.1     0.0    1.0                                                                                                                                                                         
  32627.0937
  16170.8945
    108.1640
    735.1513
   6814.5246
   4896.8723
    108.1640
    152.3904
   1621.7792
   1428.3928
    108.1640
    111.0606
    462.0195
    460.2855
    108.1640
    108.1640
   4 1   1    0.1    -8.0    0.0                                                                                                                                                                         
  32627.0937
  16170.8945
    108.1640
    735.1513
   6814.5246
   4896.8723
    108.1640
    152.3904
   1621.7792
   1428.3928
    108.1640
    111.0606
    462.0195
    460.2855
    108.1640
    108.1640
   4 1   2    0.1    -1.0  100.0                                                                                                                                                                         
    110.6296
    108.2104
    108.1640
    107.8727
   4 1   3    0.1    -1.0   15.0                                                                                                                                                                         
   1722.3522
   2079.6918
    107.8727
    112.3099
    531.9334
    576.4797
    107.8727
    108.1298
    216.5608
    222.1078
    107.8727
    107.8889
   4 1   7    0.1   600.0 1200.0                                                                                                                                                                         
    108.5021
    107.3606
    107.8889
    105.9694
   4 1   8    0.1     0.0   12.0                                                                                                                                                                         
  10420.8196
  17031.6960
    105.9694
    329.0225
   3115.0486
   3692.2662
    105.9694
    119.1889
    947.0269
    900.4704
    105.9694
    104.9163
   4 1   9    0.5     0.0    3.0                                                                                                                                                                         
  10875.0505
  87487.0728
    104.9163
   2865.1235
   4190.4736
  11079.8768
    104.9163
    430.9117
   1411.2537
   2112.9128
    104.9163
    129.0043
    487.4428
    524.5984
    104.9163
    105.9236
    214.5810
    194.1735
    104.9163
    104.3458
   4 1  10    0.1     0.0    1.0                                                                                                                                                                         
  32844.3970
  16267.8059
    104.3458
    741.6574
   6858.0107
   4921.9045
    104.3458
    148.6228
   1629.4302
   1431.8796
    104.3458
    107.2097
    461.2669
    458.0788
    104.3458
    104.4829
    186.5288
    199.7007
    104.3458
    104.2078
   4 1   1    0.1    -8.0    0.0                                                                                                                                                                         
  33000.7974
  16214.2086
    104.2078
    734.5119
   6917.4480
   4886.9509
    104.2078
    148.6228
   1655.3085
   1411.8533
    104.2078
    107.2097
    473.2890
    447.3088
    104.2078
    104.3458
    192.2211
    194.0231
    104.2078
    104.2078
   4 1   2    0.1    -1.0  100.0                                                                                                                                                                         
    105.9541
    104.9872
    104.2078
    104.1616
   4 1   7    0.1   600.0 1200.0                                                                                                                                                                         
    104.8074
    103.6006
    104.1616
    102.0165
   4 1   3    0.1    -1.0   15.0                                                                                                                                                                         
   1842.6547
   1958.6458
    102.0165
    104.4204
    588.1305
    511.2892
    102.0165
    100.2071
   4 1   7    0.1   600.0 1200.0                                                                                                                                                                         
    100.6266
     99.8724
    100.2071
     99.3692
   4 1   8    0.1     0.0   12.0                                                                                                                                                                         
  10551.9815
  17323.4991
     99.3692
    330.2086
   3145.0866
   3753.7877
     99.3692
    113.2365
    948.5064
    911.7162
     99.3692
     98.8224
   4 1   7    0.1   600.0 1200.0                                                                                                                                                                         
     98.9583
     98.7713
     98.8224
     98.7708
   4 1   9    0.5     0.0    3.0                                                                                                                                                                         
  11113.7173
  88850.2989
     98.7708
   2932.6098
   4296.6958
  11182.0166
     98.7708
    433.5030
   1452.7413
   2105.9616
     98.7708
    123.1003
    501.6278
    509.3466
     98.7708
     99.0107
    217.5169
    181.7470
     98.7708
     97.4308
   4 1  10    0.1     0.0    1.0                                                                                                                                                                         
  33247.1327
  16454.0352
     97.4308
    741.5626
   6937.3771
   4971.3226
     97.4308
    141.9979
   1642.8325
   1439.8047
     97.4308
    100.2752
    459.5113
    454.7628
     97.4308
     97.4308
   4 1   1    0.1    -8.0    0.0                                                                                                                                                                         
  33247.1327
  16454.0352
     97.4308
    734.3351
   6937.3771
   4971.3226
     97.4308
    141.9979
   1642.8325
   1439.8047
     97.4308
    100.2752
    459.5113
    454.7628
     97.4308
     97.4308
   4 1   2    0.1    -1.0  100.0                                                                                                                                                                         
     99.8112
     97.6008
     97.4308
     97.1913
   4 1   3    0.1    -1.0   15.0                                                                                                                                                                         
   1741.7418
   2105.7781
     97.1913
    101.7102
    529.1461
    574.5411
     97.1913
     97.4982
    207.9004
    213.5600
     97.1913
     97.2205
   4 1   7    0.1   600.0 1200.0                                                                                                                                                                         
     97.7593
     96.7665
     97.2205
     95.7687
   4 1   8    0.1     0.0   12.0                                                                                                                                                                         
  10674.7264
  17594.9136
     95.7687
    328.3142
   3177.0457
   3810.2495
     95.7687
    109.5434
    953.6266
    923.0098
     95.7687
     95.0149
   4 1   9    0.5     0.0    3.0                                                                                                                                                                         
  11204.7268
  90907.1455
     95.0149
   2951.7542
   4312.3547
  11469.7367
     95.0149
    433.5677
   1443.7747
   2174.8319
     95.0149
    120.4253
    489.8161
    529.9047
     95.0149
     96.1256
    208.0750
    187.6797
     95.0149
     94.4620
   4 1  10    0.1     0.0    1.0                                                                                                                                                                         
  33413.7504
  16547.8677
     94.4620
    743.6336
   6966.5959
   4999.1378
     94.4620
    139.6591
   1645.8534
   1446.3667
     94.4620
     97.4054
    457.3273
    454.8756
     94.4620
     94.6048
    177.9079
    191.7111
     94.4620
     94.3152
   4 1   1    0.1    -8.0    0.0                                                                                                                                                                         
  33572.9282
  16493.3138
     94.3152
    736.3580
   7027.0838
   4963.5576
     94.3152
    139.6591
   1672.1852
   1425.9784
     94.3152
     97.4054
    469.5567
    443.9080
     94.3152
     94.4620
    183.6950
    185.9263
     94.3152
     94.3152
   4 1   2    0.1    -1.0  100.0                                                                                                                                                                         
     96.0765
     95.1160
     94.3152
     94.2702
   4 1   3    0.1    -1.0   15.0                                                                                                                                                                         
   1747.9634
   2113.9996
     94.2702
     98.6353
    528.6290
    574.2653
     94.2702
     94.5334
    205.5968
    211.2824
     94.2702
     94.2868
   4 1   7    0.1   600.0 1200.0                                                                                                                                                                         
     94.8262
     93.8323
     94.2868
     92.8317
   4 1   8    0.1     0.0   12.0                                                                                                                                                                         
  10759.3216
  17781.8252
     92.8317
    329.8432
   3198.2119
   3849.5094
     92.8317
    107.4222
    956.3785
    930.7711
     92.8317
     92.5610
   4 1   9    0.5     0.0    3.0                                                                                                                                                                         
  11340.5132
  91780.2152
     92.5610
   2993.4666
   4373.0440
  11539.6152
     92.5610
    436.7957
   1467.7585
   2174.5041
     92.5610
    117.8891
    498.4748
    523.1728
     92.5610
     93.2389
    209.8518
    182.6937
     92.5610
     91.6479
   4 1  10    0.1     0.0    1.0                                                                                                                                                                         
  33599.8884
  16636.0946
     91.6479
    736.9164
   7003.1420
   5023.1909
     91.6479
    137.0404
   1652.1143
   1450.8029
     91.6479
     94.5953
    456.7286
    453.9130
     91.6479
     91.6479
   4 1   1    0.1    -8.0    0.0                                                                                                                                                                         
  33599.8884
  16636.0946
     91.6479
    736.9164
   7003.1420
   5023.1909
     91.6479
    137.0404
   1652.1143
   1450.8029
     91.6479
     94.5953
    456.7286
    453.9130
     91.6479
     91.6479
   4 1   7    0.1   600.0 1200.0                                                                                                                                                                         
     92.0169
     91.3638
     91.6479
     91.0195
   4 1   2    0.1    -1.0  100.0                                                                                                                                                                         
     95.2218
     89.3874
     91.0195
     89.3640
   4 1   3    0.1    -1.0   15.0                                                                                                                                                                         
   1758.2359
   2127.7204
     89.3640
     93.7672
    527.7000
    573.7963
     89.3640
     89.6291
    201.7050
    207.4629
     89.3640
     89.3805
   4 1   7    0.1   600.0 1200.0                                                                                                                                                                         
     89.8910
     88.9550
     89.3805
     88.0901
   4 1   8    0.1     0.0   12.0                                                                                                                                                                         
  10888.1114
  18069.2016
     88.0901
    326.4796
   3229.8273
   3910.2354
     88.0901
    102.4883
    960.0106
    942.8290
     88.0901
     87.6023
   4 1   9    0.5     0.0    3.0                                                                                                                                                                         
  11476.6150
  93658.1078
     87.6023
   3026.5625
   4414.4528
  11780.1347
     87.6023
    436.5706
   1472.3459
   2223.2107
     87.6023
    113.7834
    493.2308
    533.7378
     87.6023
     88.6660
    203.8764
    182.5181
     87.6023
     87.0238
   4 1  10    0.1     0.0    1.0                                                                                                                                                                         
  33887.8212
  16780.4412
     87.0238
    745.9221
   7057.8476
   5063.6715
     87.0238
    132.9554
   1660.4273
   1458.9853
     87.0238
     90.0269
    454.9106
    452.8959
     87.0238
     87.0238
   4 1   1    0.1    -8.0    0.0                                                                                                                                                                         
  33887.8212
  16780.4412
     87.0238
    745.9221
   7057.8476
   5063.6715
     87.0238
    132.9554
   1660.4273
   1458.9853
     87.0238
     90.0269
    454.9106
    452.8959
     87.0238
     87.0238
   4 1   2    0.1    -1.0  100.0                                                                                                                                                                         
     89.4793
     87.1456
     87.0238
     86.7597
   4 1   3    0.1    -1.0   15.0                                                                                                                                                                         
   1764.2815
   2135.7471
     86.7597
     91.3664
    527.3606
    573.7264
     86.7597
     87.0258
    199.6776
    205.4803
     86.7597
     86.7763
   4 1   7    0.1   600.0 1200.0                                                                                                                                                                         
     87.2707
     86.3667
     86.7763
     85.5723
   4 1   8    0.1     0.0   12.0                                                                                                                                                                         
  10969.6314
  18250.5856
     85.5723
    332.0788
   3250.5183
   3948.4775
     85.5723
    100.8126
    962.9842
