32   
4    

1    
  0.0034554842889698  -0.0000013444620359   0.0093840090857322
  -0.2221230500    0.0086426400   -0.1317242800
   0.0297810200    0.0076698700   -0.0023197800
  -0.0069142100   -0.0135378100   -0.0022491500
  -0.0070242900    0.0289939900   -0.0024770800
  -0.0148773700    0.0073479500    0.0046444500
  -0.0148441100    0.0073491100    0.0046765700
  -0.0148577800    0.0073401900    0.0046765500
  -0.0148566600    0.0073551700    0.0046768500
   0.0132039200   -0.0086023800   -0.0047343400
   0.0129946800   -0.0086948500   -0.0048078600
   0.0131779800   -0.0084641500   -0.0047684500
   0.0130095300   -0.0086004800   -0.0041955400
   0.0133624100   -0.0063566700   -0.0048531700
   0.0135399600   -0.0064327000   -0.0047859300
   0.0135135600   -0.0065570300   -0.0048209600
   0.0133500000   -0.0064592200   -0.0040622900
   0.0060397400   -0.0064227000    0.0118097700
   0.0334356600   -0.0071276000    0.0467403200
   0.0789972200    0.0197709200    0.0471468600
   0.0791756900   -0.0328653600    0.0462579300
   0.0127512100   -0.0062127900   -0.0006809900
   0.0127516200   -0.0062126400   -0.0006632900
   0.0127535200   -0.0062117300   -0.0006643500
   0.0127529100   -0.0062137600   -0.0006593400
  -0.0116731400    0.0075494300    0.0011547500
  -0.0110482100    0.0076531800    0.0011867900
  -0.0114512700    0.0070742500    0.0011795900
  -0.0112739900    0.0074211200    0.0004199200
  -0.0106632700    0.0050047700    0.0011888000
  -0.0111428400    0.0051163600    0.0011353900
  -0.0110029900    0.0054806800    0.0011428600
  -0.0108374600    0.0052022500    0.0004293800

1    
 -0.0034554842889698   0.0000013444620359  -0.0093840090857322
   0.1962164800    0.0083093200    0.1318508200
  -0.0557087700    0.0073439100    0.0024529700
  -0.0189047800    0.0286094600    0.0025216700
  -0.0190109000   -0.0139242500    0.0024716100
  -0.0118018600    0.0077883200   -0.0045220500
  -0.0118340400    0.0077879000   -0.0045559300
  -0.0118213900    0.0077945700   -0.0045559200
  -0.0118211300    0.0077798700   -0.0045560900
   0.0129463500   -0.0089157600    0.0046692400
   0.0131315200   -0.0088288800    0.0047366700
   0.0129668100   -0.0090345100    0.0047006900
   0.0131273600   -0.0089108100    0.0039433300
   0.0133777900   -0.0066694100    0.0046653200
   0.0131811300   -0.0065928600    0.0045914200
   0.0132143000   -0.0064479700    0.0046308200
   0.0133628400   -0.0065504100    0.0040480600
   0.0156559800   -0.0062235100   -0.0118320800
  -0.0117426300   -0.0067134600   -0.0467639700
  -0.0576648900   -0.0327039300   -0.0463446700
  -0.0571195300    0.0199290400   -0.0471041400
   0.0096606300   -0.0064808000    0.0006758100
   0.0096596700   -0.0064813100    0.0006582700
   0.0096586700   -0.0064812000    0.0006573400
   0.0096585100   -0.0064798700    0.0006558900
  -0.0110891200    0.0076387200   -0.0011162600
  -0.0115794400    0.0075369600   -0.0011546100
  -0.0112432300    0.0079974900   -0.0011473700
  -0.0114160700    0.0077295000   -0.0004062200
  -0.0110725700    0.0055310800   -0.0012023600
  -0.0104665600    0.0054224600   -0.0011255600
  -0.0106749500    0.0049424200   -0.0011326600
  -0.0108461800    0.0052979400   -0.0004100300

17   
  0.0034554842889698  -0.0000013444620359   0.0093840090857322
  -0.0185303000    0.0074946100    0.0080123500
   0.0088685500    0.0079994900    0.0429450000
   0.0547817800    0.0339562400    0.0425251800
   0.0542587300   -0.0186671100    0.0432816300
  -0.0115424100    0.0078047700   -0.0044857500
  -0.0115418100    0.0078055700   -0.0044679900
  -0.0115408900    0.0078058100   -0.0044719000
  -0.0115401400    0.0078036900   -0.0044609500
   0.0137100700   -0.0092713400    0.0048872500
   0.0138574500   -0.0092053800    0.0050658200
   0.0137321900   -0.0093055800    0.0049739500
   0.0138603900   -0.0092557800    0.0042320300
   0.0131278000   -0.0065263300    0.0050657700
   0.0129977900   -0.0063660200    0.0048364100
   0.0129294100   -0.0063930600    0.0049385600
   0.0131440500   -0.0064386900    0.0042123800
  -0.1974490500   -0.0071248000   -0.1354610100
   0.0542489200   -0.0061732400   -0.0068222300
   0.0180715500   -0.0270739700   -0.0068881900
   0.0181794100    0.0147573300   -0.0068560200
   0.0092175000   -0.0064714000    0.0007709400
   0.0092126200   -0.0064709100    0.0005800100
   0.0092153800   -0.0064700100    0.0005800300
   0.0092153800   -0.0064737000    0.0005814600
  -0.0123068200    0.0080957900   -0.0003843300
  -0.0119615800    0.0080790700   -0.0003188700
  -0.0121154400    0.0078023100   -0.0003852400
  -0.0121356200    0.0079767300   -0.0006856100
  -0.0103094200    0.0049838600   -0.0002607900
  -0.0106574600    0.0049618400   -0.0004477600
  -0.0104599800    0.0052699800   -0.0003921900
  -0.0105380600    0.0050902500   -0.0006999000

17   
 -0.0034554842889698   0.0000013444620359  -0.0093840090857322
  -0.0075506700    0.0077347900   -0.0078818800
  -0.0349484600    0.0084344600   -0.0428108400
  -0.0805176500   -0.0184544300   -0.0432183900
  -0.0806737100    0.0341676700   -0.0423321700
  -0.0155291400    0.0074885100    0.0046026400
  -0.0155296800    0.0074892300    0.0045850300
  -0.0155314000    0.0074873900    0.0045809900
  -0.0155311000    0.0074897500    0.0045858900
   0.0139883600   -0.0090560600   -0.0049927900
   0.0138499800   -0.0091103600   -0.0051789600
   0.0139614500   -0.0090110600   -0.0050753700
   0.0138346600   -0.0090639000   -0.0043510700
   0.0131564100   -0.0062197000   -0.0051948900
   0.0132870200   -0.0064013100   -0.0050016400
   0.0133739400   -0.0063667300   -0.0050931500
   0.0131594900   -0.0063220000   -0.0043482300
   0.2192992100   -0.0074770300    0.1354340100
  -0.0323908300   -0.0064945100    0.0068087600
   0.0036770900    0.0143535900    0.0067410700
   0.0037855100   -0.0274723300    0.0069793600
   0.0135781800   -0.0063698300   -0.0007733300
   0.0135823800   -0.0063694000   -0.0005809600
   0.0135798100   -0.0063716300   -0.0005810800
   0.0135796000   -0.0063681200   -0.0005821400
  -0.0120396700    0.0078405400    0.0004012300
  -0.0123795300    0.0078706600    0.0003401200
  -0.0122395800    0.0081465100    0.0003957400
  -0.0122126500    0.0079676500    0.0006910200
  -0.0108493600    0.0052218800    0.0002665300
  -0.0104953900    0.0052104700    0.0004647300
  -0.0106664200    0.0049235300    0.0004001200
  -0.0106078400    0.0051017800    0.0007196300
