Automatically generated mesh
     163
Reciprocal lattice
    0.00000000000000    0.00000000000000    0.00000000000000             1
    0.11111111111111    0.00000000000000    0.00000000000000             2
    0.22222222222222    0.00000000000000    0.00000000000000             2
    0.33333333333333    0.00000000000000    0.00000000000000             2
    0.44444444444444    0.00000000000000    0.00000000000000             2
    0.00000000000000    0.11111111111111    0.00000000000000             2
    0.11111111111111    0.11111111111111    0.00000000000000             2
    0.22222222222222    0.11111111111111    0.00000000000000             2
    0.33333333333333    0.11111111111111    0.00000000000000             2
    0.44444444444444    0.11111111111111    0.00000000000000             2
   -0.44444444444444    0.11111111111111    0.00000000000000             2
   -0.33333333333333    0.11111111111111    0.00000000000000             2
   -0.22222222222222    0.11111111111111    0.00000000000000             2
   -0.11111111111111    0.11111111111111    0.00000000000000             2
    0.00000000000000    0.22222222222222    0.00000000000000             2
    0.11111111111111    0.22222222222222    0.00000000000000             2
    0.22222222222222    0.22222222222222    0.00000000000000             2
    0.33333333333333    0.22222222222222    0.00000000000000             2
    0.44444444444444    0.22222222222222    0.00000000000000             2
   -0.44444444444444    0.22222222222222    0.00000000000000             2
   -0.33333333333333    0.22222222222222    0.00000000000000             2
   -0.22222222222222    0.22222222222222    0.00000000000000             2
   -0.11111111111111    0.22222222222222    0.00000000000000             2
    0.00000000000000    0.33333333333333    0.00000000000000             2
    0.11111111111111    0.33333333333333    0.00000000000000             2
    0.22222222222222    0.33333333333333    0.00000000000000             2
    0.33333333333333    0.33333333333333    0.00000000000000             2
    0.44444444444444    0.33333333333333    0.00000000000000             2
   -0.44444444444444    0.33333333333333    0.00000000000000             2
   -0.33333333333333    0.33333333333333    0.00000000000000             2
   -0.22222222222222    0.33333333333333    0.00000000000000             2
   -0.11111111111111    0.33333333333333    0.00000000000000             2
    0.00000000000000    0.44444444444444    0.00000000000000             2
    0.11111111111111    0.44444444444444    0.00000000000000             2
    0.22222222222222    0.44444444444444    0.00000000000000             2
    0.33333333333333    0.44444444444444    0.00000000000000             2
    0.44444444444444    0.44444444444444    0.00000000000000             2
   -0.44444444444444    0.44444444444444    0.00000000000000             2
   -0.33333333333333    0.44444444444444    0.00000000000000             2
   -0.22222222222222    0.44444444444444    0.00000000000000             2
   -0.11111111111111    0.44444444444444    0.00000000000000             2
    0.00000000000000    0.00000000000000    0.25000000000000             2
    0.11111111111111    0.00000000000000    0.25000000000000             2
    0.22222222222222    0.00000000000000    0.25000000000000             2
    0.33333333333333    0.00000000000000    0.25000000000000             2
    0.44444444444444    0.00000000000000    0.25000000000000             2
   -0.44444444444444   -0.00000000000000    0.25000000000000             2
   -0.33333333333333   -0.00000000000000    0.25000000000000             2
   -0.22222222222222   -0.00000000000000    0.25000000000000             2
   -0.11111111111111   -0.00000000000000    0.25000000000000             2
    0.00000000000000    0.11111111111111    0.25000000000000             2
    0.11111111111111    0.11111111111111    0.25000000000000             2
    0.22222222222222    0.11111111111111    0.25000000000000             2
    0.33333333333333    0.11111111111111    0.25000000000000             2
    0.44444444444444    0.11111111111111    0.25000000000000             2
   -0.44444444444444    0.11111111111111    0.25000000000000             2
   -0.33333333333333    0.11111111111111    0.25000000000000             2
   -0.22222222222222    0.11111111111111    0.25000000000000             2
   -0.11111111111111    0.11111111111111    0.25000000000000             2
    0.00000000000000    0.22222222222222    0.25000000000000             2
    0.11111111111111    0.22222222222222    0.25000000000000             2
    0.22222222222222    0.22222222222222    0.25000000000000             2
    0.33333333333333    0.22222222222222    0.25000000000000             2
    0.44444444444444    0.22222222222222    0.25000000000000             2
   -0.44444444444444    0.22222222222222    0.25000000000000             2
   -0.33333333333333    0.22222222222222    0.25000000000000             2
   -0.22222222222222    0.22222222222222    0.25000000000000             2
   -0.11111111111111    0.22222222222222    0.25000000000000             2
    0.00000000000000    0.33333333333333    0.25000000000000             2
    0.11111111111111    0.33333333333333    0.25000000000000             2
    0.22222222222222    0.33333333333333    0.25000000000000             2
    0.33333333333333    0.33333333333333    0.25000000000000             2
    0.44444444444444    0.33333333333333    0.25000000000000             2
   -0.44444444444444    0.33333333333333    0.25000000000000             2
   -0.33333333333333    0.33333333333333    0.25000000000000             2
   -0.22222222222222    0.33333333333333    0.25000000000000             2
   -0.11111111111111    0.33333333333333    0.25000000000000             2
    0.00000000000000    0.44444444444444    0.25000000000000             2
    0.11111111111111    0.44444444444444    0.25000000000000             2
    0.22222222222222    0.44444444444444    0.25000000000000             2
    0.33333333333333    0.44444444444444    0.25000000000000             2
    0.44444444444444    0.44444444444444    0.25000000000000             2
   -0.44444444444444    0.44444444444444    0.25000000000000             2
   -0.33333333333333    0.44444444444444    0.25000000000000             2
   -0.22222222222222    0.44444444444444    0.25000000000000             2
   -0.11111111111111    0.44444444444444    0.25000000000000             2
   -0.00000000000000   -0.44444444444444    0.25000000000000             2
    0.11111111111111   -0.44444444444444    0.25000000000000             2
    0.22222222222222   -0.44444444444444    0.25000000000000             2
    0.33333333333333   -0.44444444444444    0.25000000000000             2
    0.44444444444444   -0.44444444444444    0.25000000000000             2
   -0.44444444444444   -0.44444444444444    0.25000000000000             2
   -0.33333333333333   -0.44444444444444    0.25000000000000             2
   -0.22222222222222   -0.44444444444444    0.25000000000000             2
   -0.11111111111111   -0.44444444444444    0.25000000000000             2
   -0.00000000000000   -0.33333333333333    0.25000000000000             2
    0.11111111111111   -0.33333333333333    0.25000000000000             2
    0.22222222222222   -0.33333333333333    0.25000000000000             2
    0.33333333333333   -0.33333333333333    0.25000000000000             2
    0.44444444444444   -0.33333333333333    0.25000000000000             2
   -0.44444444444444   -0.33333333333333    0.25000000000000             2
   -0.33333333333333   -0.33333333333333    0.25000000000000             2
   -0.22222222222222   -0.33333333333333    0.25000000000000             2
   -0.11111111111111   -0.33333333333333    0.25000000000000             2
   -0.00000000000000   -0.22222222222222    0.25000000000000             2
    0.11111111111111   -0.22222222222222    0.25000000000000             2
    0.22222222222222   -0.22222222222222    0.25000000000000             2
    0.33333333333333   -0.22222222222222    0.25000000000000             2
    0.44444444444444   -0.22222222222222    0.25000000000000             2
   -0.44444444444444   -0.22222222222222    0.25000000000000             2
   -0.33333333333333   -0.22222222222222    0.25000000000000             2
   -0.22222222222222   -0.22222222222222    0.25000000000000             2
   -0.11111111111111   -0.22222222222222    0.25000000000000             2
   -0.00000000000000   -0.11111111111111    0.25000000000000             2
    0.11111111111111   -0.11111111111111    0.25000000000000             2
    0.22222222222222   -0.11111111111111    0.25000000000000             2
    0.33333333333333   -0.11111111111111    0.25000000000000             2
    0.44444444444444   -0.11111111111111    0.25000000000000             2
   -0.44444444444444   -0.11111111111111    0.25000000000000             2
   -0.33333333333333   -0.11111111111111    0.25000000000000             2
   -0.22222222222222   -0.11111111111111    0.25000000000000             2
   -0.11111111111111   -0.11111111111111    0.25000000000000             2
    0.00000000000000    0.00000000000000    0.50000000000000             1
    0.11111111111111    0.00000000000000    0.50000000000000             2
    0.22222222222222    0.00000000000000    0.50000000000000             2
    0.33333333333333    0.00000000000000    0.50000000000000             2
    0.44444444444444    0.00000000000000    0.50000000000000             2
    0.00000000000000    0.11111111111111    0.50000000000000             2
    0.11111111111111    0.11111111111111    0.50000000000000             2
    0.22222222222222    0.11111111111111    0.50000000000000             2
    0.33333333333333    0.11111111111111    0.50000000000000             2
    0.44444444444444    0.11111111111111    0.50000000000000             2
   -0.44444444444444    0.11111111111111    0.50000000000000             2
   -0.33333333333333    0.11111111111111    0.50000000000000             2
   -0.22222222222222    0.11111111111111    0.50000000000000             2
   -0.11111111111111    0.11111111111111    0.50000000000000             2
    0.00000000000000    0.22222222222222    0.50000000000000             2
    0.11111111111111    0.22222222222222    0.50000000000000             2
    0.22222222222222    0.22222222222222    0.50000000000000             2
    0.33333333333333    0.22222222222222    0.50000000000000             2
    0.44444444444444    0.22222222222222    0.50000000000000             2
   -0.44444444444444    0.22222222222222    0.50000000000000             2
   -0.33333333333333    0.22222222222222    0.50000000000000             2
   -0.22222222222222    0.22222222222222    0.50000000000000             2
   -0.11111111111111    0.22222222222222    0.50000000000000             2
    0.00000000000000    0.33333333333333    0.50000000000000             2
    0.11111111111111    0.33333333333333    0.50000000000000             2
    0.22222222222222    0.33333333333333    0.50000000000000             2
    0.33333333333333    0.33333333333333    0.50000000000000             2
    0.44444444444444    0.33333333333333    0.50000000000000             2
   -0.44444444444444    0.33333333333333    0.50000000000000             2
   -0.33333333333333    0.33333333333333    0.50000000000000             2
   -0.22222222222222    0.33333333333333    0.50000000000000             2
   -0.11111111111111    0.33333333333333    0.50000000000000             2
    0.00000000000000    0.44444444444444    0.50000000000000             2
    0.11111111111111    0.44444444444444    0.50000000000000             2
    0.22222222222222    0.44444444444444    0.50000000000000             2
    0.33333333333333    0.44444444444444    0.50000000000000             2
    0.44444444444444    0.44444444444444    0.50000000000000             2
   -0.44444444444444    0.44444444444444    0.50000000000000             2
   -0.33333333333333    0.44444444444444    0.50000000000000             2
   -0.22222222222222    0.44444444444444    0.50000000000000             2
   -0.11111111111111    0.44444444444444    0.50000000000000             2
Tetrahedra
       970    0.00051440329218
         2         2         6         7        51
         2         1         2         6        51
         2         1         2        42        51
         2         2         7        51        52
         2         2        43        51        52
         2         2        42        43        51
         2         3         7         8        52
         2         2         3         7        52
         2         2         3        43        52
         2         3         8        52        53
         2         3        44        52        53
         2         3        43        44        52
         2         4         8         9        53
         2         3         4         8        53
         2         3         4        44        53
         2         4         9        53        54
         2         4        45        53        54
         2         4        44        45        53
         2         5         9        10        54
         2         4         5         9        54
         2         4         5        45        54
         2         5        10        54        55
         2         5        46        54        55
         2         5        45        46        54
         2         5        10        11        55
         2         5         5        10        55
         2         5         5        46        55
         2         5        11        55        56
         2         5        47        55        56
         2         5        46        47        55
         2         4        11        12        56
         2         4         5        11        56
         2         4         5        47        56
         2         4        12        56        57
         2         4        48        56        57
         2         4        47        48        56
         2         3        12        13        57
         2         3         4        12        57
         2         3         4        48        57
         2         3        13        57        58
         2         3        49        57        58
         2         3        48        49        57
         2         2        13        14        58
         2         2         3        13        58
         2         2         3        49        58
         2         2        14        58        59
         2         2        50        58        59
         2         2        49        50        58
         2         1         6        14        59
         2         1         2        14        59
         2         1         2        50        59
         2         1         6        51        59
         2         1        42        51        59
         2         1        42        50        59
         2         7        15        16        60
         2         6         7        15        60
         2         6         7        51        60
         2         7        16        60        61
         2         7        52        60        61
         2         7        51        52        60
         2         8        16        17        61
         2         7         8        16        61
         2         7         8        52        61
         2         8        17        61        62
         2         8        53        61        62
         2         8        52        53        61
         2         9        17        18        62
         2         8         9        17        62
         2         8         9        53        62
         2         9        18        62        63
         2         9        54        62        63
         2         9        53        54        62
         2        10        18        19        63
         2         9        10        18        63
         2         9        10        54        63
         2        10        19        63        64
         2        10        55        63        64
         2        10        54        55        63
         2        11        19        20        64
         2        10        11        19        64
         2        10        11        55        64
         2        11        20        64        65
         2        11        56        64        65
         2        11        55        56        64
         2        12        20        21        65
         2        11        12        20        65
         2        11        12        56        65
         2        12        21        65        66
         2        12        57        65        66
         2        12        56        57        65
         2        13        21        22        66
         2        12        13        21        66
         2        12        13        57        66
         2        13        22        66        67
         2        13        58        66        67
         2        13        57        58        66
         2        14        22        23        67
         2        13        14        22        67
         2        13        14        58        67
         2        14        23        67        68
         2        14        59        67        68
         2        14        58        59        67
         2         6        15        23        68
         2         6        14        23        68
         2         6        14        59        68
         2         6        15        60        68
         2         6        51        60        68
         2         6        51        59        68
         2        16        24        25        69
         2        15        16        24        69
         2        15        16        60        69
         2        16        25        69        70
         2        16        61        69        70
         2        16        60        61        69
         2        17        25        26        70
         2        16        17        25        70
         2        16        17        61        70
         2        17        26        70        71
         2        17        62        70        71
         2        17        61        62        70
         2        18        26        27        71
         2        17        18        26        71
         2        17        18        62        71
         2        18        27        71        72
         2        18        63        71        72
         2        18        62        63        71
         2        19        27        28        72
         2        18        19        27        72
         2        18        19        63        72
         2        19        28        72        73
         2        19        64        72        73
         2        19        63        64        72
         2        20        28        29        73
         2        19        20        28        73
         2        19        20        64        73
         2        20        29        73        74
         2        20        65        73        74
         2        20        64        65        73
         2        21        29        30        74
         2        20        21        29        74
         2        20        21        65        74
         2        21        30        74        75
         2        21        66        74        75
         2        21        65        66        74
         2        22        30        31        75
         2        21        22        30        75
         2        21        22        66        75
         2        22        31        75        76
         2        22        67        75        76
         2        22        66        67        75
         2        23        31        32        76
         2        22        23        31        76
         2        22        23        67        76
         2        23        32        76        77
         2        23        68        76        77
         2        23        67        68        76
         2        15        24        32        77
         2        15        23        32        77
         2        15        23        68        77
         2        15        24        69        77
         2        15        60        69        77
         2        15        60        68        77
         2        25        33        34        78
         2        24        25        33        78
         2        24        25        69        78
         2        25        34        78        79
         2        25        70        78        79
         2        25        69        70        78
         2        26        34        35        79
         2        25        26        34        79
         2        25        26        70        79
         2        26        35        79        80
         2        26        71        79        80
         2        26        70        71        79
         2        27        35        36        80
         2        26        27        35        80
         2        26        27        71        80
         2        27        36        80        81
         2        27        72        80        81
         2        27        71        72        80
         2        28        36        37        81
         2        27        28        36        81
         2        27        28        72        81
         2        28        37        81        82
         2        28        73        81        82
         2        28        72        73        81
         2        29        37        38        82
         2        28        29        37        82
         2        28        29        73        82
         2        29        38        82        83
         2        29        74        82        83
         2        29        73        74        82
         2        30        38        39        83
         2        29        30        38        83
         2        29        30        74        83
         2        30        39        83        84
         2        30        75        83        84
         2        30        74        75        83
         2        31        39        40        84
         2        30        31        39        84
         2        30        31        75        84
         2        31        40        84        85
         2        31        76        84        85
         2        31        75        76        84
         2        32        40        41        85
         2        31        32        40        85
         2        31        32        76        85
         2        32        41        85        86
         2        32        77        85        86
         2        32        76        77        85
         2        24        33        41        86
         2        24        32        41        86
         2        24        32        77        86
         2        24        33        78        86
         2        24        69        78        86
         2        24        69        77        86
         2        33        34        41        87
         2        33        33        34        87
         2        33        34        78        87
         2        34        41        87        88
         2        34        79        87        88
         2        34        78        79        87
         2        35        40        41        88
         2        34        35        41        88
         2        34        35        79        88
         2        35        40        88        89
         2        35        80        88        89
         2        35        79        80        88
         2        36        39        40        89
         2        35        36        40        89
         2        35        36        80        89
         2        36        39        89        90
         2        36        81        89        90
         2        36        80        81        89
         2        37        38        39        90
         2        36        37        39        90
         2        36        37        81        90
         2        37        38        90        91
         2        37        82        90        91
         2        37        81        82        90
         4        37        38        38        91
         2        37        38        82        91
         2        37        38        91        92
         2        38        83        91        92
         2        38        82        83        91
         2        36        37        39        92
         2        37        38        39        92
         2        38        39        83        92
         2        36        39        92        93
         2        39        84        92        93
         2        39        83        84        92
         2        35        36        40        93
         2        36        39        40        93
         2        39        40        84        93
         2        35        40        93        94
         2        40        85        93        94
         2        40        84        85        93
         2        34        35        41        94
         2        35        40        41        94
         2        40        41        85        94
         2        34        41        94        95
         2        41        86        94        95
         2        41        85        86        94
         2        33        33        34        95
         2        33        34        41        95
         2        33        41        86        95
         2        33        33        87        95
         2        33        78        87        95
         2        33        78        86        95
         2        24        32        41        96
         2        24        33        41        96
         2        33        41        87        96
         2        32        41        96        97
         2        41        88        96        97
         2        41        87        88        96
         2        31        32        40        97
         2        32        40        41        97
         2        40        41        88        97
         2        31        40        97        98
         2        40        89        97        98
         2        40        88        89        97
         2        30        31        39        98
         2        31        39        40        98
         2        39        40        89        98
         2        30        39        98        99
         2        39        90        98        99
         2        39        89        90        98
         2        29        30        38        99
         2        30        38        39        99
         2        38        39        90        99
         2        29        38        99       100
         2        38        91        99       100
         2        38        90        91        99
         2        28        29        37       100
         2        29        37        38       100
         2        37        38        91       100
         2        28        37       100       101
         2        37        92       100       101
         2        37        91        92       100
         2        27        28        36       101
         2        28        36        37       101
         2        36        37        92       101
         2        27        36       101       102
         2        36        93       101       102
         2        36        92        93       101
         2        26        27        35       102
         2        27        35        36       102
         2        35        36        93       102
         2        26        35       102       103
         2        35        94       102       103
         2        35        93        94       102
         2        25        26        34       103
         2        26        34        35       103
         2        34        35        94       103
         2        25        34       103       104
         2        34        95       103       104
         2        34        94        95       103
         2        24        25        33       104
         2        25        33        34       104
         2        33        34        95       104
         2        24        33        96       104
         2        33        87        96       104
         2        33        87        95       104
         2        15        23        32       105
         2        15        24        32       105
         2        24        32        96       105
         2        23        32       105       106
         2        32        97       105       106
         2        32        96        97       105
         2        22        23        31       106
         2        23        31        32       106
         2        31        32        97       106
         2        22        31       106       107
         2        31        98       106       107
         2        31        97        98       106
         2        21        22        30       107
         2        22        30        31       107
         2        30        31        98       107
         2        21        30       107       108
         2        30        99       107       108
         2        30        98        99       107
         2        20        21        29       108
         2        21        29        30       108
         2        29        30        99       108
         2        20        29       108       109
         2        29       100       108       109
         2        29        99       100       108
         2        19        20        28       109
         2        20        28        29       109
         2        28        29       100       109
         2        19        28       109       110
         2        28       101       109       110
         2        28       100       101       109
         2        18        19        27       110
         2        19        27        28       110
         2        27        28       101       110
         2        18        27       110       111
         2        27       102       110       111
         2        27       101       102       110
         2        17        18        26       111
         2        18        26        27       111
         2        26        27       102       111
         2        17        26       111       112
         2        26       103       111       112
         2        26       102       103       111
         2        16        17        25       112
         2        17        25        26       112
         2        25        26       103       112
         2        16        25       112       113
         2        25       104       112       113
         2        25       103       104       112
         2        15        16        24       113
         2        16        24        25       113
         2        24        25       104       113
         2        15        24       105       113
         2        24        96       105       113
         2        24        96       104       113
         2         6        14        23       114
         2         6        15        23       114
         2        15        23       105       114
         2        14        23       114       115
         2        23       106       114       115
         2        23       105       106       114
         2        13        14        22       115
         2        14        22        23       115
         2        22        23       106       115
         2        13        22       115       116
         2        22       107       115       116
         2        22       106       107       115
         2        12        13        21       116
         2        13        21        22       116
         2        21        22       107       116
         2        12        21       116       117
         2        21       108       116       117
         2        21       107       108       116
         2        11        12        20       117
         2        12        20        21       117
         2        20        21       108       117
         2        11        20       117       118
         2        20       109       117       118
         2        20       108       109       117
         2        10        11        19       118
         2        11        19        20       118
         2        19        20       109       118
         2        10        19       118       119
         2        19       110       118       119
         2        19       109       110       118
         2         9        10        18       119
         2        10        18        19       119
         2        18        19       110       119
         2         9        18       119       120
         2        18       111       119       120
         2        18       110       111       119
         2         8         9        17       120
         2         9        17        18       120
         2        17        18       111       120
         2         8        17       120       121
         2        17       112       120       121
         2        17       111       112       120
         2         7         8        16       121
         2         8        16        17       121
         2        16        17       112       121
         2         7        16       121       122
         2        16       113       121       122
         2        16       112       113       121
         2         6         7        15       122
         2         7        15        16       122
         2        15        16       113       122
         2         6        15       114       122
         2        15       105       114       122
         2        15       105       113       122
         2         1         2        14        42
         2         1         6        14        42
         2         6        14        42       114
         2         2        14        42        43
         2        14        42        43       115
         2        14        42       114       115
         2         2         3        13        43
         2         2        13        14        43
         2        13        14        43       115
         2         3        13        43        44
         2        13        43        44       116
         2        13        43       115       116
         2         3         4        12        44
         2         3        12        13        44
         2        12        13        44       116
         2         4        12        44        45
         2        12        44        45       117
         2        12        44       116       117
         2         4         5        11        45
         2         4        11        12        45
         2        11        12        45       117
         2         5        11        45        46
         2        11        45        46       118
         2        11        45       117       118
         2         5         5        10        46
         2         5        10        11        46
         2        10        11        46       118
         2         5        10        46        47
         2        10        46        47       119
         2        10        46       118       119
         2         4         5         9        47
         2         5         9        10        47
         2         9        10        47       119
         2         4         9        47        48
         2         9        47        48       120
         2         9        47       119       120
         2         3         4         8        48
         2         4         8         9        48
         2         8         9        48       120
         2         3         8        48        49
         2         8        48        49       121
         2         8        48       120       121
         2         2         3         7        49
         2         3         7         8        49
         2         7         8        49       121
         2         2         7        49        50
         2         7        49        50       122
         2         7        49       121       122
         2         1         2         6        50
         2         2         6         7        50
         2         6         7        50       122
         2         1         6        42        50
         2         6        42        50       114
         2         6        50       114       122
         2        43        51        52       128
         2        42        43        51       128
         2        42        43       123       128
         2        43        52       128       129
         2        43       124       128       129
         2        43       123       124       128
         2        44        52        53       129
         2        43        44        52       129
         2        43        44       124       129
         2        44        53       129       130
         2        44       125       129       130
         2        44       124       125       129
         2        45        53        54       130
         2        44        45        53       130
         2        44        45       125       130
         2        45        54       130       131
         2        45       126       130       131
         2        45       125       126       130
         2        46        54        55       131
         2        45        46        54       131
         2        45        46       126       131
         2        46        55       131       132
         2        46       127       131       132
         2        46       126       127       131
         2        47        55        56       132
         2        46        47        55       132
         2        46        47       127       132
         2        47        56       132       133
         2        47       127       132       133
         2        47       127       127       132
         2        48        56        57       133
         2        47        48        56       133
         2        47        48       127       133
         2        48        57       133       134
         2        48       126       133       134
         2        48       126       127       133
         2        49        57        58       134
         2        48        49        57       134
         2        48        49       126       134
         2        49        58       134       135
         2        49       125       134       135
         2        49       125       126       134
         2        50        58        59       135
         2        49        50        58       135
         2        49        50       125       135
         2        50        59       135       136
         2        50       124       135       136
         2        50       124       125       135
         2        42        51        59       136
         2        42        50        59       136
         2        42        50       124       136
         2        42        51       128       136
         2        42       123       128       136
         2        42       123       124       136
         2        52        60        61       137
         2        51        52        60       137
         2        51        52       128       137
         2        52        61       137       138
         2        52       129       137       138
         2        52       128       129       137
         2        53        61        62       138
         2        52        53        61       138
         2        52        53       129       138
         2        53        62       138       139
         2        53       130       138       139
         2        53       129       130       138
         2        54        62        63       139
         2        53        54        62       139
         2        53        54       130       139
         2        54        63       139       140
         2        54       131       139       140
         2        54       130       131       139
         2        55        63        64       140
         2        54        55        63       140
         2        54        55       131       140
         2        55        64       140       141
         2        55       132       140       141
         2        55       131       132       140
         2        56        64        65       141
         2        55        56        64       141
         2        55        56       132       141
         2        56        65       141       142
         2        56       133       141       142
         2        56       132       133       141
         2        57        65        66       142
         2        56        57        65       142
         2        56        57       133       142
         2        57        66       142       143
         2        57       134       142       143
         2        57       133       134       142
         2        58        66        67       143
         2        57        58        66       143
         2        57        58       134       143
         2        58        67       143       144
         2        58       135       143       144
         2        58       134       135       143
         2        59        67        68       144
         2        58        59        67       144
         2        58        59       135       144
         2        59        68       144       145
         2        59       136       144       145
         2        59       135       136       144
         2        51        60        68       145
         2        51        59        68       145
         2        51        59       136       145
         2        51        60       137       145
         2        51       128       137       145
         2        51       128       136       145
         2        61        69        70       146
         2        60        61        69       146
         2        60        61       137       146
         2        61        70       146       147
         2        61       138       146       147
         2        61       137       138       146
         2        62        70        71       147
         2        61        62        70       147
         2        61        62       138       147
         2        62        71       147       148
         2        62       139       147       148
         2        62       138       139       147
         2        63        71        72       148
         2        62        63        71       148
         2        62        63       139       148
         2        63        72       148       149
         2        63       140       148       149
         2        63       139       140       148
         2        64        72        73       149
         2        63        64        72       149
         2        63        64       140       149
         2        64        73       149       150
         2        64       141       149       150
         2        64       140       141       149
         2        65        73        74       150
         2        64        65        73       150
         2        64        65       141       150
         2        65        74       150       151
         2        65       142       150       151
         2        65       141       142       150
         2        66        74        75       151
         2        65        66        74       151
         2        65        66       142       151
         2        66        75       151       152
         2        66       143       151       152
         2        66       142       143       151
         2        67        75        76       152
         2        66        67        75       152
         2        66        67       143       152
         2        67        76       152       153
         2        67       144       152       153
         2        67       143       144       152
         2        68        76        77       153
         2        67        68        76       153
         2        67        68       144       153
         2        68        77       153       154
         2        68       145       153       154
         2        68       144       145       153
         2        60        69        77       154
         2        60        68        77       154
         2        60        68       145       154
         2        60        69       146       154
         2        60       137       146       154
         2        60       137       145       154
         2        70        78        79       155
         2        69        70        78       155
         2        69        70       146       155
         2        70        79       155       156
         2        70       147       155       156
         2        70       146       147       155
         2        71        79        80       156
         2        70        71        79       156
         2        70        71       147       156
         2        71        80       156       157
         2        71       148       156       157
         2        71       147       148       156
         2        72        80        81       157
         2        71        72        80       157
         2        71        72       148       157
         2        72        81       157       158
         2        72       149       157       158
         2        72       148       149       157
         2        73        81        82       158
         2        72        73        81       158
         2        72        73       149       158
         2        73        82       158       159
         2        73       150       158       159
         2        73       149       150       158
         2        74        82        83       159
         2        73        74        82       159
         2        73        74       150       159
         2        74        83       159       160
         2        74       151       159       160
         2        74       150       151       159
         2        75        83        84       160
         2        74        75        83       160
         2        74        75       151       160
         2        75        84       160       161
         2        75       152       160       161
         2        75       151       152       160
         2        76        84        85       161
         2        75        76        84       161
         2        75        76       152       161
         2        76        85       161       162
         2        76       153       161       162
         2        76       152       153       161
         2        77        85        86       162
         2        76        77        85       162
         2        76        77       153       162
         2        77        86       162       163
         2        77       154       162       163
         2        77       153       154       162
         2        69        78        86       163
         2        69        77        86       163
         2        69        77       154       163
         2        69        78       155       163
         2        69       146       155       163
         2        69       146       154       163
         2        79        87        88       155
         2        78        79        87       155
         2        78        79       155       155
         2        79        88       155       163
         2        79       155       156       163
         2        79       155       155       156
         2        80        88        89       163
         2        79        80        88       163
         2        79        80       156       163
         2        80        89       162       163
         2        80       157       162       163
         2        80       156       157       163
         2        81        89        90       162
         2        80        81        89       162
         2        80        81       157       162
         2        81        90       161       162
         2        81       158       161       162
         2        81       157       158       162
         2        82        90        91       161
         2        81        82        90       161
         2        81        82       158       161
         2        82        91       160       161
         2        82       159       160       161
         2        82       158       159       161
         2        83        91        92       160
         2        82        83        91       160
         2        82        83       159       160
         2        83        92       159       160
         4        83       159       160       160
         2        84        92        93       159
         2        83        84        92       159
         2        83        84       159       160
         2        84        93       158       159
         2        84       158       159       161
         2        84       159       160       161
         2        85        93        94       158
         2        84        85        93       158
         2        84        85       158       161
         2        85        94       157       158
         2        85       157       158       162
         2        85       158       161       162
         2        86        94        95       157
         2        85        86        94       157
         2        85        86       157       162
         2        86        95       156       157
         2        86       156       157       163
         2        86       157       162       163
         2        78        87        95       156
         2        78        86        95       156
         2        78        86       156       163
         2        78        87       155       156
         2        78       155       155       156
         2        78       155       156       163
         2        88        96        97       146
         2        87        88        96       146
         2        87        88       146       155
         2        88        97       146       154
         2        88       146       154       163
         2        88       146       155       163
         2        89        97        98       154
         2        88        89        97       154
         2        88        89       154       163
         2        89        98       153       154
         2        89       153       154       162
         2        89       154       162       163
         2        90        98        99       153
         2        89        90        98       153
         2        89        90       153       162
         2        90        99       152       153
         2        90       152       153       161
         2        90       153       161       162
         2        91        99       100       152
         2        90        91        99       152
         2        90        91       152       161
         2        91       100       151       152
         2        91       151       152       160
         2        91       152       160       161
         2        92       100       101       151
         2        91        92       100       151
         2        91        92       151       160
         2        92       101       150       151
         2        92       150       151       159
         2        92       151       159       160
         2        93       101       102       150
         2        92        93       101       150
         2        92        93       150       159
         2        93       102       149       150
         2        93       149       150       158
         2        93       150       158       159
         2        94       102       103       149
         2        93        94       102       149
         2        93        94       149       158
         2        94       103       148       149
         2        94       148       149       157
         2        94       149       157       158
         2        95       103       104       148
         2        94        95       103       148
         2        94        95       148       157
         2        95       104       147       148
         2        95       147       148       156
         2        95       148       156       157
         2        87        96       104       147
         2        87        95       104       147
         2        87        95       147       156
         2        87        96       146       147
         2        87       146       147       155
         2        87       147       155       156
         2        97       105       106       137
         2        96        97       105       137
         2        96        97       137       146
         2        97       106       137       145
         2        97       137       145       154
         2        97       137       146       154
         2        98       106       107       145
         2        97        98       106       145
         2        97        98       145       154
         2        98       107       144       145
         2        98       144       145       153
         2        98       145       153       154
         2        99       107       108       144
         2        98        99       107       144
         2        98        99       144       153
         2        99       108       143       144
         2        99       143       144       152
         2        99       144       152       153
         2       100       108       109       143
         2        99       100       108       143
         2        99       100       143       152
         2       100       109       142       143
         2       100       142       143       151
         2       100       143       151       152
         2       101       109       110       142
         2       100       101       109       142
         2       100       101       142       151
         2       101       110       141       142
         2       101       141       142       150
         2       101       142       150       151
         2       102       110       111       141
         2       101       102       110       141
         2       101       102       141       150
         2       102       111       140       141
         2       102       140       141       149
         2       102       141       149       150
         2       103       111       112       140
         2       102       103       111       140
         2       102       103       140       149
         2       103       112       139       140
         2       103       139       140       148
         2       103       140       148       149
         2       104       112       113       139
         2       103       104       112       139
         2       103       104       139       148
         2       104       113       138       139
         2       104       138       139       147
         2       104       139       147       148
         2        96       105       113       138
         2        96       104       113       138
         2        96       104       138       147
         2        96       105       137       138
         2        96       137       138       146
         2        96       138       146       147
         2       106       114       115       128
         2       105       106       114       128
         2       105       106       128       137
         2       106       115       128       136
         2       106       128       136       145
         2       106       128       137       145
         2       107       115       116       136
         2       106       107       115       136
         2       106       107       136       145
         2       107       116       135       136
         2       107       135       136       144
         2       107       136       144       145
         2       108       116       117       135
         2       107       108       116       135
         2       107       108       135       144
         2       108       117       134       135
         2       108       134       135       143
         2       108       135       143       144
         2       109       117       118       134
         2       108       109       117       134
         2       108       109       134       143
         2       109       118       133       134
         2       109       133       134       142
         2       109       134       142       143
         2       110       118       119       133
         2       109       110       118       133
         2       109       110       133       142
         2       110       119       132       133
         2       110       132       133       141
         2       110       133       141       142
         2       111       119       120       132
         2       110       111       119       132
         2       110       111       132       141
         2       111       120       131       132
         2       111       131       132       140
         2       111       132       140       141
         2       112       120       121       131
         2       111       112       120       131
         2       111       112       131       140
         2       112       121       130       131
         2       112       130       131       139
         2       112       131       139       140
         2       113       121       122       130
         2       112       113       121       130
         2       112       113       130       139
         2       113       122       129       130
         2       113       129       130       138
         2       113       130       138       139
         2       105       114       122       129
         2       105       113       122       129
         2       105       113       129       138
         2       105       114       128       129
         2       105       128       129       137
         2       105       129       137       138
         2        42        43       115       123
         2        42       114       115       123
         2       114       115       123       128
         2        43       115       123       124
         2       115       123       124       136
         2       115       123       128       136
         2        43        44       116       124
         2        43       115       116       124
         2       115       116       124       136
         2        44       116       124       125
         2       116       124       125       135
         2       116       124       135       136
         2        44        45       117       125
         2        44       116       117       125
         2       116       117       125       135
         2        45       117       125       126
         2       117       125       126       134
         2       117       125       134       135
         2        45        46       118       126
         2        45       117       118       126
         2       117       118       126       134
         2        46       118       126       127
         2       118       126       127       133
         2       118       126       133       134
         2        46        47       119       127
         2        46       118       119       127
         2       118       119       127       133
         2        47       119       127       127
         2       119       127       127       132
         2       119       127       132       133
         2        47        48       120       127
         2        47       119       120       127
         2       119       120       127       132
         2        48       120       126       127
         2       120       126       127       131
         2       120       127       131       132
         2        48        49       121       126
         2        48       120       121       126
         2       120       121       126       131
         2        49       121       125       126
         2       121       125       126       130
         2       121       126       130       131
         2        49        50       122       125
         2        49       121       122       125
         2       121       122       125       130
         2        50       122       124       125
         2       122       124       125       129
         2       122       125       129       130
         2        42        50       114       124
         2        50       114       122       124
         2       114       122       124       129
         2        42       114       123       124
         2       114       123       124       128
         2       114       124       128       129
