  F mtn_ref                                                     
   20.0000   20.0000   20.0000
   90.0000   90.0000   90.0000
   1 H     0.10533172514970D+02  0.10162343772455D+02  0.10943657485030D+02
   2 H     0.10206812514970D+02  0.10830783772455D+02  0.93158874850299D+01
   3 H     0.10337252514970D+02  0.90609737724551D+01  0.95467474850299D+01
   4 H     0.89227325149701D+01  0.99458537724551D+01  0.10193737485030D+02
   5 C     0.10000002514970D+02  0.10000003772455D+02  0.99999974850299D+01

  F mtn_a                                                       
   11.9375    8.3499    8.3447
  990.0000   90.0000   90.0000
   1 H     0.10836616244204D+02 -0.26812752751159D+01  0.23929720762879D+00
   2 H     0.36009362442040D+01 -0.40554452751159D+01  0.13728972076288D+01
   3 H     0.36009362442040D+01 -0.82304132751159D+01  0.44116570427692D+01
   4 H     0.10836616244204D+02 -0.68562252751159D+01  0.55452572076288D+01
   5 H     0.36009362442040D+01 -0.68562252751159D+01  0.55452572076288D+01
   6 H     0.10836616244204D+02 -0.82304132751159D+01  0.44116570427692D+01
   7 H     0.10836616244204D+02 -0.40554452751159D+01  0.13728972076288D+01
   8 H     0.36009362442040D+01 -0.26812752751159D+01  0.23929720762879D+00
   9 H     0.48678562442040D+01 -0.68562252751159D+01  0.23929720762879D+00
  10 H     0.95696962442040D+01 -0.82304132751159D+01  0.13728970427692D+01
  11 H     0.95696962442040D+01 -0.40554452751159D+01  0.44116572076288D+01
  12 H     0.48678562442040D+01 -0.26812752751159D+01  0.55452572076288D+01
  13 H     0.95696962442040D+01 -0.26812752751159D+01  0.55452572076288D+01
  14 H     0.48678562442040D+01 -0.40554452751159D+01  0.44116572076288D+01
  15 H     0.48678562442040D+01 -0.82304132751159D+01  0.13728970427692D+01
  16 H     0.95696962442040D+01 -0.68562252751159D+01  0.23929720762879D+00
  17 H     0.95643462442040D+01 -0.27932752751159D+01  0.14904772076288D+01
  18 H     0.48732062442040D+01 -0.39434452751159D+01  0.12171720762879D+00
  19 H     0.48732062442040D+01 -0.81184032751159D+01  0.56628370427692D+01
  20 H     0.95643462442040D+01 -0.69682352751159D+01  0.42940772076288D+01
  21 H     0.48732062442040D+01 -0.69682352751159D+01  0.42940772076288D+01
  22 H     0.95643462442040D+01 -0.81184032751159D+01  0.56628370427692D+01
  23 H     0.95643462442040D+01 -0.39434452751159D+01  0.12171720762879D+00
  24 H     0.48732062442040D+01 -0.27932752751159D+01  0.14904772076288D+01
  25 H     0.35955862442040D+01 -0.69682352751159D+01  0.14904772076288D+01
  26 H     0.10841966244204D+02 -0.81184032751159D+01  0.12171704276917D+00
  27 H     0.10841966244204D+02 -0.39434452751159D+01  0.56628372076288D+01
  28 H     0.35955862442040D+01 -0.27932752751159D+01  0.42940772076288D+01
  29 H     0.10841966244204D+02 -0.27932752751159D+01  0.42940772076288D+01
  30 H     0.35955862442040D+01 -0.39434452751159D+01  0.56628372076288D+01
  31 H     0.35955862442040D+01 -0.81184032751159D+01  0.12171704276917D+00
  32 H     0.10841966244204D+02 -0.69682352751159D+01  0.14904772076288D+01
  33 H     0.21917662442040D+01 -0.93150527511592D+00  0.24047172076288D+01
  34 H     0.12245786244204D+02 -0.58052152751159D+01  0.75521972076288D+01
  35 H     0.12245786244204D+02 -0.16302552751159D+01  0.65770772076288D+01
  36 H     0.21917662442040D+01 -0.51064652751159D+01  0.33798372076288D+01
  37 H     0.12245786244204D+02 -0.51064652751159D+01  0.33798372076288D+01
  38 H     0.21917662442040D+01 -0.16302552751159D+01  0.65770772076288D+01
  39 H     0.21917662442040D+01 -0.58052152751159D+01  0.75521972076288D+01
  40 H     0.12245786244204D+02 -0.93150527511592D+00  0.24047172076288D+01
  41 H     0.81605262442040D+01 -0.51064652751159D+01  0.24047172076288D+01
  42 H     0.62770262442040D+01 -0.16302552751159D+01  0.75521972076288D+01
  43 H     0.62770262442040D+01 -0.58052152751159D+01  0.65770772076288D+01
  44 H     0.81605262442040D+01 -0.93150527511592D+00  0.33798372076288D+01
  45 H     0.62770262442040D+01 -0.93150527511592D+00  0.33798372076288D+01
  46 H     0.81605262442040D+01 -0.58052152751159D+01  0.65770772076288D+01
  47 H     0.81605262442040D+01 -0.16302552751159D+01  0.75521972076288D+01
  48 H     0.62770262442040D+01 -0.51064652751159D+01  0.24047172076288D+01
  49 H     0.12500162442040D+01 -0.25522252751159D+01  0.25597572076288D+01
  50 H     0.12500162442040D+01 -0.41844952751159D+01  0.73971572076288D+01
  51 H     0.12500162442040D+01 -0.95452751159182D-02  0.67321172076288D+01
  52 H     0.12500162442040D+01 -0.67271752751159D+01  0.32247972076288D+01
  53 H     0.72187762442040D+01 -0.67271752751159D+01  0.25597572076288D+01
  54 H     0.72187762442040D+01 -0.95452751159192D-02  0.73971572076288D+01
  55 H     0.72187762442040D+01 -0.41844952751159D+01  0.67321172076288D+01
  56 H     0.72187762442040D+01 -0.25522252751159D+01  0.32247972076288D+01
  57 C     0.12500162442040D+01 -0.14691952751159D+01  0.24696272076288D+01
  58 C     0.12500162442040D+01 -0.52675252751159D+01  0.74872872076288D+01
  59 C     0.12500162442040D+01 -0.10925652751159D+01  0.66419872076288D+01
  60 C     0.12500162442040D+01 -0.56441552751159D+01  0.33149272076288D+01
  61 C     0.72187762442040D+01 -0.56441552751159D+01  0.24696272076288D+01
  62 C     0.72187762442040D+01 -0.10925652751159D+01  0.74872872076288D+01
  63 C     0.72187762442040D+01 -0.52675252751159D+01  0.66419872076288D+01
  64 C     0.72187762442040D+01 -0.14691952751159D+01  0.33149272076288D+01
  65 C     0.10197816244204D+02 -0.33683552751159D+01  0.80609720762879D+00
  66 C     0.42397362442040D+01 -0.33683652751159D+01  0.80609720762879D+00
  67 C     0.42397362442040D+01 -0.75433152751159D+01  0.49784572076288D+01
  68 C     0.10197816244204D+02 -0.75433152751159D+01  0.49784572076288D+01
  69 C     0.42290562442040D+01 -0.75433152751159D+01  0.80609720762879D+00
  70 C     0.10208496244204D+02 -0.75433152751159D+01  0.80609720762879D+00
  71 C     0.10208496244204D+02 -0.33683552751159D+01  0.49784572076288D+01
  72 C     0.42290562442040D+01 -0.33683652751159D+01  0.49784572076288D+01

  F mtn_b                                                       
   11.8619    8.2971    8.2919
  990.0000   90.0000   90.0000
   1 H     0.10772151143740D+02 -0.26595596027821D+01  0.23425481299972D+00
   2 H     0.35739811437403D+01 -0.40345296027821D+01  0.13677348129997D+01
   3 H     0.35739811437403D+01 -0.81830776027821D+01  0.43802046491834D+01
   4 H     0.10772151143740D+02 -0.68080896027821D+01  0.55136848129997D+01
   5 H     0.35739811437403D+01 -0.68080896027821D+01  0.55136848129997D+01
   6 H     0.10772151143740D+02 -0.81830776027821D+01  0.43802046491834D+01
   7 H     0.10772151143740D+02 -0.40345296027821D+01  0.13677348129997D+01
   8 H     0.35739811437403D+01 -0.26595596027821D+01  0.23425481299972D+00
   9 H     0.48411711437403D+01 -0.68080896027821D+01  0.23425481299972D+00
  10 H     0.95049611437403D+01 -0.81830776027821D+01  0.13677346491834D+01
  11 H     0.95049611437403D+01 -0.40345296027821D+01  0.43802048129997D+01
  12 H     0.48411711437403D+01 -0.26595596027821D+01  0.55136848129997D+01
  13 H     0.95049611437403D+01 -0.26595596027821D+01  0.55136848129997D+01
  14 H     0.48411711437403D+01 -0.40345296027821D+01  0.43802048129997D+01
  15 H     0.48411711437403D+01 -0.81830776027821D+01  0.13677346491834D+01
  16 H     0.95049611437403D+01 -0.68080896027821D+01  0.23425481299972D+00
  17 H     0.94990111437403D+01 -0.27716596027821D+01  0.14859048129997D+01
  18 H     0.48471211437403D+01 -0.39224296027821D+01  0.11608481299972D+00
  19 H     0.48471211437403D+01 -0.80709776027821D+01  0.56318546491834D+01
  20 H     0.94990111437403D+01 -0.69201896027821D+01  0.42620348129997D+01
  21 H     0.48471211437403D+01 -0.69201896027821D+01  0.42620348129997D+01
  22 H     0.94990111437403D+01 -0.80709776027821D+01  0.56318546491834D+01
  23 H     0.94990111437403D+01 -0.39224296027821D+01  0.11608481299972D+00
  24 H     0.48471211437403D+01 -0.27716596027821D+01  0.14859048129997D+01
  25 H     0.35680211437403D+01 -0.69201896027821D+01  0.14859048129997D+01
  26 H     0.10778111143740D+02 -0.80709776027821D+01  0.11608464918337D+00
  27 H     0.10778111143740D+02 -0.39224296027821D+01  0.56318548129997D+01
  28 H     0.35680211437403D+01 -0.27716596027821D+01  0.42620348129997D+01
  29 H     0.10778111143740D+02 -0.27716596027821D+01  0.42620348129997D+01
  30 H     0.35680211437403D+01 -0.39224296027821D+01  0.56318548129997D+01
  31 H     0.35680211437403D+01 -0.80709776027821D+01  0.11608464918337D+00
  32 H     0.10778111143740D+02 -0.69201896027821D+01  0.14859048129997D+01
  33 H     0.21833511437403D+01 -0.92154960278207D+00  0.23887348129997D+01
  34 H     0.12162781143740D+02 -0.57725396027821D+01  0.75051548129997D+01
  35 H     0.12162781143740D+02 -0.16239996027821D+01  0.65346848129997D+01
  36 H     0.21833511437403D+01 -0.50700896027821D+01  0.33592048129997D+01
  37 H     0.12162781143740D+02 -0.50700896027821D+01  0.33592048129997D+01
  38 H     0.21833511437403D+01 -0.16239996027821D+01  0.65346848129997D+01
  39 H     0.21833511437403D+01 -0.57725396027821D+01  0.75051548129997D+01
  40 H     0.12162781143740D+02 -0.92154960278207D+00  0.23887348129997D+01
  41 H     0.81143411437403D+01 -0.50700896027821D+01  0.23887348129997D+01
  42 H     0.62317911437403D+01 -0.16239996027821D+01  0.75051548129997D+01
  43 H     0.62317911437403D+01 -0.57725396027821D+01  0.65346848129997D+01
  44 H     0.81143411437403D+01 -0.92154960278207D+00  0.33592048129997D+01
  45 H     0.62317911437403D+01 -0.92154960278207D+00  0.33592048129997D+01
  46 H     0.81143411437403D+01 -0.57725396027821D+01  0.65346848129997D+01
  47 H     0.81143411437403D+01 -0.16239996027821D+01  0.75051548129997D+01
  48 H     0.62317911437403D+01 -0.50700896027821D+01  0.23887348129997D+01
  49 H     0.12420811437403D+01 -0.25416196027821D+01  0.25436448129997D+01
  50 H     0.12420811437403D+01 -0.41524696027821D+01  0.73502448129997D+01
  51 H     0.12420811437403D+01 -0.39396027820685D-02  0.66895948129997D+01
  52 H     0.12420811437403D+01 -0.66901496027821D+01  0.32042948129997D+01
  53 H     0.71730611437403D+01 -0.66901496027821D+01  0.25436448129997D+01
  54 H     0.71730611437403D+01 -0.39396027820681D-02  0.73502448129997D+01
  55 H     0.71730611437403D+01 -0.41524696027821D+01  0.66895948129997D+01
  56 H     0.71730611437403D+01 -0.25416196027821D+01  0.32042948129997D+01
  57 C     0.12420811437403D+01 -0.14590096027821D+01  0.24524948129997D+01
  58 C     0.12420811437403D+01 -0.52350796027821D+01  0.74413948129997D+01
  59 C     0.12420811437403D+01 -0.10865496027821D+01  0.65984448129997D+01
  60 C     0.12420811437403D+01 -0.56075396027821D+01  0.32954448129997D+01
  61 C     0.71730611437403D+01 -0.56075396027821D+01  0.24524948129997D+01
  62 C     0.71730611437403D+01 -0.10865496027821D+01  0.74413948129997D+01
  63 C     0.71730611437403D+01 -0.52350796027821D+01  0.65984448129997D+01
  64 C     0.71730611437403D+01 -0.14590096027821D+01  0.32954448129997D+01
  65 C     0.10133531143740D+02 -0.33470396027821D+01  0.80099481299972D+00
  66 C     0.42126011437403D+01 -0.33470496027821D+01  0.80099481299972D+00
  67 C     0.42126011437403D+01 -0.74955796027821D+01  0.49469448129997D+01
  68 C     0.10133531143740D+02 -0.74955796027821D+01  0.49469448129997D+01
  69 C     0.42025411437403D+01 -0.74955796027821D+01  0.80099481299972D+00
  70 C     0.10143591143740D+02 -0.74955796027821D+01  0.80099481299972D+00
  71 C     0.10143591143740D+02 -0.33470396027821D+01  0.49469448129997D+01
  72 C     0.42025411437403D+01 -0.33470496027821D+01  0.49469448129997D+01

  F mtn_c                                                       
   11.7854    8.2435    8.2384
  990.0000   90.0000   90.0000
   1 H     0.10706781329212D+02 -0.26380605842349D+01  0.22944673059448D+00
   2 H     0.35468213292117D+01 -0.40128405842349D+01  0.13622067305945D+01
   3 H     0.35468213292117D+01 -0.81346185842349D+01  0.43486465678350D+01
   4 H     0.10706781329212D+02 -0.67598305842349D+01  0.54814067305945D+01
   5 H     0.35468213292117D+01 -0.67598305842349D+01  0.54814067305945D+01
   6 H     0.10706781329212D+02 -0.81346185842349D+01  0.43486465678350D+01
   7 H     0.10706781329212D+02 -0.40128405842349D+01  0.13622067305945D+01
   8 H     0.35468213292117D+01 -0.26380605842349D+01  0.22944673059448D+00
   9 H     0.48140613292117D+01 -0.67598305842349D+01  0.22944673059448D+00
  10 H     0.94395413292117D+01 -0.81346185842349D+01  0.13622065678350D+01
  11 H     0.94395413292117D+01 -0.40128405842349D+01  0.43486467305945D+01
  12 H     0.48140613292117D+01 -0.26380605842349D+01  0.54814067305945D+01
  13 H     0.94395413292117D+01 -0.26380605842349D+01  0.54814067305945D+01
  14 H     0.48140613292117D+01 -0.40128405842349D+01  0.43486467305945D+01
  15 H     0.48140613292117D+01 -0.81346185842349D+01  0.13622065678350D+01
  16 H     0.94395413292117D+01 -0.67598305842349D+01  0.22944673059448D+00
  17 H     0.94336013292117D+01 -0.27500805842349D+01  0.14805367305945D+01
  18 H     0.48200013292117D+01 -0.39008205842349D+01  0.11111673059448D+00
  19 H     0.48200013292117D+01 -0.80225985842349D+01  0.55997365678350D+01
  20 H     0.94336013292117D+01 -0.68718505842349D+01  0.42303167305945D+01
  21 H     0.48200013292117D+01 -0.68718505842349D+01  0.42303167305945D+01
  22 H     0.94336013292117D+01 -0.80225985842349D+01  0.55997365678350D+01
  23 H     0.94336013292117D+01 -0.39008205842349D+01  0.11111673059448D+00
  24 H     0.48200013292117D+01 -0.27500805842349D+01  0.14805367305945D+01
  25 H     0.35408813292117D+01 -0.68718505842349D+01  0.14805367305945D+01
  26 H     0.10712721329212D+02 -0.80225985842349D+01  0.11111656783501D+00
  27 H     0.10712721329212D+02 -0.39008205842349D+01  0.55997367305945D+01
  28 H     0.35408813292117D+01 -0.27500805842349D+01  0.42303167305945D+01
  29 H     0.10712721329212D+02 -0.27500805842349D+01  0.42303167305945D+01
  30 H     0.35408813292117D+01 -0.39008205842349D+01  0.55997367305945D+01
  31 H     0.35408813292117D+01 -0.80225985842349D+01  0.11111656783502D+00
  32 H     0.10712721329212D+02 -0.68718505842349D+01  0.14805367305945D+01
  33 H     0.21752313292117D+01 -0.91217058423493D+00  0.23726967305945D+01
  34 H     0.12078371329212D+02 -0.57387305842349D+01  0.74573567305945D+01
  35 H     0.12078371329212D+02 -0.16169605842349D+01  0.64918967305945D+01
  36 H     0.21752313292117D+01 -0.50339405842349D+01  0.33381567305945D+01
  37 H     0.12078371329212D+02 -0.50339405842349D+01  0.33381567305945D+01
  38 H     0.21752313292117D+01 -0.16169605842349D+01  0.64918967305945D+01
  39 H     0.21752313292117D+01 -0.57387305842349D+01  0.74573567305945D+01
  40 H     0.12078371329212D+02 -0.91217058423493D+00  0.23726967305945D+01
  41 H     0.80679513292117D+01 -0.50339405842349D+01  0.23726967305945D+01
  42 H     0.61856513292117D+01 -0.16169605842349D+01  0.74573567305945D+01
  43 H     0.61856513292117D+01 -0.57387305842349D+01  0.64918967305945D+01
  44 H     0.80679513292117D+01 -0.91217058423493D+00  0.33381567305945D+01
  45 H     0.61856513292117D+01 -0.91217058423493D+00  0.33381567305945D+01
  46 H     0.80679513292117D+01 -0.57387305842349D+01  0.64918967305945D+01
  47 H     0.80679513292117D+01 -0.16169605842349D+01  0.74573567305945D+01
  48 H     0.61856513292117D+01 -0.50339405842349D+01  0.23726967305945D+01
  49 H     0.12340813292117D+01 -0.25319305842349D+01  0.25275867305945D+01
  50 H     0.12340813292117D+01 -0.41189705842349D+01  0.73024667305945D+01
  51 H     0.12340813292117D+01 -0.82407485842349D+01  0.66467865678350D+01
  52 H     0.12340813292117D+01 -0.66537005842349D+01  0.31832667305945D+01
  53 H     0.71268013292117D+01 -0.66537005842349D+01  0.25275867305945D+01
  54 H     0.71268013292117D+01 -0.82407485842349D+01  0.73024665678350D+01
  55 H     0.71268013292117D+01 -0.41189705842349D+01  0.66467867305945D+01
  56 H     0.71268013292117D+01 -0.25319305842349D+01  0.31832667305945D+01
  57 C     0.12340813292117D+01 -0.14494705842349D+01  0.24368467305945D+01
  58 C     0.12340813292117D+01 -0.52014305842349D+01  0.73932067305945D+01
  59 C     0.12340813292117D+01 -0.10796605842349D+01  0.65560467305945D+01
  60 C     0.12340813292117D+01 -0.55712405842349D+01  0.32740067305945D+01
  61 C     0.71268013292117D+01 -0.55712405842349D+01  0.24368467305945D+01
  62 C     0.71268013292117D+01 -0.10796605842349D+01  0.73932067305945D+01
  63 C     0.71268013292117D+01 -0.52014305842349D+01  0.65560467305945D+01
  64 C     0.71268013292117D+01 -0.14494705842349D+01  0.32740067305945D+01
  65 C     0.10068061329212D+02 -0.33254505842349D+01  0.79582673059448D+00
  66 C     0.41855413292117D+01 -0.33254505842349D+01  0.79582673059448D+00
  67 C     0.41855413292117D+01 -0.74472205842349D+01  0.49150267305945D+01
  68 C     0.10068061329212D+02 -0.74472205842349D+01  0.49150267305945D+01
  69 C     0.41753413292117D+01 -0.74472205842349D+01  0.79582673059448D+00
  70 C     0.10078261329212D+02 -0.74472205842349D+01  0.79582673059448D+00
  71 C     0.10078261329212D+02 -0.33254505842349D+01  0.49150267305945D+01
  72 C     0.41753413292117D+01 -0.33254505842349D+01  0.49150267305945D+01

  F mtn_z01                                                     
   11.7079    8.1893    8.1842
  990.0000   90.0000   90.0000
   1 H     0.10640971800618D+02 -0.26162501514683D+01  0.22458102841964D+00
   2 H     0.35188918006182D+01 -0.39908901514683D+01  0.13566010284196D+01
   3 H     0.35188918006182D+01 -0.80855481514683D+01  0.43166808667311D+01
   4 H     0.10640971800618D+02 -0.67109001514683D+01  0.54487010284196D+01
   5 H     0.35188918006182D+01 -0.67109001514683D+01  0.54487010284196D+01
   6 H     0.10640971800618D+02 -0.80855481514683D+01  0.43166808667311D+01
   7 H     0.10640971800618D+02 -0.39908901514683D+01  0.13566010284196D+01
   8 H     0.35188918006182D+01 -0.26162501514683D+01  0.22458102841964D+00
   9 H     0.47870218006182D+01 -0.67109001514683D+01  0.22458102841964D+00
  10 H     0.93728418006182D+01 -0.80855481514683D+01  0.13566008667311D+01
  11 H     0.93728418006182D+01 -0.39908901514683D+01  0.43166810284196D+01
  12 H     0.47870218006182D+01 -0.26162501514683D+01  0.54487010284196D+01
  13 H     0.93728418006182D+01 -0.26162501514683D+01  0.54487010284196D+01
  14 H     0.47870218006182D+01 -0.39908901514683D+01  0.43166810284196D+01
  15 H     0.47870218006182D+01 -0.80855481514683D+01  0.13566008667311D+01
  16 H     0.93728418006182D+01 -0.67109001514683D+01  0.22458102841964D+00
  17 H     0.93674118006182D+01 -0.27279901514683D+01  0.14748710284196D+01
  18 H     0.47924518006182D+01 -0.38791501514683D+01  0.10631102841964D+00
  19 H     0.47924518006182D+01 -0.79738081514683D+01  0.55669708667311D+01
  20 H     0.93674118006182D+01 -0.68226401514683D+01  0.41984110284196D+01
  21 H     0.47924518006182D+01 -0.68226401514683D+01  0.41984110284196D+01
  22 H     0.93674118006182D+01 -0.79738081514683D+01  0.55669708667311D+01
  23 H     0.93674118006182D+01 -0.38791501514683D+01  0.10631102841964D+00
  24 H     0.47924518006182D+01 -0.27279901514683D+01  0.14748710284196D+01
  25 H     0.35134618006182D+01 -0.68226401514683D+01  0.14748710284196D+01
  26 H     0.10646401800618D+02 -0.79738081514683D+01  0.10631086673108D+00
  27 H     0.10646401800618D+02 -0.38791501514683D+01  0.55669710284196D+01
  28 H     0.35134618006182D+01 -0.27279901514683D+01  0.41984110284196D+01
  29 H     0.10646401800618D+02 -0.27279901514683D+01  0.41984110284196D+01
  30 H     0.35134618006182D+01 -0.38791501514683D+01  0.55669710284196D+01
  31 H     0.35134618006182D+01 -0.79738081514683D+01  0.10631086673108D+00
  32 H     0.10646401800618D+02 -0.68226401514683D+01  0.14748710284196D+01
  33 H     0.21679418006182D+01 -0.90282015146831D+00  0.23568010284196D+01
  34 H     0.11991921800618D+02 -0.57043201514683D+01  0.74085810284196D+01
  35 H     0.11991921800618D+02 -0.16096701514683D+01  0.64489010284196D+01
  36 H     0.21679418006182D+01 -0.49974701514683D+01  0.33164810284196D+01
  37 H     0.11991921800618D+02 -0.49974701514683D+01  0.33164810284196D+01
  38 H     0.21679418006182D+01 -0.16096701514683D+01  0.64489010284196D+01
  39 H     0.21679418006182D+01 -0.57043201514683D+01  0.74085810284196D+01
  40 H     0.11991921800618D+02 -0.90282015146831D+00  0.23568010284196D+01
  41 H     0.80218918006182D+01 -0.49974701514683D+01  0.23568010284196D+01
  42 H     0.61379718006182D+01 -0.16096701514683D+01  0.74085810284196D+01
  43 H     0.61379718006182D+01 -0.57043201514683D+01  0.64489010284196D+01
  44 H     0.80218918006182D+01 -0.90282015146831D+00  0.33164810284196D+01
  45 H     0.61379718006182D+01 -0.90282015146831D+00  0.33164810284196D+01
  46 H     0.80218918006182D+01 -0.57043201514683D+01  0.64489010284196D+01
  47 H     0.80218918006182D+01 -0.16096701514683D+01  0.74085810284196D+01
  48 H     0.61379718006182D+01 -0.49974701514683D+01  0.23568010284196D+01
  49 H     0.12259818006182D+01 -0.25233201514683D+01  0.25118210284196D+01
  50 H     0.12259818006182D+01 -0.40838201514683D+01  0.72535610284196D+01
  51 H     0.12259818006182D+01 -0.81784781514683D+01  0.66039208667311D+01
  52 H     0.12259818006182D+01 -0.66179701514683D+01  0.31614610284196D+01
  53 H     0.70799318006182D+01 -0.66179701514683D+01  0.25118210284196D+01
  54 H     0.70799318006182D+01 -0.81784781514683D+01  0.72535608667311D+01
  55 H     0.70799318006182D+01 -0.40838201514683D+01  0.66039210284196D+01
  56 H     0.70799318006182D+01 -0.25233201514683D+01  0.31614610284196D+01
  57 C     0.12259818006182D+01 -0.14405601514683D+01  0.24214410284196D+01
  58 C     0.12259818006182D+01 -0.51665801514683D+01  0.73439410284196D+01
  59 C     0.12259818006182D+01 -0.10719301514683D+01  0.65135410284196D+01
  60 C     0.12259818006182D+01 -0.55352101514683D+01  0.32518410284196D+01
  61 C     0.70799318006182D+01 -0.55352101514683D+01  0.24214410284196D+01
  62 C     0.70799318006182D+01 -0.10719301514683D+01  0.73439410284196D+01
  63 C     0.70799318006182D+01 -0.51665801514683D+01  0.65135410284196D+01
  64 C     0.70799318006182D+01 -0.14405601514683D+01  0.32518410284196D+01
  65 C     0.10001301800618D+02 -0.33035701514683D+01  0.79059102841964D+00
  66 C     0.41585618006182D+01 -0.33035701514683D+01  0.79059102841964D+00
  67 C     0.41585618006182D+01 -0.73982201514683D+01  0.48826910284196D+01
  68 C     0.10001301800618D+02 -0.73982201514683D+01  0.48826910284196D+01
  69 C     0.41473518006182D+01 -0.73982201514683D+01  0.79059102841964D+00
  70 C     0.10012511800618D+02 -0.73982201514683D+01  0.79059102841964D+00
  71 C     0.10012511800618D+02 -0.33035701514683D+01  0.48826910284196D+01
  72 C     0.41473518006182D+01 -0.33035701514683D+01  0.48826910284196D+01

  F mtn_z02                                                     
   11.6293    8.1343    8.1293
  990.0000   90.0000   90.0000
   1 H     0.10574183369397D+02 -0.25938692704791D+01  0.21949480848467D+00
   2 H     0.34906233693972D+01 -0.39689292704791D+01  0.13510748084847D+01
   3 H     0.34906233693972D+01 -0.80361072704791D+01  0.42841346478812D+01
   4 H     0.10574183369397D+02 -0.66610392704791D+01  0.54157048084847D+01
   5 H     0.34906233693972D+01 -0.66610392704791D+01  0.54157048084847D+01
   6 H     0.10574183369397D+02 -0.80361072704791D+01  0.42841346478812D+01
   7 H     0.10574183369397D+02 -0.39689292704791D+01  0.13510748084847D+01
   8 H     0.34906233693972D+01 -0.25938692704791D+01  0.21949480848467D+00
   9 H     0.47595233693972D+01 -0.66610392704791D+01  0.21949480848467D+00
  10 H     0.93052833693972D+01 -0.80361072704791D+01  0.13510746478812D+01
  11 H     0.93052833693972D+01 -0.39689292704791D+01  0.42841348084847D+01
  12 H     0.47595233693972D+01 -0.25938692704791D+01  0.54157048084847D+01
  13 H     0.93052833693972D+01 -0.25938692704791D+01  0.54157048084847D+01
  14 H     0.47595233693972D+01 -0.39689292704791D+01  0.42841348084847D+01
  15 H     0.47595233693972D+01 -0.80361072704791D+01  0.13510746478812D+01
  16 H     0.93052833693972D+01 -0.66610392704791D+01  0.21949480848467D+00
  17 H     0.92998433693972D+01 -0.27055092704791D+01  0.14696348084847D+01
  18 H     0.47649633693972D+01 -0.38572892704791D+01  0.10093480848467D+00
  19 H     0.47649633693972D+01 -0.79244672704791D+01  0.55342746478812D+01
  20 H     0.92998433693972D+01 -0.67726792704791D+01  0.41655648084847D+01
  21 H     0.47649633693972D+01 -0.67726792704791D+01  0.41655648084847D+01
  22 H     0.92998433693972D+01 -0.79244672704791D+01  0.55342746478812D+01
  23 H     0.92998433693972D+01 -0.38572892704791D+01  0.10093480848467D+00
  24 H     0.47649633693972D+01 -0.27055092704791D+01  0.14696348084847D+01
  25 H     0.34851833693972D+01 -0.67726792704791D+01  0.14696348084847D+01
  26 H     0.10579623369397D+02 -0.79244672704791D+01  0.10093464788123D+00
  27 H     0.10579623369397D+02 -0.38572892704791D+01  0.55342748084847D+01
  28 H     0.34851833693972D+01 -0.27055092704791D+01  0.41655648084847D+01
  29 H     0.10579623369397D+02 -0.27055092704791D+01  0.41655648084847D+01
  30 H     0.34851833693972D+01 -0.38572892704791D+01  0.55342748084847D+01
  31 H     0.34851833693972D+01 -0.79244672704791D+01  0.10093464788123D+00
  32 H     0.10579623369397D+02 -0.67726792704791D+01  0.14696348084847D+01
  33 H     0.21591333693972D+01 -0.89338927047913D+00  0.23406148084847D+01
  34 H     0.11905673369397D+02 -0.56694092704791D+01  0.73592248084847D+01
  35 H     0.11905673369397D+02 -0.16022392704791D+01  0.64052548084847D+01
  36 H     0.21591333693972D+01 -0.49605592704791D+01  0.32945848084847D+01
  37 H     0.11905673369397D+02 -0.49605592704791D+01  0.32945848084847D+01
  38 H     0.21591333693972D+01 -0.16022392704791D+01  0.64052548084847D+01
  39 H     0.21591333693972D+01 -0.56694092704791D+01  0.73592248084847D+01
  40 H     0.11905673369397D+02 -0.89338927047913D+00  0.23406148084847D+01
  41 H     0.79737933693972D+01 -0.49605592704791D+01  0.23406148084847D+01
  42 H     0.60910133693972D+01 -0.16022392704791D+01  0.73592248084847D+01
  43 H     0.60910133693972D+01 -0.56694092704791D+01  0.64052548084847D+01
  44 H     0.79737933693972D+01 -0.89338927047913D+00  0.32945848084847D+01
  45 H     0.60910133693972D+01 -0.89338927047913D+00  0.32945848084847D+01
  46 H     0.79737933693972D+01 -0.56694092704791D+01  0.64052548084847D+01
  47 H     0.79737933693972D+01 -0.16022392704791D+01  0.73592248084847D+01
  48 H     0.60910133693972D+01 -0.49605592704791D+01  0.23406148084847D+01
  49 H     0.12177433693972D+01 -0.25129292704791D+01  0.24955548084847D+01
  50 H     0.12177433693972D+01 -0.40498692704791D+01  0.72042848084847D+01
  51 H     0.12177433693972D+01 -0.81170472704791D+01  0.65601846478812D+01
  52 H     0.12177433693972D+01 -0.65800992704791D+01  0.31396548084847D+01
  53 H     0.70324033693972D+01 -0.65800992704791D+01  0.24955548084847D+01
  54 H     0.70324033693972D+01 -0.81170472704791D+01  0.72042846478812D+01
  55 H     0.70324033693972D+01 -0.40498692704791D+01  0.65601848084847D+01
  56 H     0.70324033693972D+01 -0.25129292704791D+01  0.31396548084847D+01
  57 C     0.12177433693972D+01 -0.14305592704791D+01  0.24043448084847D+01
  58 C     0.12177433693972D+01 -0.51322392704791D+01  0.72954948084847D+01
  59 C     0.12177433693972D+01 -0.10650692704791D+01  0.64689748084847D+01
  60 C     0.12177433693972D+01 -0.54977292704791D+01  0.32308648084847D+01
  61 C     0.70324033693972D+01 -0.54977292704791D+01  0.24043448084847D+01
  62 C     0.70324033693972D+01 -0.10650692704791D+01  0.72954948084847D+01
  63 C     0.70324033693972D+01 -0.51322392704791D+01  0.64689748084847D+01
  64 C     0.70324033693972D+01 -0.14305592704791D+01  0.32308648084847D+01
  65 C     0.99340233693972D+01 -0.32813992704791D+01  0.78528480848467D+00
  66 C     0.41307833693972D+01 -0.32813992704791D+01  0.78528480848467D+00
  67 C     0.41307833693972D+01 -0.73485692704791D+01  0.48499148084847D+01
  68 C     0.99340233693972D+01 -0.73485692704791D+01  0.48499248084847D+01
  69 C     0.41193633693972D+01 -0.73485692704791D+01  0.78528480848467D+00
  70 C     0.99454433693972D+01 -0.73485692704791D+01  0.78528480848467D+00
  71 C     0.99454433693972D+01 -0.32813992704791D+01  0.48499248084847D+01
  72 C     0.41193633693972D+01 -0.32813992704791D+01  0.48499148084847D+01

  F mtn_z03                                                     
   11.5496    8.0786    8.0736
  990.0000   90.0000   90.0000
   1 H     0.10505456846986D+02 -0.25718718052550D+01  0.21430613879654D+00
   2 H     0.34629668469861D+01 -0.39459718052550D+01  0.13455061387965D+01
   3 H     0.34629668469861D+01 -0.79852898052550D+01  0.42511059792932D+01
   4 H     0.10505456846986D+02 -0.66111818052550D+01  0.53822961387965D+01
   5 H     0.34629668469861D+01 -0.66111818052550D+01  0.53822961387965D+01
   6 H     0.10505456846986D+02 -0.79852898052550D+01  0.42511059792932D+01
   7 H     0.10505456846986D+02 -0.39459718052550D+01  0.13455061387965D+01
   8 H     0.34629668469861D+01 -0.25718718052550D+01  0.21430613879654D+00
   9 H     0.47306168469861D+01 -0.66111818052550D+01  0.21430613879654D+00
  10 H     0.92378068469861D+01 -0.79852898052550D+01  0.13455059792932D+01
  11 H     0.92378068469861D+01 -0.39459718052550D+01  0.42511061387965D+01
  12 H     0.47306168469861D+01 -0.25718718052550D+01  0.53822961387965D+01
  13 H     0.92378068469861D+01 -0.25718718052550D+01  0.53822961387965D+01
  14 H     0.47306168469861D+01 -0.39459718052550D+01  0.42511061387965D+01
  15 H     0.47306168469861D+01 -0.79852898052550D+01  0.13455059792932D+01
  16 H     0.92378068469861D+01 -0.66111818052550D+01  0.21430613879654D+00
  17 H     0.92319968469861D+01 -0.26833918052550D+01  0.14640661387965D+01
  18 H     0.47364268469861D+01 -0.38344518052550D+01  0.95746138796541D-01
  19 H     0.47364268469861D+01 -0.78737698052550D+01  0.55008559792932D+01
  20 H     0.92319968469861D+01 -0.67227018052550D+01  0.41325461387965D+01
  21 H     0.47364268469861D+01 -0.67227018052550D+01  0.41325461387965D+01
  22 H     0.92319968469861D+01 -0.78737698052550D+01  0.55008559792932D+01
  23 H     0.92319968469861D+01 -0.38344518052550D+01  0.95746138796540D-01
  24 H     0.47364268469861D+01 -0.26833918052550D+01  0.14640661387965D+01
  25 H     0.34571668469861D+01 -0.67227018052550D+01  0.14640661387965D+01
  26 H     0.10511256846986D+02 -0.78737698052550D+01  0.95745979293236D-01
  27 H     0.10511256846986D+02 -0.38344518052550D+01  0.55008561387965D+01
  28 H     0.34571668469861D+01 -0.26833918052550D+01  0.41325461387965D+01
  29 H     0.10511256846986D+02 -0.26833918052550D+01  0.41325461387965D+01
  30 H     0.34571668469861D+01 -0.38344518052550D+01  0.55008561387965D+01
  31 H     0.34571668469861D+01 -0.78737698052550D+01  0.95745979293236D-01
  32 H     0.10511256846986D+02 -0.67227018052550D+01  0.14640661387965D+01
  33 H     0.21509968469861D+01 -0.88298180525502D+00  0.23231561387965D+01
  34 H     0.11817426846986D+02 -0.56348618052550D+01  0.73102461387965D+01
  35 H     0.11817426846986D+02 -0.15955518052550D+01  0.63599561387965D+01
  36 H     0.21509968469861D+01 -0.49222918052550D+01  0.32734461387965D+01
  37 H     0.11817426846986D+02 -0.49222918052550D+01  0.32734461387965D+01
  38 H     0.21509968469861D+01 -0.15955518052550D+01  0.63599561387965D+01
  39 H     0.21509968469861D+01 -0.56348618052550D+01  0.73102461387965D+01
  40 H     0.11817426846986D+02 -0.88298180525502D+00  0.23231561387965D+01
  41 H     0.79258368469861D+01 -0.49222918052550D+01  0.23231561387965D+01
  42 H     0.60425868469861D+01 -0.15955518052550D+01  0.73102461387965D+01
  43 H     0.60425868469861D+01 -0.56348618052550D+01  0.63599561387965D+01
  44 H     0.79258368469861D+01 -0.88298180525502D+00  0.32734461387965D+01
  45 H     0.60425868469861D+01 -0.88298180525502D+00  0.32734461387965D+01
  46 H     0.79258368469861D+01 -0.56348618052550D+01  0.63599561387965D+01
  47 H     0.79258368469861D+01 -0.15955518052550D+01  0.73102461387965D+01
  48 H     0.60425868469861D+01 -0.49222918052550D+01  0.23231561387965D+01
  49 H     0.12093768469861D+01 -0.25035718052550D+01  0.24781961387965D+01
  50 H     0.12093768469861D+01 -0.40142718052550D+01  0.71552061387965D+01
  51 H     0.12093768469861D+01 -0.80535898052550D+01  0.65149859792932D+01
  52 H     0.12093768469861D+01 -0.65428818052550D+01  0.31184161387965D+01
  53 H     0.69842168469861D+01 -0.65428818052550D+01  0.24781961387965D+01
  54 H     0.69842168469861D+01 -0.80535898052550D+01  0.71552059792932D+01
  55 H     0.69842168469861D+01 -0.40142718052550D+01  0.65149861387965D+01
  56 H     0.69842168469861D+01 -0.25035718052550D+01  0.31184161387965D+01
  57 C     0.12093768469861D+01 -0.14202718052550D+01  0.23891961387965D+01
  58 C     0.12093768469861D+01 -0.50975718052550D+01  0.72442061387965D+01
  59 C     0.12093768469861D+01 -0.10582618052550D+01  0.64259961387965D+01
  60 C     0.12093768469861D+01 -0.54595818052550D+01  0.32074061387965D+01
  61 C     0.69842168469861D+01 -0.54595818052550D+01  0.23891961387965D+01
  62 C     0.69842168469861D+01 -0.10582618052550D+01  0.72442061387965D+01
  63 C     0.69842168469861D+01 -0.50975718052550D+01  0.64259961387965D+01
  64 C     0.69842168469861D+01 -0.14202718052550D+01  0.32074061387965D+01
  65 C     0.98663268469861D+01 -0.32589218052550D+01  0.77990613879654D+00
  66 C     0.41020968469861D+01 -0.32589218052550D+01  0.77990613879654D+00
  67 C     0.41020968469861D+01 -0.72982318052550D+01  0.48166961387965D+01
  68 C     0.98663268469861D+01 -0.72982318052550D+01  0.48167061387965D+01
  69 C     0.40914968469861D+01 -0.72982318052550D+01  0.77990613879654D+00
  70 C     0.98769268469861D+01 -0.72982318052550D+01  0.77990613879654D+00
  71 C     0.98769268469861D+01 -0.32589218052550D+01  0.48167061387965D+01
  72 C     0.40914968469861D+01 -0.32589218052550D+01  0.48166961387965D+01

  F mtn_z04                                                     
   11.4689    8.0221    8.0171
  990.0000   90.0000   90.0000
   1 H     0.10436695139104D+02 -0.25489596877898D+01  0.20899212136493D+00
   2 H     0.34341151391036D+01 -0.39232996877898D+01  0.13399121213649D+01
   3 H     0.34341151391036D+01 -0.79343676877898D+01  0.42175519629772D+01
   4 H     0.10436695139104D+02 -0.65600196877898D+01  0.53484821213649D+01
   5 H     0.34341151391036D+01 -0.65600196877898D+01  0.53484821213649D+01
   6 H     0.10436695139104D+02 -0.79343676877898D+01  0.42175519629772D+01
   7 H     0.10436695139104D+02 -0.39232996877898D+01  0.13399121213649D+01
   8 H     0.34341151391036D+01 -0.25489596877898D+01  0.20899212136493D+00
   9 H     0.47022451391036D+01 -0.65600196877898D+01  0.20899212136493D+00
  10 H     0.91685651391036D+01 -0.79343676877898D+01  0.13399119629772D+01
  11 H     0.91685651391036D+01 -0.39232996877898D+01  0.42175521213649D+01
  12 H     0.47022451391036D+01 -0.25489596877898D+01  0.53484821213649D+01
  13 H     0.91685651391036D+01 -0.25489596877898D+01  0.53484821213649D+01
  14 H     0.47022451391036D+01 -0.39232996877898D+01  0.42175521213649D+01
  15 H     0.47022451391036D+01 -0.79343676877898D+01  0.13399119629772D+01
  16 H     0.91685651391036D+01 -0.65600196877898D+01  0.20899212136493D+00
  17 H     0.91627451391036D+01 -0.26603596877898D+01  0.14586721213649D+01
  18 H     0.47080651391036D+01 -0.38118996877898D+01  0.90232121364930D-01
  19 H     0.47080651391036D+01 -0.78229676877898D+01  0.54672419629772D+01
  20 H     0.91627451391036D+01 -0.66714196877898D+01  0.40987921213649D+01
  21 H     0.47080651391036D+01 -0.66714196877898D+01  0.40987921213649D+01
  22 H     0.91627451391036D+01 -0.78229676877898D+01  0.54672419629772D+01
  23 H     0.91627451391036D+01 -0.38118996877898D+01  0.90232121364931D-01
  24 H     0.47080651391036D+01 -0.26603596877898D+01  0.14586721213649D+01
  25 H     0.34282951391036D+01 -0.66714196877898D+01  0.14586721213649D+01
  26 H     0.10442515139104D+02 -0.78229676877898D+01  0.90231962977153D-01
  27 H     0.10442515139104D+02 -0.38118996877898D+01  0.54672421213649D+01
  28 H     0.34282951391036D+01 -0.26603596877898D+01  0.40987921213649D+01
  29 H     0.10442515139104D+02 -0.26603596877898D+01  0.40987921213649D+01
  30 H     0.34282951391036D+01 -0.38118996877898D+01  0.54672421213649D+01
  31 H     0.34282951391036D+01 -0.78229676877898D+01  0.90231962977153D-01
  32 H     0.10442515139104D+02 -0.66714196877898D+01  0.14586721213649D+01
  33 H     0.21424951391036D+01 -0.87312968778980D+00  0.23061121213649D+01
  34 H     0.11728315139104D+02 -0.55991296877898D+01  0.72599221213649D+01
  35 H     0.11728315139104D+02 -0.15880696877898D+01  0.63146721213649D+01
  36 H     0.21424951391036D+01 -0.48841896877898D+01  0.32513621213649D+01
  37 H     0.11728315139104D+02 -0.48841896877898D+01  0.32513621213649D+01
  38 H     0.21424951391036D+01 -0.15880696877898D+01  0.63146721213649D+01
  39 H     0.21424951391036D+01 -0.55991296877898D+01  0.72599221213649D+01
  40 H     0.11728315139104D+02 -0.87312968778980D+00  0.23061121213649D+01
  41 H     0.78769451391036D+01 -0.48841896877898D+01  0.23061121213649D+01
  42 H     0.59938651391036D+01 -0.15880696877898D+01  0.72599221213649D+01
  43 H     0.59938651391036D+01 -0.55991296877898D+01  0.63146721213649D+01
  44 H     0.78769451391036D+01 -0.87312968778980D+00  0.32513621213649D+01
  45 H     0.59938651391036D+01 -0.87312968778980D+00  0.32513621213649D+01
  46 H     0.78769451391036D+01 -0.55991296877898D+01  0.63146721213649D+01
  47 H     0.78769451391036D+01 -0.15880696877898D+01  0.72599221213649D+01
  48 H     0.59938651391036D+01 -0.48841896877898D+01  0.23061121213649D+01
  49 H     0.12009551391036D+01 -0.24935596877898D+01  0.24611621213649D+01
  50 H     0.12009551391036D+01 -0.39786996877898D+01  0.71048721213649D+01
  51 H     0.12009551391036D+01 -0.79897676877898D+01  0.64697219629772D+01
  52 H     0.12009551391036D+01 -0.65046196877898D+01  0.30963121213649D+01
  53 H     0.69354051391036D+01 -0.65046196877898D+01  0.24611621213649D+01
  54 H     0.69354051391036D+01 -0.79897676877898D+01  0.71048719629772D+01
  55 H     0.69354051391036D+01 -0.39786996877898D+01  0.64697221213649D+01
  56 H     0.69354051391036D+01 -0.24935596877898D+01  0.30963121213649D+01
  57 C     0.12009551391036D+01 -0.14102396877898D+01  0.23729121213649D+01
  58 C     0.12009551391036D+01 -0.50620196877898D+01  0.71931221213649D+01
  59 C     0.12009551391036D+01 -0.10509596877898D+01  0.63814721213649D+01
  60 C     0.12009551391036D+01 -0.54212996877898D+01  0.31845621213649D+01
  61 C     0.69354051391036D+01 -0.54212996877898D+01  0.23729121213649D+01
  62 C     0.69354051391036D+01 -0.10509596877898D+01  0.71931221213649D+01
  63 C     0.69354051391036D+01 -0.50620196877898D+01  0.63814721213649D+01
  64 C     0.69354051391036D+01 -0.14102396877898D+01  0.31845621213649D+01
  65 C     0.97973451391036D+01 -0.32361296877898D+01  0.77445212136493D+00
  66 C     0.40734651391036D+01 -0.32361296877898D+01  0.77445212136493D+00
  67 C     0.40734651391036D+01 -0.72471896877898D+01  0.47830121213649D+01
  68 C     0.97973451391036D+01 -0.72471896877898D+01  0.47830221213649D+01
  69 C     0.40628951391036D+01 -0.72471896877898D+01  0.77445212136493D+00
  70 C     0.98079151391036D+01 -0.72471896877898D+01  0.77445212136493D+00
  71 C     0.98079151391036D+01 -0.32361296877898D+01  0.47830221213649D+01
  72 C     0.40628951391036D+01 -0.32361296877898D+01  0.47830121213649D+01

  F mtn_z05                                                     
   11.3869    7.9648    7.9599
  990.0000   90.0000   90.0000
   1 H     0.10365891962906D+02 -0.25262643500773D+01  0.20424985819952D+00
   2 H     0.34057619629057D+01 -0.38997643500773D+01  0.13335898581995D+01
   3 H     0.34057619629057D+01 -0.78821813500773D+01  0.41841797009431D+01
   4 H     0.10365891962906D+02 -0.65086743500773D+01  0.53135198581995D+01
   5 H     0.34057619629057D+01 -0.65086743500773D+01  0.53135198581995D+01
   6 H     0.10365891962906D+02 -0.78821813500773D+01  0.41841797009431D+01
   7 H     0.10365891962906D+02 -0.38997643500773D+01  0.13335898581995D+01
   8 H     0.34057619629057D+01 -0.25262643500773D+01  0.20424985819952D+00
   9 H     0.46724019629057D+01 -0.65086743500773D+01  0.20424985819952D+00
  10 H     0.90992519629057D+01 -0.78821813500773D+01  0.13335897009431D+01
  11 H     0.90992519629057D+01 -0.38997643500773D+01  0.41841798581995D+01
  12 H     0.46724019629057D+01 -0.25262643500773D+01  0.53135198581995D+01
  13 H     0.90992519629057D+01 -0.25262643500773D+01  0.53135198581995D+01
  14 H     0.46724019629057D+01 -0.38997643500773D+01  0.41841798581995D+01
  15 H     0.46724019629057D+01 -0.78821813500773D+01  0.13335897009431D+01
  16 H     0.90992519629057D+01 -0.65086743500773D+01  0.20424985819952D+00
  17 H     0.90930819629057D+01 -0.26380643500773D+01  0.14524698581995D+01
  18 H     0.46785719629057D+01 -0.37879643500773D+01  0.85369858199515D-01
  19 H     0.46785719629057D+01 -0.77703813500773D+01  0.54323997009431D+01
  20 H     0.90930819629057D+01 -0.66204743500773D+01  0.40652998581995D+01
  21 H     0.46785719629057D+01 -0.66204743500773D+01  0.40652998581995D+01
  22 H     0.90930819629057D+01 -0.77703813500773D+01  0.54323997009431D+01
  23 H     0.90930819629057D+01 -0.37879643500773D+01  0.85369858199515D-01
  24 H     0.46785719629057D+01 -0.26380643500773D+01  0.14524698581995D+01
  25 H     0.33995919629057D+01 -0.66204743500773D+01  0.14524698581995D+01
  26 H     0.10372061962906D+02 -0.77703813500773D+01  0.85369700943083D-01
  27 H     0.10372061962906D+02 -0.37879643500773D+01  0.54323998581995D+01
  28 H     0.33995919629057D+01 -0.26380643500773D+01  0.40652998581995D+01
  29 H     0.10372061962906D+02 -0.26380643500773D+01  0.40652998581995D+01
  30 H     0.33995919629057D+01 -0.37879643500773D+01  0.54323998581995D+01
  31 H     0.33995919629057D+01 -0.77703813500773D+01  0.85369700943083D-01
  32 H     0.10372061962906D+02 -0.66204743500773D+01  0.14524698581995D+01
  33 H     0.21336019629057D+01 -0.86207435007728D+00  0.22881798581995D+01
  34 H     0.11638051962906D+02 -0.55639643500773D+01  0.72095198581995D+01
  35 H     0.11638051962906D+02 -0.15815443500773D+01  0.62681098581995D+01
  36 H     0.21336019629057D+01 -0.48444743500773D+01  0.32295898581995D+01
  37 H     0.11638051962906D+02 -0.48444743500773D+01  0.32295898581995D+01
  38 H     0.21336019629057D+01 -0.15815443500773D+01  0.62681098581995D+01
  39 H     0.21336019629057D+01 -0.55639643500773D+01  0.72095198581995D+01
  40 H     0.11638051962906D+02 -0.86207435007728D+00  0.22881798581995D+01
  41 H     0.78270819629057D+01 -0.48444743500773D+01  0.22881798581995D+01
  42 H     0.59445719629057D+01 -0.15815443500773D+01  0.72095198581995D+01
  43 H     0.59445719629057D+01 -0.55639643500773D+01  0.62681098581995D+01
  44 H     0.78270819629057D+01 -0.86207435007728D+00  0.32295898581995D+01
  45 H     0.59445719629057D+01 -0.86207435007728D+00  0.32295898581995D+01
  46 H     0.78270819629057D+01 -0.55639643500773D+01  0.62681098581995D+01
  47 H     0.78270819629057D+01 -0.15815443500773D+01  0.72095198581995D+01
  48 H     0.59445719629057D+01 -0.48444743500773D+01  0.22881798581995D+01
  49 H     0.11923419629057D+01 -0.24822343500773D+01  0.24430898581995D+01
  50 H     0.11923419629057D+01 -0.39437943500773D+01  0.70546098581995D+01
  51 H     0.11923419629057D+01 -0.79262113500773D+01  0.64230197009431D+01
  52 H     0.11923419629057D+01 -0.64646443500773D+01  0.30746798581995D+01
  53 H     0.68858219629057D+01 -0.64646443500773D+01  0.24430898581995D+01
  54 H     0.68858219629057D+01 -0.79262113500773D+01  0.70546097009431D+01
  55 H     0.68858219629057D+01 -0.39437943500773D+01  0.64230198581995D+01
  56 H     0.68858219629057D+01 -0.24822343500773D+01  0.30746798581995D+01
  57 C     0.11923419629057D+01 -0.13992643500773D+01  0.23545898581995D+01
  58 C     0.11923419629057D+01 -0.50267643500773D+01  0.71431098581995D+01
  59 C     0.11923419629057D+01 -0.10443543500773D+01  0.63345198581995D+01
  60 C     0.11923419629057D+01 -0.53816743500773D+01  0.31631798581995D+01
  61 C     0.68858219629057D+01 -0.53816743500773D+01  0.23545898581995D+01
  62 C     0.68858219629057D+01 -0.10443543500773D+01  0.71431098581995D+01
  63 C     0.68858219629057D+01 -0.50267643500773D+01  0.63345198581995D+01
  64 C     0.68858219629057D+01 -0.13992643500773D+01  0.31631798581995D+01
  65 C     0.97266719629057D+01 -0.32130143500773D+01  0.76891985819952D+00
  66 C     0.40449819629057D+01 -0.32130143500773D+01  0.76891985819952D+00
  67 C     0.40449819629057D+01 -0.71954243500773D+01  0.47488498581995D+01
  68 C     0.97266719629057D+01 -0.71954243500773D+01  0.47488498581995D+01
  69 C     0.40331819629057D+01 -0.71954243500773D+01  0.76891985819952D+00
  70 C     0.97384719629057D+01 -0.71954243500773D+01  0.76891985819952D+00
  71 C     0.97384719629057D+01 -0.32130143500773D+01  0.47488498581995D+01
  72 C     0.40331819629057D+01 -0.32130143500773D+01  0.47488498581995D+01

  F mtn_z06                                                     
   11.3038    7.9067    7.9018
  990.0000   90.0000   90.0000
   1 H     0.10291316035549D+02 -0.25008106561051D+01  0.20122741730724D+00
   2 H     0.33798260355487D+01 -0.38783106561051D+01  0.13253874173072D+01
   3 H     0.33798260355487D+01 -0.78316576561051D+01  0.41521072611987D+01
   4 H     0.10291316035549D+02 -0.64541506561051D+01  0.52762674173072D+01
   5 H     0.33798260355487D+01 -0.64541506561051D+01  0.52762674173072D+01
   6 H     0.10291316035549D+02 -0.78316576561051D+01  0.41521072611987D+01
   7 H     0.10291316035549D+02 -0.38783106561051D+01  0.13253874173072D+01
   8 H     0.33798260355487D+01 -0.25008106561051D+01  0.20122741730724D+00
   9 H     0.46393960355487D+01 -0.64541506561051D+01  0.20122741730724D+00
  10 H     0.90317460355487D+01 -0.78316576561051D+01  0.13253872611987D+01
  11 H     0.90317460355487D+01 -0.38783106561051D+01  0.41521074173072D+01
  12 H     0.46393960355487D+01 -0.25008106561051D+01  0.52762674173072D+01
  13 H     0.90317460355487D+01 -0.25008106561051D+01  0.52762674173072D+01
  14 H     0.46393960355487D+01 -0.38783106561051D+01  0.41521074173072D+01
  15 H     0.46393960355487D+01 -0.78316576561051D+01  0.13253872611987D+01
  16 H     0.90317460355487D+01 -0.64541506561051D+01  0.20122741730724D+00
  17 H     0.90185260355487D+01 -0.26168406561051D+01  0.14492674173072D+01
  18 H     0.46526160355487D+01 -0.37622806561051D+01  0.77347417307239D-01
  19 H     0.46526160355487D+01 -0.77156276561051D+01  0.54001472611987D+01
  20 H     0.90185260355487D+01 -0.65701806561051D+01  0.40282274173072D+01
  21 H     0.46526160355487D+01 -0.65701806561051D+01  0.40282274173072D+01
  22 H     0.90185260355487D+01 -0.77156276561051D+01  0.54001472611987D+01
  23 H     0.90185260355487D+01 -0.37622806561051D+01  0.77347417307239D-01
  24 H     0.46526160355487D+01 -0.26168406561051D+01  0.14492674173072D+01
  25 H     0.33665960355487D+01 -0.65701806561051D+01  0.14492674173072D+01
  26 H     0.10304546035549D+02 -0.77156276561051D+01  0.77347261198714D-01
  27 H     0.10304546035549D+02 -0.37622806561051D+01  0.54001474173072D+01
  28 H     0.33665960355487D+01 -0.26168406561051D+01  0.40282274173072D+01
  29 H     0.10304546035549D+02 -0.26168406561051D+01  0.40282274173072D+01
  30 H     0.33665960355487D+01 -0.37622806561051D+01  0.54001474173072D+01
  31 H     0.33665960355487D+01 -0.77156276561051D+01  0.77347261198714D-01
  32 H     0.10304546035549D+02 -0.65701806561051D+01  0.14492674173072D+01
  33 H     0.21245660355487D+01 -0.83926065610510D+00  0.22581974173072D+01
  34 H     0.11546576035549D+02 -0.55398606561051D+01  0.71701774173072D+01
  35 H     0.11546576035549D+02 -0.15865206561051D+01  0.62090774173072D+01
  36 H     0.21245660355487D+01 -0.47926006561051D+01  0.32192974173072D+01
  37 H     0.11546576035549D+02 -0.47926006561051D+01  0.32192974173072D+01
  38 H     0.21245660355487D+01 -0.15865206561051D+01  0.62090774173072D+01
  39 H     0.21245660355487D+01 -0.55398606561051D+01  0.71701774173072D+01
  40 H     0.11546576035549D+02 -0.83926065610510D+00  0.22581974173072D+01
  41 H     0.77764960355487D+01 -0.47926006561051D+01  0.22581974173072D+01
  42 H     0.58946460355487D+01 -0.15865206561051D+01  0.71701774173072D+01
  43 H     0.58946460355487D+01 -0.55398606561051D+01  0.62090774173072D+01
  44 H     0.77764960355487D+01 -0.83926065610510D+00  0.32192974173072D+01
  45 H     0.58946460355487D+01 -0.83926065610510D+00  0.32192974173072D+01
  46 H     0.77764960355487D+01 -0.55398606561051D+01  0.62090774173072D+01
  47 H     0.77764960355487D+01 -0.15865206561051D+01  0.71701774173072D+01
  48 H     0.58946460355487D+01 -0.47926006561051D+01  0.22581974173072D+01
  49 H     0.11836460355487D+01 -0.24590306561051D+01  0.24105874173072D+01
  50 H     0.11836460355487D+01 -0.39200906561051D+01  0.70177874173072D+01
  51 H     0.11836460355487D+01 -0.78734376561051D+01  0.63614672611987D+01
  52 H     0.11836460355487D+01 -0.64123706561051D+01  0.30669074173072D+01
  53 H     0.68355760355487D+01 -0.64123706561051D+01  0.24105874173072D+01
  54 H     0.68355760355487D+01 -0.78734376561051D+01  0.70177872611987D+01
  55 H     0.68355760355487D+01 -0.39200906561051D+01  0.63614674173072D+01
  56 H     0.68355760355487D+01 -0.24590306561051D+01  0.30669074173072D+01
  57 C     0.11836460355487D+01 -0.13771806561051D+01  0.23263574173072D+01
  58 C     0.11836460355487D+01 -0.50019406561051D+01  0.71020174173072D+01
  59 C     0.11836460355487D+01 -0.10486006561051D+01  0.62772374173072D+01
  60 C     0.11836460355487D+01 -0.53305206561051D+01  0.31511374173072D+01
  61 C     0.68355760355487D+01 -0.53305206561051D+01  0.23263574173072D+01
  62 C     0.68355760355487D+01 -0.10486006561051D+01  0.71020174173072D+01
  63 C     0.68355760355487D+01 -0.50019406561051D+01  0.62772374173072D+01
  64 C     0.68355760355487D+01 -0.13771806561051D+01  0.31511374173072D+01
  65 C     0.96527060355487D+01 -0.31895606561051D+01  0.76330741730724D+00
  66 C     0.40184360355487D+01 -0.31895606561051D+01  0.76330741730724D+00
  67 C     0.40184360355487D+01 -0.71429006561051D+01  0.47141874173072D+01
  68 C     0.96527060355487D+01 -0.71429006561051D+01  0.47141874173072D+01
  69 C     0.40007760355487D+01 -0.71429006561051D+01  0.76330741730724D+00
  70 C     0.96703660355487D+01 -0.71429006561051D+01  0.76330741730724D+00
  71 C     0.96703660355487D+01 -0.31895606561051D+01  0.47141874173072D+01
  72 C     0.40007760355487D+01 -0.31895606561051D+01  0.47141874173072D+01

  F mtn_z07                                                     
   11.0468    7.7269    7.7221
  990.0000   90.0000   90.0000
   1 H     0.10071481615147D+02 -0.24276654165379D+01  0.18668280339117D+00
   2 H     0.32888416151468D+01 -0.38064254165379D+01  0.13052228033912D+01
   3 H     0.32888416151468D+01 -0.76698924165379D+01  0.40477326508318D+01
   4 H     0.10071481615147D+02 -0.62911254165379D+01  0.51662828033912D+01
   5 H     0.32888416151468D+01 -0.62911254165379D+01  0.51662828033912D+01
   6 H     0.10071481615147D+02 -0.76698924165379D+01  0.40477326508318D+01
   7 H     0.10071481615147D+02 -0.38064254165379D+01  0.13052228033912D+01
   8 H     0.32888416151468D+01 -0.24276654165379D+01  0.18668280339117D+00
   9 H     0.45480516151468D+01 -0.62911254165379D+01  0.18668280339117D+00
  10 H     0.88122716151468D+01 -0.76698924165379D+01  0.13052226508318D+01
  11 H     0.88122716151468D+01 -0.38064254165379D+01  0.40477328033912D+01
  12 H     0.45480516151468D+01 -0.24276654165379D+01  0.51662828033912D+01
  13 H     0.88122716151468D+01 -0.24276654165379D+01  0.51662828033912D+01
  14 H     0.45480516151468D+01 -0.38064254165379D+01  0.40477328033912D+01
  15 H     0.45480516151468D+01 -0.76698924165379D+01  0.13052226508318D+01
  16 H     0.88122716151468D+01 -0.62911254165379D+01  0.18668280339117D+00
  17 H     0.87977116151468D+01 -0.25443854165379D+01  0.14320328033912D+01
  18 H     0.45626116151468D+01 -0.36897054165379D+01  0.59872803391172D-01
  19 H     0.45626116151468D+01 -0.75531724165379D+01  0.52930826508318D+01
  20 H     0.87977116151468D+01 -0.64078454165379D+01  0.39209328033912D+01
  21 H     0.45626116151468D+01 -0.64078454165379D+01  0.39209328033912D+01
  22 H     0.87977116151468D+01 -0.75531724165379D+01  0.52930826508318D+01
  23 H     0.87977116151468D+01 -0.36897054165379D+01  0.59872803391173D-01
  24 H     0.45626116151468D+01 -0.25443854165379D+01  0.14320328033912D+01
  25 H     0.32742816151468D+01 -0.64078454165379D+01  0.14320328033912D+01
  26 H     0.10086041615147D+02 -0.75531724165379D+01  0.59872650831804D-01
  27 H     0.10086041615147D+02 -0.36897054165379D+01  0.52930828033912D+01
  28 H     0.32742816151468D+01 -0.25443854165379D+01  0.39209328033912D+01
  29 H     0.10086041615147D+02 -0.25443854165379D+01  0.39209328033912D+01
  30 H     0.32742816151468D+01 -0.36897054165379D+01  0.52930828033912D+01
  31 H     0.32742816151468D+01 -0.75531724165379D+01  0.59872650831804D-01
  32 H     0.10086041615147D+02 -0.64078454165379D+01  0.14320328033912D+01
  33 H     0.20978216151468D+01 -0.80741541653787D+00  0.22009828033912D+01
  34 H     0.11262501615147D+02 -0.54266754165379D+01  0.70130328033912D+01
  35 H     0.11262501615147D+02 -0.15632154165379D+01  0.60620428033912D+01
  36 H     0.20978216151468D+01 -0.46708754165379D+01  0.31519728033912D+01
  37 H     0.11262501615147D+02 -0.46708754165379D+01  0.31519728033912D+01
  38 H     0.20978216151468D+01 -0.15632154165379D+01  0.60620428033912D+01
  39 H     0.20978216151468D+01 -0.54266754165379D+01  0.70130328033912D+01
  40 H     0.11262501615147D+02 -0.80741541653787D+00  0.22009828033912D+01
  41 H     0.76212516151468D+01 -0.46708754165379D+01  0.22009828033912D+01
  42 H     0.57390716151468D+01 -0.15632154165379D+01  0.70130328033912D+01
  43 H     0.57390716151468D+01 -0.54266754165379D+01  0.60620428033912D+01
  44 H     0.76212516151468D+01 -0.80741541653787D+00  0.31519728033912D+01
  45 H     0.57390716151468D+01 -0.80741541653787D+00  0.31519728033912D+01
  46 H     0.76212516151468D+01 -0.54266754165379D+01  0.60620428033912D+01
  47 H     0.76212516151468D+01 -0.15632154165379D+01  0.70130328033912D+01
  48 H     0.57390716151468D+01 -0.46708754165379D+01  0.22009828033912D+01
  49 H     0.11567316151468D+01 -0.24249654165379D+01  0.23520228033912D+01
  50 H     0.11567316151468D+01 -0.38091254165379D+01  0.68619928033912D+01
  51 H     0.11567316151468D+01 -0.76725924165379D+01  0.62130726508318D+01
  52 H     0.11567316151468D+01 -0.62884254165379D+01  0.30009428033912D+01
  53 H     0.66801616151468D+01 -0.62884254165379D+01  0.23520228033912D+01
  54 H     0.66801616151468D+01 -0.76725924165379D+01  0.68619926508318D+01
  55 H     0.66801616151468D+01 -0.38091254165379D+01  0.62130728033912D+01
  56 H     0.66801616151468D+01 -0.24249654165379D+01  0.30009428033912D+01
  57 C     0.11567316151468D+01 -0.13436554165379D+01  0.22650628033912D+01
  58 C     0.11567316151468D+01 -0.48904354165379D+01  0.69489528033912D+01
  59 C     0.11567316151468D+01 -0.10269754165379D+01  0.61261128033912D+01
  60 C     0.11567316151468D+01 -0.52071154165379D+01  0.30879028033912D+01
  61 C     0.66801616151468D+01 -0.52071154165379D+01  0.22650628033912D+01
  62 C     0.66801616151468D+01 -0.10269754165379D+01  0.69489528033912D+01
  63 C     0.66801616151468D+01 -0.48904354165379D+01  0.61261128033912D+01
  64 C     0.66801616151468D+01 -0.13436554165379D+01  0.30879028033912D+01
  65 C     0.94301416151468D+01 -0.31170454165379D+01  0.74595280339117D+00
  66 C     0.39301816151468D+01 -0.31170454165379D+01  0.74595280339117D+00
  67 C     0.39301816151468D+01 -0.69805054165379D+01  0.46070028033912D+01
  68 C     0.94301416151468D+01 -0.69805054165379D+01  0.46070128033912D+01
  69 C     0.39067116151468D+01 -0.69805054165379D+01  0.74595280339117D+00
  70 C     0.94536116151468D+01 -0.69805054165379D+01  0.74595280339117D+00
  71 C     0.94536116151468D+01 -0.31170454165379D+01  0.46070128033912D+01
  72 C     0.39067116151468D+01 -0.31170454165379D+01  0.46070128033912D+01

