   1    0.122641
   2    0.122648
   3    0.122647
   4    0.122645
   5   -0.490580
   1    0.029558
   2    0.029558
   3    0.029558
   4    0.029558
   5    0.029558
   6    0.029558
   7    0.029558
   8    0.029558
   9    0.029558
  10    0.029558
  11    0.029558
  12    0.029558
  13    0.029558
  14    0.029558
  15    0.029558
  16    0.029558
  17    0.029558
  18    0.029558
  19    0.029558
  20    0.029558
  21    0.029558
  22    0.029558
  23    0.029558
  24    0.029558
  25    0.029558
  26    0.029558
  27    0.029558
  28    0.029558
  29    0.029558
  30    0.029558
  31    0.029558
  32    0.029558
  33    0.029558
  34    0.029558
  35    0.029558
  36    0.029558
  37    0.029558
  38    0.029558
  39    0.029558
  40    0.029558
  41    0.029558
  42    0.029558
  43    0.029558
  44    0.029558
  45    0.029558
  46    0.029558
  47    0.029558
  48    0.029558
  49    0.029558
  50    0.029558
  51    0.029558
  52    0.029558
  53    0.029558
  54    0.029558
  55    0.029558
  56    0.029558
  57   -0.103454
  58   -0.103454
  59   -0.103454
  60   -0.103454
  61   -0.103454
  62   -0.103454
  63   -0.103454
  64   -0.103454
  65   -0.103454
  66   -0.103454
  67   -0.103454
  68   -0.103454
  69   -0.103454
  70   -0.103454
  71   -0.103454
  72   -0.103454
   1    0.029558
   2    0.029558
   3    0.029558
   4    0.029558
   5    0.029558
   6    0.029558
   7    0.029558
   8    0.029558
   9    0.029558
  10    0.029558
  11    0.029558
  12    0.029558
  13    0.029558
  14    0.029558
  15    0.029558
  16    0.029558
  17    0.029558
  18    0.029558
  19    0.029558
  20    0.029558
  21    0.029558
  22    0.029558
  23    0.029558
  24    0.029558
  25    0.029558
  26    0.029558
  27    0.029558
  28    0.029558
  29    0.029558
  30    0.029558
  31    0.029558
  32    0.029558
  33    0.029558
  34    0.029558
  35    0.029558
  36    0.029558
  37    0.029558
  38    0.029558
  39    0.029558
  40    0.029558
  41    0.029558
  42    0.029558
  43    0.029558
  44    0.029558
  45    0.029558
  46    0.029558
  47    0.029558
  48    0.029558
  49    0.029558
  50    0.029558
  51    0.029558
  52    0.029558
  53    0.029558
  54    0.029558
  55    0.029558
  56    0.029558
  57   -0.103454
  58   -0.103454
  59   -0.103454
  60   -0.103454
  61   -0.103454
  62   -0.103454
  63   -0.103454
  64   -0.103454
  65   -0.103454
  66   -0.103454
  67   -0.103454
  68   -0.103454
  69   -0.103454
  70   -0.103454
  71   -0.103454
  72   -0.103454
   1    0.029558
   2    0.029558
   3    0.029558
   4    0.029558
   5    0.029558
   6    0.029558
   7    0.029558
   8    0.029558
   9    0.029558
  10    0.029558
  11    0.029558
  12    0.029558
  13    0.029558
  14    0.029558
  15    0.029558
  16    0.029558
  17    0.029558
  18    0.029558
  19    0.029558
  20    0.029558
  21    0.029558
  22    0.029558
  23    0.029558
  24    0.029558
  25    0.029558
  26    0.029558
  27    0.029558
  28    0.029558
  29    0.029558
  30    0.029558
  31    0.029558
  32    0.029558
  33    0.029558
  34    0.029558
  35    0.029558
  36    0.029558
  37    0.029558
  38    0.029558
  39    0.029558
  40    0.029558
  41    0.029558
  42    0.029558
  43    0.029558
  44    0.029558
  45    0.029558
  46    0.029558
  47    0.029558
  48    0.029558
  49    0.029558
  50    0.029558
  51    0.029558
  52    0.029558
  53    0.029558
  54    0.029558
  55    0.029558
  56    0.029558
  57   -0.103454
  58   -0.103454
  59   -0.103454
  60   -0.103454
  61   -0.103454
  62   -0.103454
  63   -0.103454
  64   -0.103454
  65   -0.103454
  66   -0.103454
  67   -0.103454
  68   -0.103454
  69   -0.103454
  70   -0.103454
  71   -0.103454
  72   -0.103454
   1    0.029558
   2    0.029558
   3    0.029558
   4    0.029558
   5    0.029558
   6    0.029558
   7    0.029558
   8    0.029558
   9    0.029558
  10    0.029558
  11    0.029558
  12    0.029558
  13    0.029558
  14    0.029558
  15    0.029558
  16    0.029558
  17    0.029558
  18    0.029558
  19    0.029558
  20    0.029558
  21    0.029558
  22    0.029558
  23    0.029558
  24    0.029558
  25    0.029558
  26    0.029558
  27    0.029558
  28    0.029558
  29    0.029558
  30    0.029558
  31    0.029558
  32    0.029558
  33    0.029558
  34    0.029558
  35    0.029558
  36    0.029558
  37    0.029558
  38    0.029558
  39    0.029558
  40    0.029558
  41    0.029558
  42    0.029558
  43    0.029558
  44    0.029558
  45    0.029558
  46    0.029558
  47    0.029558
  48    0.029558
  49    0.029558
  50    0.029558
  51    0.029558
  52    0.029558
  53    0.029558
  54    0.029558
  55    0.029558
  56    0.029558
  57   -0.103454
  58   -0.103454
  59   -0.103454
  60   -0.103454
  61   -0.103454
  62   -0.103454
  63   -0.103454
  64   -0.103454
  65   -0.103454
  66   -0.103454
  67   -0.103454
  68   -0.103454
  69   -0.103454
  70   -0.103454
  71   -0.103454
  72   -0.103454
   1    0.029558
   2    0.029558
   3    0.029558
   4    0.029558
   5    0.029558
   6    0.029558
   7    0.029558
   8    0.029558
   9    0.029558
  10    0.029558
  11    0.029558
  12    0.029558
  13    0.029558
  14    0.029558
  15    0.029558
  16    0.029558
  17    0.029558
  18    0.029558
  19    0.029558
  20    0.029558
  21    0.029558
  22    0.029558
  23    0.029558
  24    0.029558
  25    0.029558
  26    0.029558
  27    0.029558
  28    0.029558
  29    0.029558
  30    0.029558
  31    0.029558
  32    0.029558
  33    0.029558
  34    0.029558
  35    0.029558
  36    0.029558
  37    0.029558
  38    0.029558
  39    0.029558
  40    0.029558
  41    0.029558
  42    0.029558
  43    0.029558
  44    0.029558
  45    0.029558
  46    0.029558
  47    0.029558
  48    0.029558
  49    0.029558
  50    0.029558
  51    0.029558
  52    0.029558
  53    0.029558
  54    0.029558
  55    0.029558
  56    0.029558
  57   -0.103454
  58   -0.103454
  59   -0.103454
  60   -0.103454
  61   -0.103454
  62   -0.103454
  63   -0.103454
  64   -0.103454
  65   -0.103454
  66   -0.103454
  67   -0.103454
  68   -0.103454
  69   -0.103454
  70   -0.103454
  71   -0.103454
  72   -0.103454
   1    0.029558
   2    0.029558
   3    0.029558
   4    0.029558
   5    0.029558
   6    0.029558
   7    0.029558
   8    0.029558
   9    0.029558
  10    0.029558
  11    0.029558
  12    0.029558
  13    0.029558
  14    0.029558
  15    0.029558
  16    0.029558
  17    0.029558
  18    0.029558
  19    0.029558
  20    0.029558
  21    0.029558
  22    0.029558
  23    0.029558
  24    0.029558
  25    0.029558
  26    0.029558
  27    0.029558
  28    0.029558
  29    0.029558
  30    0.029558
  31    0.029558
  32    0.029558
  33    0.029558
  34    0.029558
  35    0.029558
  36    0.029558
  37    0.029558
  38    0.029558
  39    0.029558
  40    0.029558
  41    0.029558
  42    0.029558
  43    0.029558
  44    0.029558
  45    0.029558
  46    0.029558
  47    0.029558
  48    0.029558
  49    0.029558
  50    0.029558
  51    0.029558
  52    0.029558
  53    0.029558
  54    0.029558
  55    0.029558
  56    0.029558
  57   -0.103454
  58   -0.103454
  59   -0.103454
  60   -0.103454
  61   -0.103454
  62   -0.103454
  63   -0.103454
  64   -0.103454
  65   -0.103454
  66   -0.103454
  67   -0.103454
  68   -0.103454
  69   -0.103454
  70   -0.103454
  71   -0.103454
  72   -0.103454
   1    0.029558
   2    0.029558
   3    0.029558
   4    0.029558
   5    0.029558
   6    0.029558
   7    0.029558
   8    0.029558
   9    0.029558
  10    0.029558
  11    0.029558
  12    0.029558
  13    0.029558
  14    0.029558
  15    0.029558
  16    0.029558
  17    0.029558
  18    0.029558
  19    0.029558
  20    0.029558
  21    0.029558
  22    0.029558
  23    0.029558
  24    0.029558
  25    0.029558
  26    0.029558
  27    0.029558
  28    0.029558
  29    0.029558
  30    0.029558
  31    0.029558
  32    0.029558
  33    0.029558
  34    0.029558
  35    0.029558
  36    0.029558
  37    0.029558
  38    0.029558
  39    0.029558
  40    0.029558
  41    0.029558
  42    0.029558
  43    0.029558
  44    0.029558
  45    0.029558
  46    0.029558
  47    0.029558
  48    0.029558
  49    0.029558
  50    0.029558
  51    0.029558
  52    0.029558
  53    0.029558
  54    0.029558
  55    0.029558
  56    0.029558
  57   -0.103454
  58   -0.103454
  59   -0.103454
  60   -0.103454
  61   -0.103454
  62   -0.103454
  63   -0.103454
  64   -0.103454
  65   -0.103454
  66   -0.103454
  67   -0.103454
  68   -0.103454
  69   -0.103454
  70   -0.103454
  71   -0.103454
  72   -0.103454
   1    0.029558
   2    0.029558
   3    0.029558
   4    0.029558
   5    0.029558
   6    0.029558
   7    0.029558
   8    0.029558
   9    0.029558
  10    0.029558
  11    0.029558
  12    0.029558
  13    0.029558
  14    0.029558
  15    0.029558
  16    0.029558
  17    0.029558
  18    0.029558
  19    0.029558
  20    0.029558
  21    0.029558
  22    0.029558
  23    0.029558
  24    0.029558
  25    0.029558
  26    0.029558
  27    0.029558
  28    0.029558
  29    0.029558
  30    0.029558
  31    0.029558
  32    0.029558
  33    0.029558
  34    0.029558
  35    0.029558
  36    0.029558
  37    0.029558
  38    0.029558
  39    0.029558
  40    0.029558
  41    0.029558
  42    0.029558
  43    0.029558
  44    0.029558
  45    0.029558
  46    0.029558
  47    0.029558
  48    0.029558
  49    0.029558
  50    0.029558
  51    0.029558
  52    0.029558
  53    0.029558
  54    0.029558
  55    0.029558
  56    0.029558
  57   -0.103454
  58   -0.103454
  59   -0.103454
  60   -0.103454
  61   -0.103454
  62   -0.103454
  63   -0.103454
  64   -0.103454
  65   -0.103454
  66   -0.103454
  67   -0.103454
  68   -0.103454
  69   -0.103454
  70   -0.103454
  71   -0.103454
  72   -0.103454
   1    0.029558
   2    0.029558
   3    0.029558
   4    0.029558
   5    0.029558
   6    0.029558
   7    0.029558
   8    0.029558
   9    0.029558
  10    0.029558
  11    0.029558
  12    0.029558
  13    0.029558
  14    0.029558
  15    0.029558
  16    0.029558
  17    0.029558
  18    0.029558
  19    0.029558
  20    0.029558
  21    0.029558
  22    0.029558
  23    0.029558
  24    0.029558
  25    0.029558
  26    0.029558
  27    0.029558
  28    0.029558
  29    0.029558
  30    0.029558
  31    0.029558
  32    0.029558
  33    0.029558
  34    0.029558
  35    0.029558
  36    0.029558
  37    0.029558
  38    0.029558
  39    0.029558
  40    0.029558
  41    0.029558
  42    0.029558
  43    0.029558
  44    0.029558
  45    0.029558
  46    0.029558
  47    0.029558
  48    0.029558
  49    0.029558
  50    0.029558
  51    0.029558
  52    0.029558
  53    0.029558
  54    0.029558
  55    0.029558
  56    0.029558
  57   -0.103454
  58   -0.103454
  59   -0.103454
  60   -0.103454
  61   -0.103454
  62   -0.103454
  63   -0.103454
  64   -0.103454
  65   -0.103454
  66   -0.103454
  67   -0.103454
  68   -0.103454
  69   -0.103454
  70   -0.103454
  71   -0.103454
  72   -0.103454
   1    0.029558
   2    0.029558
   3    0.029558
   4    0.029558
   5    0.029558
   6    0.029558
   7    0.029558
   8    0.029558
   9    0.029558
  10    0.029558
  11    0.029558
  12    0.029558
  13    0.029558
  14    0.029558
  15    0.029558
  16    0.029558
  17    0.029558
  18    0.029558
  19    0.029558
  20    0.029558
  21    0.029558
  22    0.029558
  23    0.029558
  24    0.029558
  25    0.029558
  26    0.029558
  27    0.029558
  28    0.029558
  29    0.029558
  30    0.029558
  31    0.029558
  32    0.029558
  33    0.029558
  34    0.029558
  35    0.029558
  36    0.029558
  37    0.029558
  38    0.029558
  39    0.029558
  40    0.029558
  41    0.029558
  42    0.029558
  43    0.029558
  44    0.029558
  45    0.029558
  46    0.029558
  47    0.029558
  48    0.029558
  49    0.029558
  50    0.029558
  51    0.029558
  52    0.029558
  53    0.029558
  54    0.029558
  55    0.029558
  56    0.029558
  57   -0.103454
  58   -0.103454
  59   -0.103454
  60   -0.103454
  61   -0.103454
  62   -0.103454
  63   -0.103454
  64   -0.103454
  65   -0.103454
  66   -0.103454
  67   -0.103454
  68   -0.103454
  69   -0.103454
  70   -0.103454
  71   -0.103454
  72   -0.103454
