  F mtn_ref                                                     
   10.0000   10.0000   10.0000
   90.0000   90.0000   90.0000
   1 H     0.553317251497006D+01 0.516234377245509D+01 0.594365748502994D+01
   2 H     0.520681251497006D+01 0.583078377245509D+01 0.431588748502994D+01
   3 H     0.533725251497006D+01 0.406097377245509D+01 0.454674748502994D+01
   4 H     0.392273251497006D+01 0.494585377245509D+01 0.519373748502994D+01
   5 C     0.500000251497006D+01 0.500000377245509D+01 0.499999748502994D+01

  F mtn_a                                                       
   12.0858    8.4536    8.4484
   90.0000   90.0000   90.0000
   1 H     0.221584796407186D+01 0.736870779191617D+01 0.299534565119761D+01
   2 H     0.125114979640719D+02 0.266683779191617D+01 0.703395565119761D+01
   3 H     0.125114979640719D+02 0.689366779191617D+01 0.721954565119761D+01
   4 H     0.221584796407186D+01 0.314187779191617D+01 0.280975565119761D+01
   5 H     0.125114979640719D+02 0.314187779191617D+01 0.280975565119761D+01
   6 H     0.221584796407186D+01 0.689366779191617D+01 0.721954565119761D+01
   7 H     0.221584796407186D+01 0.266683779191617D+01 0.703395565119761D+01
   8 H     0.125114979640719D+02 0.736870779191617D+01 0.299534565119761D+01
   9 H     0.825875796407185D+01 0.314187779191617D+01 0.299534565119761D+01
  10 H     0.646858796407186D+01 0.689366779191617D+01 0.703395565119761D+01
  11 H     0.646858796407186D+01 0.266683779191617D+01 0.721954565119761D+01
  12 H     0.825875796407185D+01 0.736870779191617D+01 0.280975565119761D+01
  13 H     0.646858796407186D+01 0.736870779191617D+01 0.280975565119761D+01
  14 H     0.825875796407185D+01 0.266683779191617D+01 0.721954565119761D+01
  15 H     0.825875796407185D+01 0.689366779191617D+01 0.703395565119761D+01
  16 H     0.646858796407186D+01 0.314187779191617D+01 0.299534565119761D+01
  17 H     0.110152879640719D+02 0.570472779191617D+01 0.866772565119761D+01
  18 H     0.371205796407186D+01 0.433081779191617D+01 0.136157565119761D+01
  19 H     0.371205796407186D+01 0.855764779191617D+01 0.444353565119761D+01
  20 H     0.110152879640719D+02 0.147789779191617D+01 0.558576565119761D+01
  21 H     0.371205796407186D+01 0.147789779191617D+01 0.558576565119761D+01
  22 H     0.110152879640719D+02 0.855764779191617D+01 0.444353565119761D+01
  23 H     0.110152879640719D+02 0.433081779191617D+01 0.136157565119761D+01
  24 H     0.371205796407186D+01 0.570472779191617D+01 0.866772565119761D+01
  25 H     0.497236796407186D+01 0.147789779191617D+01 0.866772565119761D+01
  26 H     0.975497796407186D+01 0.855764779191617D+01 0.136157565119761D+01
  27 H     0.975497796407186D+01 0.433081779191617D+01 0.444353565119761D+01
  28 H     0.497236796407186D+01 0.570472779191617D+01 0.558576565119761D+01
  29 H     0.975497796407186D+01 0.570472779191617D+01 0.558576565119761D+01
  30 H     0.497236796407186D+01 0.433081779191617D+01 0.444353565119761D+01
  31 H     0.497236796407186D+01 0.855764779191617D+01 0.136157565119761D+01
  32 H     0.975497796407186D+01 0.147789779191617D+01 0.866772565119761D+01
  33 H     0.974927796407186D+01 0.558999779191617D+01 0.147861565119761D+01
  34 H     0.497806796407186D+01 0.444554779191617D+01 0.855068565119760D+01
  35 H     0.497806796407186D+01 0.867236779191617D+01 0.570281565119761D+01
  36 H     0.974927796407186D+01 0.136317779191617D+01 0.432648565119761D+01
  37 H     0.497806796407186D+01 0.136317779191617D+01 0.432648565119761D+01
  38 H     0.974927796407186D+01 0.867236779191617D+01 0.570281565119761D+01
  39 H     0.974927796407186D+01 0.444554779191617D+01 0.855068565119761D+01
  40 H     0.497806796407186D+01 0.558999779191617D+01 0.147861565119761D+01
  41 H     0.370636796407186D+01 0.136317779191617D+01 0.147861565119761D+01
  42 H     0.110209779640719D+02 0.867236779191617D+01 0.855068565119760D+01
  43 H     0.110209779640719D+02 0.444554779191617D+01 0.570281565119761D+01
  44 H     0.370636796407186D+01 0.558999779191617D+01 0.432648565119761D+01
  45 H     0.110209779640719D+02 0.558999779191617D+01 0.432648565119761D+01
  46 H     0.370636796407186D+01 0.444554779191617D+01 0.570281565119761D+01
  47 H     0.370636796407186D+01 0.867236779191617D+01 0.855068565119760D+01
  48 H     0.110209779640719D+02 0.136317779191617D+01 0.147861565119761D+01
  49 H     0.132075796407186D+01 0.588858779191617D+01 0.253534565119761D+01
  50 H     0.132075796407186D+01 0.414695779191617D+01 0.749395565119761D+01
  51 H     0.132075796407186D+01 0.837377779191617D+01 0.675953565119761D+01
  52 H     0.132075796407186D+01 0.166176779191617D+01 0.326976565119761D+01
  53 H     0.736366796407186D+01 0.166176779191617D+01 0.253534565119761D+01
  54 H     0.736366796407186D+01 0.837377779191617D+01 0.749395565119761D+01
  55 H     0.736366796407186D+01 0.414695779191617D+01 0.675953565119761D+01
  56 H     0.736366796407186D+01 0.588858779191617D+01 0.326976565119761D+01
  57 H     0.132075796407186D+01 0.272297779191617D+01 0.858075565119761D+01
  58 H     0.132075796407186D+01 0.731256779191617D+01 0.144854565119761D+01
  59 H     0.132075796407186D+01 0.308573779191617D+01 0.435656565119761D+01
  60 H     0.132075796407186D+01 0.694980779191617D+01 0.567273565119761D+01
  61 H     0.736366796407186D+01 0.694980779191617D+01 0.858075565119761D+01
  62 H     0.736366796407186D+01 0.308573779191617D+01 0.144854565119761D+01
  63 H     0.736366796407186D+01 0.731256779191617D+01 0.435656565119761D+01
  64 H     0.736366796407186D+01 0.272297779191617D+01 0.567273565119760D+01
  65 C     0.132075796407186D+01 0.275677779191617D+01 0.331195565119761D+01
  66 C     0.132075796407186D+01 0.727876779191617D+01 0.671734565119761D+01
  67 C     0.132075796407186D+01 0.305194779191617D+01 0.753614565119761D+01
  68 C     0.132075796407186D+01 0.698359779191617D+01 0.249315565119761D+01
  69 C     0.736366796407186D+01 0.698359779191617D+01 0.331195565119761D+01
  70 C     0.736366796407186D+01 0.305194779191617D+01 0.671734565119761D+01
  71 C     0.736366796407186D+01 0.727876779191617D+01 0.753614565119761D+01
  72 C     0.736366796407186D+01 0.275677779191617D+01 0.249315565119761D+01
  73 C     0.103811679640719D+02 0.501777779191617D+01 0.790455651197606D+00
  74 C     0.434617796407186D+01 0.501776779191617D+01 0.790455651197606D+00
  75 C     0.434617796407186D+01 0.790947791916168D+00 0.501464565119761D+01
  76 C     0.103811679640719D+02 0.790947791916168D+00 0.501465565119760D+01
  77 C     0.433824796407186D+01 0.790947791916168D+00 0.790455651197606D+00
  78 C     0.103890979640719D+02 0.790947791916168D+00 0.790455651197606D+00
  79 C     0.103890979640719D+02 0.501777779191617D+01 0.501465565119761D+01
  80 C     0.433824796407186D+01 0.501776779191617D+01 0.501464565119761D+01

  F mtn_b                                                       
   12.0121    8.4021    8.3969
   90.0000   90.0000   90.0000
   1 H     0.220770392215569D+01 0.732608462574850D+01 0.298008529191617D+01
   2 H     0.124298439221557D+02 0.264826462574850D+01 0.698805529191617D+01
   3 H     0.124298439221557D+02 0.684931462574850D+01 0.717851529191617D+01
   4 H     0.220770392215569D+01 0.312503462574850D+01 0.278962529191617D+01
   5 H     0.124298439221557D+02 0.312503462574850D+01 0.278962529191617D+01
   6 H     0.220770392215569D+01 0.684931462574850D+01 0.717851529191617D+01
   7 H     0.220770392215569D+01 0.264826462574850D+01 0.698805529191617D+01
   8 H     0.124298439221557D+02 0.732608462574850D+01 0.298008529191617D+01
   9 H     0.821377392215569D+01 0.312503462574850D+01 0.298008529191617D+01
  10 H     0.642377392215569D+01 0.684931462574850D+01 0.698805529191617D+01
  11 H     0.642377392215569D+01 0.264826462574850D+01 0.717851529191617D+01
  12 H     0.821377392215569D+01 0.732608462574850D+01 0.278962529191617D+01
  13 H     0.642377392215569D+01 0.732608462574850D+01 0.278962529191617D+01
  14 H     0.821377392215569D+01 0.264826462574850D+01 0.717851529191617D+01
  15 H     0.821377392215569D+01 0.684931462574850D+01 0.698805529191617D+01
  16 H     0.642377392215569D+01 0.312503462574850D+01 0.298008529191617D+01
  17 H     0.109519339221557D+02 0.567406462574850D+01 0.861142529191617D+01
  18 H     0.368561392215569D+01 0.430028462574850D+01 0.135671529191617D+01
  19 H     0.368561392215569D+01 0.850133462574850D+01 0.441299529191617D+01
  20 H     0.109519339221557D+02 0.147301462574850D+01 0.555514529191617D+01
  21 H     0.368561392215569D+01 0.147301462574850D+01 0.555514529191617D+01
  22 H     0.109519339221557D+02 0.850133462574850D+01 0.441299529191617D+01
  23 H     0.109519339221557D+02 0.430028462574850D+01 0.135671529191617D+01
  24 H     0.368561392215569D+01 0.567406462574850D+01 0.861142529191617D+01
  25 H     0.494586392215569D+01 0.147301462574850D+01 0.861142529191617D+01
  26 H     0.969168392215569D+01 0.850133462574850D+01 0.135671529191617D+01
  27 H     0.969168392215569D+01 0.430028462574850D+01 0.441299529191617D+01
  28 H     0.494586392215569D+01 0.567406462574850D+01 0.555514529191617D+01
  29 H     0.969168392215569D+01 0.567406462574850D+01 0.555514529191617D+01
  30 H     0.494586392215569D+01 0.430028462574850D+01 0.441299529191617D+01
  31 H     0.494586392215569D+01 0.850133462574850D+01 0.135671529191617D+01
  32 H     0.969168392215569D+01 0.147301462574850D+01 0.861142529191617D+01
  33 H     0.968601392215569D+01 0.555937462574850D+01 0.147374529191617D+01
  34 H     0.495153392215569D+01 0.441497462574850D+01 0.849439529191617D+01
  35 H     0.495153392215569D+01 0.861602462574850D+01 0.567217529191617D+01
  36 H     0.968601392215569D+01 0.135832462574850D+01 0.429596529191617D+01
  37 H     0.495153392215569D+01 0.135832462574850D+01 0.429596529191617D+01
  38 H     0.968601392215569D+01 0.861602462574850D+01 0.567217529191617D+01
  39 H     0.968601392215569D+01 0.441497462574850D+01 0.849439529191617D+01
  40 H     0.495153392215569D+01 0.555937462574850D+01 0.147374529191617D+01
  41 H     0.367994392215569D+01 0.135832462574850D+01 0.147374529191617D+01
  42 H     0.109576039221557D+02 0.861602462574850D+01 0.849439529191617D+01
  43 H     0.109576039221557D+02 0.441497462574850D+01 0.567217529191617D+01
  44 H     0.367994392215569D+01 0.555937462574850D+01 0.429596529191617D+01
  45 H     0.109576039221557D+02 0.555937462574850D+01 0.429596529191617D+01
  46 H     0.367994392215569D+01 0.441497462574850D+01 0.567217529191617D+01
  47 H     0.367994392215569D+01 0.861602462574850D+01 0.849439529191617D+01
  48 H     0.109576039221557D+02 0.135832462574850D+01 0.147374529191617D+01
  49 H     0.131270392215569D+01 0.584608462574850D+01 0.252013529191617D+01
  50 H     0.131270392215569D+01 0.412826462574850D+01 0.744800529191617D+01
  51 H     0.131270392215569D+01 0.832931462574850D+01 0.671856529191617D+01
  52 H     0.131270392215569D+01 0.164503462574850D+01 0.324957529191617D+01
  53 H     0.731877392215569D+01 0.164503462574850D+01 0.252013529191617D+01
  54 H     0.731877392215569D+01 0.832931462574850D+01 0.744800529191617D+01
  55 H     0.731877392215569D+01 0.412826462574850D+01 0.671856529191617D+01
  56 H     0.731877392215569D+01 0.584608462574850D+01 0.324957529191617D+01
  57 H     0.131270392215569D+01 0.270440462574850D+01 0.853472529191617D+01
  58 H     0.131270392215569D+01 0.726994462574850D+01 0.143341529191617D+01
  59 H     0.131270392215569D+01 0.306889462574850D+01 0.433629529191617D+01
  60 H     0.131270392215569D+01 0.690545462574850D+01 0.563184529191617D+01
  61 H     0.731877392215569D+01 0.690545462574850D+01 0.853472529191617D+01
  62 H     0.731877392215569D+01 0.306889462574850D+01 0.143341529191617D+01
  63 H     0.731877392215569D+01 0.726994462574850D+01 0.433629529191617D+01
  64 H     0.731877392215569D+01 0.270440462574850D+01 0.563184529191617D+01
  65 C     0.131270392215569D+01 0.273994462574850D+01 0.329176529191617D+01
  66 C     0.131270392215569D+01 0.723440462574850D+01 0.667637529191617D+01
  67 C     0.131270392215569D+01 0.303335462574850D+01 0.749019529191617D+01
  68 C     0.131270392215569D+01 0.694099462574850D+01 0.247794529191617D+01
  69 C     0.731877392215569D+01 0.694099462574850D+01 0.329176529191617D+01
  70 C     0.731877392215569D+01 0.303335462574850D+01 0.667637529191617D+01
  71 C     0.731877392215569D+01 0.723440462574850D+01 0.749019529191617D+01
  72 C     0.731877392215569D+01 0.273994462574850D+01 0.247794529191617D+01
  73 C     0.103178439221557D+02 0.498717462574850D+01 0.785635291916170D+00
  74 C     0.431970392215569D+01 0.498717462574850D+01 0.785635291916170D+00
  75 C     0.431970392215569D+01 0.786124625748504D+00 0.498406529191617D+01
  76 C     0.103178439221557D+02 0.786124625748504D+00 0.498407529191617D+01
  77 C     0.431177392215569D+01 0.786124625748504D+00 0.785635291916170D+00
  78 C     0.103257739221557D+02 0.786124625748504D+00 0.785635291916170D+00
  79 C     0.103257739221557D+02 0.498717462574850D+01 0.498407529191617D+01
  80 C     0.431177392215569D+01 0.498717462574850D+01 0.498406529191617D+01

  F mtn_c                                                       
   11.9375    8.3499    8.3447
   90.0000   90.0000   90.0000
   1 H     0.219947934131736D+01 0.728296157934132D+01 0.296455598802395D+01
   2 H     0.123471393413174D+02 0.262943157934132D+01 0.694167598802395D+01
   3 H     0.123471393413174D+02 0.680439157934132D+01 0.713691598802395D+01
   4 H     0.219947934131736D+01 0.310800157934132D+01 0.276931598802395D+01
   5 H     0.123471393413174D+02 0.310800157934132D+01 0.276931598802395D+01
   6 H     0.219947934131736D+01 0.680439157934132D+01 0.713691598802395D+01
   7 H     0.219947934131736D+01 0.262943157934132D+01 0.694167598802395D+01
   8 H     0.123471393413174D+02 0.728296157934132D+01 0.296455598802395D+01
   9 H     0.816823934131736D+01 0.310800157934132D+01 0.296455598802395D+01
  10 H     0.637837934131736D+01 0.680439157934132D+01 0.694167598802395D+01
  11 H     0.637837934131736D+01 0.262943157934132D+01 0.713691598802395D+01
  12 H     0.816823934131736D+01 0.728296157934132D+01 0.276931598802395D+01
  13 H     0.637837934131736D+01 0.728296157934132D+01 0.276931598802395D+01
  14 H     0.816823934131736D+01 0.262943157934132D+01 0.713691598802395D+01
  15 H     0.816823934131736D+01 0.680439157934132D+01 0.694167598802395D+01
  16 H     0.637837934131736D+01 0.310800157934132D+01 0.296455598802395D+01
  17 H     0.108877893413174D+02 0.564311157934132D+01 0.855441598802395D+01
  18 H     0.365882934131736D+01 0.426928157934132D+01 0.135181598802395D+01
  19 H     0.365882934131736D+01 0.844424157934132D+01 0.438205598802395D+01
  20 H     0.108877893413174D+02 0.146815157934132D+01 0.552417598802395D+01
  21 H     0.365882934131736D+01 0.146815157934132D+01 0.552417598802395D+01
  22 H     0.108877893413174D+02 0.844424157934132D+01 0.438205598802395D+01
  23 H     0.108877893413174D+02 0.426928157934132D+01 0.135181598802395D+01
  24 H     0.365882934131736D+01 0.564311157934132D+01 0.855441598802395D+01
  25 H     0.491902934131736D+01 0.146815157934132D+01 0.855441598802395D+01
  26 H     0.962758934131736D+01 0.844424157934132D+01 0.135181598802395D+01
  27 H     0.962758934131736D+01 0.426928157934132D+01 0.438205598802395D+01
  28 H     0.491902934131736D+01 0.564311157934132D+01 0.552417598802395D+01
  29 H     0.962758934131736D+01 0.564311157934132D+01 0.552417598802395D+01
  30 H     0.491902934131736D+01 0.426928157934132D+01 0.438205598802395D+01
  31 H     0.491902934131736D+01 0.844424157934132D+01 0.135181598802395D+01
  32 H     0.962758934131736D+01 0.146815157934132D+01 0.855441598802395D+01
  33 H     0.962190934131737D+01 0.552838157934132D+01 0.146888598802395D+01
  34 H     0.492470934131736D+01 0.438401157934132D+01 0.843734598802395D+01
  35 H     0.492470934131736D+01 0.855896157934132D+01 0.564124598802395D+01
  36 H     0.962190934131737D+01 0.135343157934132D+01 0.426498598802395D+01
  37 H     0.492470934131736D+01 0.135343157934132D+01 0.426498598802395D+01
  38 H     0.962190934131737D+01 0.855896157934132D+01 0.564124598802395D+01
  39 H     0.962190934131737D+01 0.438401157934132D+01 0.843734598802395D+01
  40 H     0.492470934131736D+01 0.552838157934132D+01 0.146888598802395D+01
  41 H     0.365314934131736D+01 0.135343157934132D+01 0.146888598802395D+01
  42 H     0.108934693413174D+02 0.855896157934132D+01 0.843734598802395D+01
  43 H     0.108934693413174D+02 0.438401157934132D+01 0.564124598802395D+01
  44 H     0.365314934131736D+01 0.552838157934132D+01 0.426498598802395D+01
  45 H     0.108934693413174D+02 0.552838157934132D+01 0.426498598802395D+01
  46 H     0.365314934131736D+01 0.438401157934132D+01 0.564124598802395D+01
  47 H     0.365314934131736D+01 0.855896157934132D+01 0.843734598802395D+01
  48 H     0.108934693413174D+02 0.135343157934132D+01 0.146888598802395D+01
  49 H     0.130454934131736D+01 0.580303157934132D+01 0.250466598802395D+01
  50 H     0.130454934131736D+01 0.410936157934132D+01 0.740156598802395D+01
  51 H     0.130454934131736D+01 0.828432157934132D+01 0.667702598802395D+01
  52 H     0.130454934131736D+01 0.162807157934132D+01 0.322920598802395D+01
  53 H     0.727330934131736D+01 0.162807157934132D+01 0.250466598802395D+01
  54 H     0.727330934131736D+01 0.828432157934132D+01 0.740156598802395D+01
  55 H     0.727330934131736D+01 0.410936157934132D+01 0.667702598802395D+01
  56 H     0.727330934131736D+01 0.580303157934132D+01 0.322920598802395D+01
  57 H     0.130454934131736D+01 0.268564157934132D+01 0.848804598802395D+01
  58 H     0.130454934131736D+01 0.722675157934132D+01 0.141818598802395D+01
  59 H     0.130454934131736D+01 0.305180157934132D+01 0.431568598802395D+01
  60 H     0.130454934131736D+01 0.686059157934132D+01 0.559054598802395D+01
  61 H     0.727330934131736D+01 0.686059157934132D+01 0.848804598802395D+01
  62 H     0.727330934131736D+01 0.305180157934132D+01 0.141818598802395D+01
  63 H     0.727330934131736D+01 0.722675157934132D+01 0.431568598802395D+01
  64 H     0.727330934131736D+01 0.268564157934132D+01 0.559054598802395D+01
  65 C     0.130454934131736D+01 0.272293157934132D+01 0.327138598802395D+01
  66 C     0.130454934131736D+01 0.718946157934132D+01 0.663484598802395D+01
  67 C     0.130454934131736D+01 0.301451157934132D+01 0.744374598802395D+01
  68 C     0.130454934131736D+01 0.689788157934132D+01 0.246248598802395D+01
  69 C     0.727330934131736D+01 0.689788157934132D+01 0.327138598802395D+01
  70 C     0.727330934131736D+01 0.301451157934132D+01 0.663484598802395D+01
  71 C     0.727330934131736D+01 0.718946157934132D+01 0.744374598802395D+01
  72 C     0.727330934131736D+01 0.272293157934132D+01 0.246248598802395D+01
  73 C     0.102536993413174D+02 0.495620157934132D+01 0.780755988023953D+00
  74 C     0.429291934131736D+01 0.495619157934132D+01 0.780755988023954D+00
  75 C     0.429291934131736D+01 0.781241579341317D+00 0.495311598802395D+01
  76 C     0.102536993413174D+02 0.781241579341317D+00 0.495311598802395D+01
  77 C     0.428493934131736D+01 0.781241579341317D+00 0.780755988023953D+00
  78 C     0.102616793413174D+02 0.781241579341317D+00 0.780755988023953D+00
  79 C     0.102616793413174D+02 0.495620157934132D+01 0.495311598802395D+01
  80 C     0.428493934131736D+01 0.495619157934132D+01 0.495311598802395D+01

  F mtn_d                                                       
   11.8620    8.2971    8.2919
   90.0000   90.0000   90.0000
   1 H     0.219298422155689D+01 0.755573771706587D+01 0.216479399700599D+01
   2 H     0.122615742215569D+02 0.229392771706587D+01 0.767873399700599D+01
   3 H     0.122615742215569D+02 0.644245771706587D+01 0.631074399700599D+01
   4 H     0.219298422155689D+01 0.340720771706587D+01 0.353278399700599D+01
   5 H     0.122615742215569D+02 0.340720771706587D+01 0.353278399700599D+01
   6 H     0.219298422155689D+01 0.644245771706587D+01 0.631074399700599D+01
   7 H     0.219298422155689D+01 0.229392771706587D+01 0.767873399700599D+01
   8 H     0.122615742215569D+02 0.755573771706587D+01 0.216479399700599D+01
   9 H     0.812397422155689D+01 0.340720771706587D+01 0.216479399700599D+01
  10 H     0.633058422155689D+01 0.644245771706587D+01 0.767873399700599D+01
  11 H     0.633058422155689D+01 0.229392771706587D+01 0.631074399700599D+01
  12 H     0.812397422155689D+01 0.755573771706587D+01 0.353278399700599D+01
  13 H     0.633058422155689D+01 0.755573771706587D+01 0.353278399700599D+01
  14 H     0.812397422155689D+01 0.229392771706587D+01 0.631074399700599D+01
  15 H     0.812397422155689D+01 0.644245771706587D+01 0.767873399700599D+01
  16 H     0.633058422155689D+01 0.340720771706587D+01 0.216479399700599D+01
  17 H     0.109600842215569D+02 0.562470771706587D+01 0.851217399700599D+01
  18 H     0.349447422155689D+01 0.422495771706587D+01 0.133135399700599D+01
  19 H     0.349447422155689D+01 0.837349771706587D+01 0.436622399700599D+01
  20 H     0.109600842215569D+02 0.147616771706587D+01 0.547730399700599D+01
  21 H     0.349447422155689D+01 0.147616771706587D+01 0.547730399700599D+01
  22 H     0.109600842215569D+02 0.837349771706587D+01 0.436622399700599D+01
  23 H     0.109600842215569D+02 0.422495771706587D+01 0.133135399700599D+01
  24 H     0.349447422155689D+01 0.562470771706587D+01 0.851217399700599D+01
  25 H     0.502910422155689D+01 0.147616771706587D+01 0.851217399700599D+01
  26 H     0.942545422155689D+01 0.837349771706587D+01 0.133135399700599D+01
  27 H     0.942545422155689D+01 0.422495771706587D+01 0.436622399700599D+01
  28 H     0.502910422155689D+01 0.562470771706587D+01 0.547730399700599D+01
  29 H     0.942545422155689D+01 0.562470771706587D+01 0.547730399700599D+01
  30 H     0.502910422155689D+01 0.422495771706587D+01 0.436622399700599D+01
  31 H     0.502910422155689D+01 0.837349771706587D+01 0.133135399700599D+01
  32 H     0.942545422155689D+01 0.147616771706587D+01 0.851217399700599D+01
  33 H     0.969427422155689D+01 0.548333771706587D+01 0.147463399700599D+01
  34 H     0.476028422155689D+01 0.436632771706587D+01 0.836889399700599D+01
  35 H     0.476028422155689D+01 0.851485771706587D+01 0.562058399700599D+01
  36 H     0.969427422155689D+01 0.133480771706587D+01 0.422294399700599D+01
  37 H     0.476028422155689D+01 0.133480771706587D+01 0.422294399700599D+01
  38 H     0.969427422155689D+01 0.851485771706587D+01 0.562058399700599D+01
  39 H     0.969427422155689D+01 0.436632771706587D+01 0.836889399700599D+01
  40 H     0.476028422155689D+01 0.548333771706587D+01 0.147463399700599D+01
  41 H     0.376328422155689D+01 0.133480771706587D+01 0.147463399700599D+01
  42 H     0.106912742215569D+02 0.851485771706587D+01 0.836889399700599D+01
  43 H     0.106912742215569D+02 0.436632771706587D+01 0.562058399700599D+01
  44 H     0.376328422155689D+01 0.548333771706587D+01 0.422294399700599D+01
  45 H     0.106912742215569D+02 0.548333771706587D+01 0.422294399700599D+01
  46 H     0.376328422155689D+01 0.436632771706587D+01 0.562058399700599D+01
  47 H     0.376328422155689D+01 0.851485771706587D+01 0.836889399700599D+01
  48 H     0.106912742215569D+02 0.133480771706587D+01 0.147463399700599D+01
  49 H     0.129629422155689D+01 0.601231771706587D+01 0.201572399700599D+01
  50 H     0.129629422155689D+01 0.383734771706587D+01 0.782780399700599D+01
  51 H     0.129629422155689D+01 0.798587771706587D+01 0.616167399700599D+01
  52 H     0.129629422155689D+01 0.186378771706587D+01 0.368185399700599D+01
  53 H     0.722727422155689D+01 0.186378771706587D+01 0.201572399700599D+01
  54 H     0.722727422155689D+01 0.798587771706587D+01 0.782780399700599D+01
  55 H     0.722727422155689D+01 0.383734771706587D+01 0.616167399700599D+01
  56 H     0.722727422155689D+01 0.601231771706587D+01 0.368185399700599D+01
  57 H     0.129629422155689D+01 0.303640771706587D+01 0.503171399700599D+01
  58 H     0.129629422155689D+01 0.681325771706587D+01 0.481181399700599D+01
  59 H     0.129629422155689D+01 0.266472771706587D+01 0.885763997005988D+00
  60 H     0.129629422155689D+01 0.718493771706587D+01 0.895776399700599D+01
  61 H     0.722727422155689D+01 0.718493771706587D+01 0.503171399700599D+01
  62 H     0.722727422155689D+01 0.266472771706587D+01 0.481181399700599D+01
  63 H     0.722727422155689D+01 0.681325771706587D+01 0.885763997005988D+00
  64 H     0.722727422155689D+01 0.303640771706587D+01 0.895776399700599D+01
  65 C     0.129629422155689D+01 0.292860771706587D+01 0.394109399700599D+01
  66 C     0.129629422155689D+01 0.692105771706587D+01 0.590243399700599D+01
  67 C     0.129629422155689D+01 0.277252771706587D+01 0.808704399700599D+01
  68 C     0.129629422155689D+01 0.707713771706587D+01 0.175648399700599D+01
  69 C     0.722727422155689D+01 0.707713771706587D+01 0.394109399700599D+01
  70 C     0.722727422155689D+01 0.277252771706587D+01 0.590243399700599D+01
  71 C     0.722727422155689D+01 0.692105771706587D+01 0.808704399700599D+01
  72 C     0.722727422155689D+01 0.292860771706587D+01 0.175648399700599D+01
  73 C     0.103265842215569D+02 0.492483771706587D+01 0.775813997005988D+00
  74 C     0.412797422155689D+01 0.492482771706587D+01 0.775813997005988D+00
  75 C     0.412797422155689D+01 0.776297717065869D+00 0.492176399700599D+01
  76 C     0.103265842215569D+02 0.776297717065869D+00 0.492176399700599D+01
  77 C     0.439560422155689D+01 0.776297717065869D+00 0.775813997005988D+00
  78 C     0.100589542215569D+02 0.776297717065869D+00 0.775813997005988D+00
  79 C     0.100589542215569D+02 0.492483771706587D+01 0.492176399700599D+01
  80 C     0.439560422155689D+01 0.492482771706587D+01 0.492176399700599D+01

  F mtn_e                                                       
   11.7854    8.2435    8.2384
   90.0000   90.0000   90.0000
   1 H     0.218485982035928D+01 0.752321929640719D+01 0.214459838323353D+01
   2 H     0.121764398203593D+02 0.226289929640719D+01 0.763541838323354D+01
   3 H     0.121764398203593D+02 0.638466929640719D+01 0.626379838323354D+01
   4 H     0.218485982035928D+01 0.340144929640719D+01 0.351621838323353D+01
   5 H     0.121764398203593D+02 0.340144929640719D+01 0.351621838323353D+01
   6 H     0.218485982035928D+01 0.638466929640719D+01 0.626379838323354D+01
   7 H     0.218485982035928D+01 0.226289929640719D+01 0.763541838323354D+01
   8 H     0.121764398203593D+02 0.752321929640719D+01 0.214459838323353D+01
   9 H     0.807757982035928D+01 0.340144929640719D+01 0.214459838323353D+01
  10 H     0.628371982035928D+01 0.638466929640719D+01 0.763541838323354D+01
  11 H     0.628371982035928D+01 0.226289929640719D+01 0.626379838323354D+01
  12 H     0.807757982035928D+01 0.752321929640719D+01 0.351621838323353D+01
  13 H     0.628371982035928D+01 0.752321929640719D+01 0.351621838323353D+01
  14 H     0.807757982035928D+01 0.226289929640719D+01 0.626379838323353D+01
  15 H     0.807757982035928D+01 0.638466929640719D+01 0.763541838323354D+01
  16 H     0.628371982035928D+01 0.340144929640719D+01 0.214459838323353D+01
  17 H     0.108589198203593D+02 0.559030929640719D+01 0.844978838323354D+01
  18 H     0.350237982035928D+01 0.419580929640719D+01 0.133022838323353D+01
  19 H     0.350237982035928D+01 0.831757929640719D+01 0.433058838323353D+01
  20 H     0.108589198203593D+02 0.146853929640719D+01 0.544942838323353D+01
  21 H     0.350237982035928D+01 0.146853929640719D+01 0.544942838323353D+01
  22 H     0.108589198203593D+02 0.831757929640719D+01 0.433058838323353D+01
  23 H     0.108589198203593D+02 0.419580929640719D+01 0.133022838323354D+01
  24 H     0.350237982035928D+01 0.559030929640719D+01 0.844978838323354D+01
  25 H     0.496619982035928D+01 0.146853929640719D+01 0.844978838323354D+01
  26 H     0.939509982035928D+01 0.831757929640719D+01 0.133022838323353D+01
  27 H     0.939509982035928D+01 0.419580929640719D+01 0.433058838323353D+01
  28 H     0.496619982035928D+01 0.559030929640719D+01 0.544942838323353D+01
  29 H     0.939509982035928D+01 0.559030929640719D+01 0.544942838323353D+01
  30 H     0.496619982035928D+01 0.419580929640719D+01 0.433058838323353D+01
  31 H     0.496619982035928D+01 0.831757929640719D+01 0.133022838323353D+01
  32 H     0.939509982035928D+01 0.146853929640719D+01 0.844978838323354D+01
  33 H     0.959298982035928D+01 0.545501929640719D+01 0.146669838323353D+01
  34 H     0.476830982035928D+01 0.433109929640719D+01 0.831331838323353D+01
  35 H     0.476830982035928D+01 0.845286929640719D+01 0.558589838323353D+01
  36 H     0.959298982035928D+01 0.133324929640719D+01 0.419411838323354D+01
  37 H     0.476830982035928D+01 0.133324929640719D+01 0.419411838323354D+01
  38 H     0.959298982035928D+01 0.845286929640719D+01 0.558589838323353D+01
  39 H     0.959298982035928D+01 0.433109929640719D+01 0.831331838323353D+01
  40 H     0.476830982035928D+01 0.545501929640719D+01 0.146669838323353D+01
  41 H     0.370026982035928D+01 0.133324929640719D+01 0.146669838323353D+01
  42 H     0.106610298203593D+02 0.845286929640719D+01 0.831331838323353D+01
  43 H     0.106610298203593D+02 0.433109929640719D+01 0.558589838323353D+01
  44 H     0.370026982035928D+01 0.545501929640719D+01 0.419411838323354D+01
  45 H     0.106610298203593D+02 0.545501929640719D+01 0.419411838323354D+01
  46 H     0.370026982035928D+01 0.433109929640719D+01 0.558589838323353D+01
  47 H     0.370026982035928D+01 0.845286929640719D+01 0.831331838323353D+01
  48 H     0.106610298203593D+02 0.133324929640719D+01 0.146669838323353D+01
  49 H     0.128792982035928D+01 0.598626929640719D+01 0.196267838323353D+01
  50 H     0.128792982035928D+01 0.379984929640719D+01 0.781733838323354D+01
  51 H     0.128792982035928D+01 0.792161929640718D+01 0.608187838323354D+01
  52 H     0.128792982035928D+01 0.186449929640719D+01 0.369813838323353D+01
  53 H     0.718064982035928D+01 0.186449929640719D+01 0.196267838323353D+01
  54 H     0.718064982035928D+01 0.792161929640719D+01 0.781733838323354D+01
  55 H     0.718064982035928D+01 0.379984929640719D+01 0.608187838323354D+01
  56 H     0.718064982035928D+01 0.598626929640719D+01 0.369813838323353D+01
  57 H     0.128792982035928D+01 0.306521929640719D+01 0.502335838323354D+01
  58 H     0.128792982035928D+01 0.672089929640719D+01 0.475665838323354D+01
  59 H     0.128792982035928D+01 0.259912929640719D+01 0.904158383233535D+00
  60 H     0.128792982035928D+01 0.718698929640719D+01 0.887585838323353D+01
  61 H     0.718064982035928D+01 0.718698929640719D+01 0.502335838323354D+01
  62 H     0.718064982035928D+01 0.259912929640719D+01 0.475665838323354D+01
  63 H     0.718064982035928D+01 0.672089929640719D+01 0.904158383233535D+00
  64 H     0.718064982035928D+01 0.306521929640719D+01 0.887585838323353D+01
  65 C     0.128792982035928D+01 0.293346929640719D+01 0.393520838323353D+01
  66 C     0.128792982035928D+01 0.685264929640719D+01 0.584480838323353D+01
  67 C     0.128792982035928D+01 0.273087929640719D+01 0.805440838323353D+01
  68 C     0.128792982035928D+01 0.705523929640719D+01 0.172560838323353D+01
  69 C     0.718064982035928D+01 0.705523929640719D+01 0.393520838323353D+01
  70 C     0.718064982035928D+01 0.273087929640719D+01 0.584480838323354D+01
  71 C     0.718064982035928D+01 0.685264929640718D+01 0.805440838323353D+01
  72 C     0.718064982035928D+01 0.293346929640719D+01 0.172560838323353D+01
  73 C     0.102259498203593D+02 0.489305929640719D+01 0.770808383233535D+00
  74 C     0.413534982035928D+01 0.489305929640719D+01 0.770808383233535D+00
  75 C     0.413534982035928D+01 0.771289296407185D+00 0.489000838323354D+01
  76 C     0.102259498203593D+02 0.771289296407185D+00 0.489000838323354D+01
  77 C     0.433322982035928D+01 0.771289296407185D+00 0.770808383233535D+00
  78 C     0.100280698203593D+02 0.771289296407185D+00 0.770808383233535D+00
  79 C     0.100280698203593D+02 0.489305929640719D+01 0.489000838323354D+01
  80 C     0.433322982035928D+01 0.489305929640719D+01 0.489000838323354D+01

  F mtn_z01                                                     
   11.7079    8.1893    8.1842
   90.0000   90.0000   90.0000
   1 H     0.217569613772455D+01 0.737478444610779D+01 0.256254727544910D+01
   2 H     0.120911161377245D+02 0.234694444610779D+01 0.715312727544910D+01
   3 H     0.120911161377245D+02 0.644159444610778D+01 0.665464727544910D+01
   4 H     0.217569613772455D+01 0.328013444610779D+01 0.306102727544910D+01
   5 H     0.120911161377245D+02 0.328013444610779D+01 0.306102727544910D+01
   6 H     0.217569613772455D+01 0.644159444610778D+01 0.665464727544910D+01
   7 H     0.217569613772455D+01 0.234694444610779D+01 0.715312727544910D+01
   8 H     0.120911161377245D+02 0.737478444610779D+01 0.256254727544910D+01
   9 H     0.802964613772455D+01 0.328013444610779D+01 0.256254727544910D+01
  10 H     0.623716613772455D+01 0.644159444610778D+01 0.715312727544910D+01
  11 H     0.623716613772455D+01 0.234694444610779D+01 0.665464727544910D+01
  12 H     0.802964613772455D+01 0.737478444610779D+01 0.306102727544910D+01
  13 H     0.623716613772455D+01 0.737478444610779D+01 0.306102727544910D+01
  14 H     0.802964613772455D+01 0.234694444610779D+01 0.665464727544910D+01
  15 H     0.802964613772455D+01 0.644159444610778D+01 0.715312727544910D+01
  16 H     0.623716613772455D+01 0.328013444610779D+01 0.256254727544910D+01
  17 H     0.107759961377246D+02 0.556425444610779D+01 0.840003727544910D+01
  18 H     0.349081613772455D+01 0.415747444610779D+01 0.131563727544910D+01
  19 H     0.349081613772455D+01 0.825212444610779D+01 0.430793727544910D+01
  20 H     0.107759961377246D+02 0.146960444610779D+01 0.540773727544910D+01
  21 H     0.349081613772455D+01 0.146960444610779D+01 0.540773727544910D+01
  22 H     0.107759961377246D+02 0.825212444610779D+01 0.430793727544910D+01
  23 H     0.107759961377246D+02 0.415747444610779D+01 0.131563727544910D+01
  24 H     0.349081613772455D+01 0.556425444610779D+01 0.840003727544910D+01
  25 H     0.492204613772455D+01 0.146960444610779D+01 0.840003727544910D+01
  26 H     0.934476613772455D+01 0.825212444610779D+01 0.131563727544910D+01
  27 H     0.934476613772455D+01 0.415747444610779D+01 0.430793727544910D+01
  28 H     0.492204613772455D+01 0.556425444610779D+01 0.540773727544910D+01
  29 H     0.934476613772455D+01 0.556425444610779D+01 0.540773727544910D+01
  30 H     0.492204613772455D+01 0.415747444610779D+01 0.430793727544910D+01
  31 H     0.492204613772455D+01 0.825212444610779D+01 0.131563727544910D+01
  32 H     0.934476613772455D+01 0.146960444610779D+01 0.840003727544910D+01
  33 H     0.951007613772455D+01 0.541410444610779D+01 0.146901727544910D+01
  34 H     0.475673613772455D+01 0.430762444610779D+01 0.824665727544910D+01
  35 H     0.475673613772455D+01 0.840227444610779D+01 0.556111727544910D+01
  36 H     0.951007613772455D+01 0.131945444610779D+01 0.415455727544910D+01
  37 H     0.475673613772455D+01 0.131945444610779D+01 0.415455727544910D+01
  38 H     0.951007613772455D+01 0.840227444610779D+01 0.556111727544910D+01
  39 H     0.951007613772455D+01 0.430762444610779D+01 0.824665727544910D+01
  40 H     0.475673613772455D+01 0.541410444610779D+01 0.146901727544910D+01
  41 H     0.365612613772455D+01 0.131945444610779D+01 0.146901727544910D+01
  42 H     0.106106861377246D+02 0.840227444610779D+01 0.824665727544910D+01
  43 H     0.106106861377246D+02 0.430762444610779D+01 0.556111727544910D+01
  44 H     0.365612613772455D+01 0.541410444610779D+01 0.415455727544910D+01
  45 H     0.106106861377246D+02 0.541410444610779D+01 0.415455727544910D+01
  46 H     0.365612613772455D+01 0.430762444610779D+01 0.556111727544910D+01
  47 H     0.365612613772455D+01 0.840227444610779D+01 0.824665727544910D+01
  48 H     0.106106861377246D+02 0.131945444610779D+01 0.146901727544910D+01
  49 H     0.127945613772455D+01 0.584207444610778D+01 0.233124727544910D+01
  50 H     0.127945613772455D+01 0.387965444610779D+01 0.738442727544910D+01
  51 H     0.127945613772455D+01 0.797430444610779D+01 0.642334727544910D+01
  52 H     0.127945613772455D+01 0.174742444610779D+01 0.329232727544910D+01
  53 H     0.713340613772455D+01 0.174742444610779D+01 0.233124727544910D+01
  54 H     0.713340613772455D+01 0.797430444610779D+01 0.738442727544910D+01
  55 H     0.713340613772455D+01 0.387965444610779D+01 0.642334727544910D+01
  56 H     0.713340613772455D+01 0.584207444610778D+01 0.329232727544910D+01
  57 H     0.127945613772455D+01 0.299160444610779D+01 0.457795727544910D+01
  58 H     0.127945613772455D+01 0.673012444610779D+01 0.513771727544910D+01
  59 H     0.127945613772455D+01 0.263547444610778D+01 0.867005727544910D+01
  60 H     0.127945613772455D+01 0.708625444610778D+01 0.104561727544910D+01
  61 H     0.713340613772455D+01 0.708625444610778D+01 0.457795727544910D+01
  62 H     0.713340613772455D+01 0.263547444610778D+01 0.513771727544910D+01
  63 H     0.713340613772455D+01 0.673012444610779D+01 0.867005727544910D+01
  64 H     0.713340613772455D+01 0.299160444610779D+01 0.104561727544910D+01
  65 C     0.127945613772455D+01 0.282366444610778D+01 0.349559727544910D+01
  66 C     0.127945613772455D+01 0.689806444610779D+01 0.622007727544910D+01
  67 C     0.127945613772455D+01 0.280341444610779D+01 0.758769727544910D+01
  68 C     0.127945613772455D+01 0.691831444610779D+01 0.212797727544910D+01
  69 C     0.713340613772455D+01 0.691831444610778D+01 0.349559727544910D+01
  70 C     0.713340613772455D+01 0.280341444610779D+01 0.622007727544910D+01
  71 C     0.713340613772455D+01 0.689806444610779D+01 0.758769727544910D+01
  72 C     0.713340613772455D+01 0.282366444610778D+01 0.212797727544910D+01
  73 C     0.101419761377246D+02 0.486086444610778D+01 0.765737275449103D+00
  74 C     0.412483613772455D+01 0.486086444610778D+01 0.765737275449103D+00
  75 C     0.412483613772455D+01 0.766214446107785D+00 0.485783727544910D+01
  76 C     0.101419761377246D+02 0.766214446107785D+00 0.485783727544910D+01
  77 C     0.428802613772455D+01 0.766214446107785D+00 0.765737275449103D+00
  78 C     0.997878613772455D+01 0.766214446107785D+00 0.765737275449103D+00
  79 C     0.997878613772455D+01 0.486086444610778D+01 0.485783727544910D+01
  80 C     0.428802613772455D+01 0.486086444610778D+01 0.485783727544910D+01

  F mtn_z02                                                     
   11.6293    8.1343    8.1293
   90.0000   90.0000   90.0000
   1 H     0.216752880239521D+01 0.741280223053892D+01 0.210699786676647D+01
   2 H     0.120035288023952D+02 0.224368223053892D+01 0.754346786676647D+01
   3 H     0.120035288023952D+02 0.631085223053892D+01 0.617163786676647D+01
   4 H     0.216752880239521D+01 0.334563223053892D+01 0.347882786676647D+01
   5 H     0.120035288023952D+02 0.334563223053892D+01 0.347882786676647D+01
   6 H     0.216752880239521D+01 0.631085223053892D+01 0.617163786676647D+01
   7 H     0.216752880239521D+01 0.224368223053892D+01 0.754346786676647D+01
   8 H     0.120035288023952D+02 0.741280223053892D+01 0.210699786676647D+01
   9 H     0.798218880239521D+01 0.334563223053892D+01 0.210699786676647D+01
  10 H     0.618886880239521D+01 0.631085223053892D+01 0.754346786676647D+01
  11 H     0.618886880239521D+01 0.224368223053892D+01 0.617163786676647D+01
  12 H     0.798218880239521D+01 0.741280223053892D+01 0.347882786676647D+01
  13 H     0.618886880239521D+01 0.741280223053892D+01 0.347882786676647D+01
  14 H     0.798218880239521D+01 0.224368223053892D+01 0.617163786676647D+01
  15 H     0.798218880239521D+01 0.631085223053892D+01 0.754346786676647D+01
  16 H     0.618886880239521D+01 0.334563223053892D+01 0.210699786676647D+01
  17 H     0.107190888023952D+02 0.552356223053892D+01 0.832861786676647D+01
  18 H     0.345196880239521D+01 0.413292223053892D+01 0.132184786676647D+01
  19 H     0.345196880239521D+01 0.820009223053892D+01 0.426397786676647D+01
  20 H     0.107190888023952D+02 0.145639223053892D+01 0.538648786676647D+01
  21 H     0.345196880239521D+01 0.145639223053892D+01 0.538648786676647D+01
  22 H     0.107190888023952D+02 0.820009223053892D+01 0.426397786676647D+01
  23 H     0.107190888023952D+02 0.413292223053892D+01 0.132184786676647D+01
  24 H     0.345196880239521D+01 0.552356223053892D+01 0.832861786676647D+01
  25 H     0.490442880239521D+01 0.145639223053892D+01 0.832861786676647D+01
  26 H     0.926662880239521D+01 0.820009223053892D+01 0.132184786676647D+01
  27 H     0.926662880239521D+01 0.413292223053892D+01 0.426397786676647D+01
  28 H     0.490442880239521D+01 0.552356223053892D+01 0.538648786676647D+01
  29 H     0.926662880239521D+01 0.552356223053892D+01 0.538648786676647D+01
  30 H     0.490442880239521D+01 0.413292223053892D+01 0.426397786676647D+01
  31 H     0.490442880239521D+01 0.820009223053892D+01 0.132184786676647D+01
  32 H     0.926662880239521D+01 0.145639223053892D+01 0.832861786676647D+01
  33 H     0.945392880239521D+01 0.539215223053892D+01 0.145447786676647D+01
  34 H     0.471712880239521D+01 0.426433223053892D+01 0.819598786676647D+01
  35 H     0.471712880239521D+01 0.833150223053892D+01 0.551911786676647D+01
  36 H     0.945392880239521D+01 0.132498223053892D+01 0.413134786676647D+01
  37 H     0.471712880239521D+01 0.132498223053892D+01 0.413134786676647D+01
  38 H     0.945392880239521D+01 0.833150223053892D+01 0.551911786676647D+01
  39 H     0.945392880239521D+01 0.426433223053892D+01 0.819598786676647D+01
  40 H     0.471712880239521D+01 0.539215223053892D+01 0.145447786676647D+01
  41 H     0.363926880239521D+01 0.132498223053892D+01 0.145447786676647D+01
  42 H     0.105317888023952D+02 0.833150223053892D+01 0.819598786676647D+01
  43 H     0.105317888023952D+02 0.426433223053892D+01 0.551911786676647D+01
  44 H     0.363926880239521D+01 0.539215223053892D+01 0.413134786676647D+01
  45 H     0.105317888023952D+02 0.539215223053892D+01 0.413134786676647D+01
  46 H     0.363926880239521D+01 0.426433223053892D+01 0.551911786676647D+01
  47 H     0.363926880239521D+01 0.833150223053892D+01 0.819598786676647D+01
  48 H     0.105317888023952D+02 0.132498223053892D+01 0.145447786676647D+01
  49 H     0.127086880239521D+01 0.587438223053892D+01 0.191343786676647D+01
  50 H     0.127086880239521D+01 0.378210223053892D+01 0.773702786676647D+01
  51 H     0.127086880239521D+01 0.784927223053892D+01 0.597807786676647D+01
  52 H     0.127086880239521D+01 0.180721223053892D+01 0.367238786676647D+01
  53 H     0.708552880239521D+01 0.180721223053892D+01 0.191343786676647D+01
  54 H     0.708552880239521D+01 0.784927223053892D+01 0.773702786676647D+01
  55 H     0.708552880239521D+01 0.378210223053892D+01 0.597807786676647D+01
  56 H     0.708552880239521D+01 0.587438223053892D+01 0.367238786676647D+01
  57 H     0.127086880239521D+01 0.301902223053892D+01 0.498635786676647D+01
  58 H     0.127086880239521D+01 0.663746223053892D+01 0.466410786676647D+01
  59 H     0.127086880239521D+01 0.257029223053892D+01 0.921717866766467D+00
  60 H     0.127086880239521D+01 0.708619223053892D+01 0.872874786676647D+01
  61 H     0.708552880239521D+01 0.708619223053892D+01 0.498635786676647D+01
  62 H     0.708552880239521D+01 0.257029223053892D+01 0.466410786676647D+01
  63 H     0.708552880239521D+01 0.663746223053892D+01 0.921717866766467D+00
  64 H     0.708552880239521D+01 0.301902223053892D+01 0.872874786676647D+01
  65 C     0.127086880239521D+01 0.287880223053892D+01 0.389974786676647D+01
  66 C     0.127086880239521D+01 0.677768223053892D+01 0.575071786676647D+01
  67 C     0.127086880239521D+01 0.271051223053892D+01 0.796438786676647D+01
  68 C     0.127086880239521D+01 0.694597223053892D+01 0.168607786676647D+01
  69 C     0.708552880239521D+01 0.694597223053892D+01 0.389974786676647D+01
  70 C     0.708552880239521D+01 0.271051223053892D+01 0.575071786676647D+01
  71 C     0.708552880239521D+01 0.677768223053892D+01 0.796438786676647D+01
  72 C     0.708552880239521D+01 0.287880223053892D+01 0.168607786676647D+01
  73 C     0.100862288023952D+02 0.482824223053892D+01 0.760597866766467D+00
  74 C     0.408482880239521D+01 0.482824223053892D+01 0.760597866766467D+00
  75 C     0.408482880239521D+01 0.761072230538923D+00 0.482522786676647D+01
  76 C     0.100862288023952D+02 0.761072230538923D+00 0.482523786676647D+01
  77 C     0.427156880239521D+01 0.761072230538923D+00 0.760597866766467D+00
  78 C     0.989948880239521D+01 0.761072230538923D+00 0.760597866766467D+00
  79 C     0.989948880239521D+01 0.482824223053892D+01 0.482523786676647D+01
  80 C     0.427156880239521D+01 0.482824223053892D+01 0.482522786676647D+01

  F mtn_z03                                                     
   11.5497    8.0786    8.0736
   90.0000   90.0000   90.0000
   1 H     0.215622344311377D+01 0.718474882859282D+01 0.199900828592814D+01
   2 H     0.119177734431138D+02 0.240558882859282D+01 0.758535828592815D+01
   3 H     0.119177734431138D+02 0.644489882859282D+01 0.603580828592815D+01
   4 H     0.215622344311377D+01 0.314543882859282D+01 0.354855828592814D+01
   5 H     0.119177734431138D+02 0.314543882859282D+01 0.354855828592814D+01
   6 H     0.215622344311377D+01 0.644489882859282D+01 0.603580828592814D+01
   7 H     0.215622344311377D+01 0.240558882859282D+01 0.758535828592814D+01
   8 H     0.119177734431138D+02 0.718474882859282D+01 0.199900828592814D+01
   9 H     0.793105344311377D+01 0.314543882859282D+01 0.199900828592814D+01
  10 H     0.614294344311377D+01 0.644489882859282D+01 0.758535828592814D+01
  11 H     0.614294344311377D+01 0.240558882859282D+01 0.603580828592814D+01
  12 H     0.793105344311377D+01 0.718474882859282D+01 0.354855828592814D+01
  13 H     0.614294344311377D+01 0.718474882859282D+01 0.354855828592814D+01
  14 H     0.793105344311377D+01 0.240558882859282D+01 0.603580828592815D+01
  15 H     0.793105344311377D+01 0.644489882859282D+01 0.758535828592815D+01
  16 H     0.614294344311377D+01 0.314543882859282D+01 0.199900828592814D+01
  17 H     0.105559834431138D+02 0.548120882859282D+01 0.825645828592814D+01
  18 H     0.351801344311377D+01 0.410912882859282D+01 0.132790828592814D+01
  19 H     0.351801344311377D+01 0.814843882859282D+01 0.421965828592814D+01
  20 H     0.105559834431138D+02 0.144189882859282D+01 0.536470828592814D+01
  21 H     0.351801344311377D+01 0.144189882859282D+01 0.536470828592814D+01
  22 H     0.105559834431138D+02 0.814843882859282D+01 0.421965828592814D+01
  23 H     0.105559834431138D+02 0.410912882859282D+01 0.132790828592814D+01
  24 H     0.351801344311377D+01 0.548120882859282D+01 0.825645828592814D+01
  25 H     0.478115344311377D+01 0.144189882859282D+01 0.825645828592814D+01
  26 H     0.929284344311377D+01 0.814843882859282D+01 0.132790828592814D+01
  27 H     0.929284344311377D+01 0.410912882859282D+01 0.421965828592814D+01
  28 H     0.478115344311377D+01 0.548120882859282D+01 0.536470828592814D+01
  29 H     0.929284344311377D+01 0.548120882859282D+01 0.536470828592814D+01
  30 H     0.478115344311377D+01 0.410912882859282D+01 0.421965828592814D+01
  31 H     0.478115344311377D+01 0.814843882859282D+01 0.132790828592814D+01
  32 H     0.929284344311377D+01 0.144189882859282D+01 0.825645828592814D+01
  33 H     0.929138344311377D+01 0.536776882859282D+01 0.144382828592814D+01
  34 H     0.478261344311377D+01 0.422256882859282D+01 0.814053828592815D+01
  35 H     0.478261344311377D+01 0.826187882859282D+01 0.548062828592814D+01
  36 H     0.929138344311377D+01 0.132845882859282D+01 0.410373828592814D+01
  37 H     0.478261344311377D+01 0.132845882859282D+01 0.410373828592814D+01
  38 H     0.929138344311377D+01 0.826187882859282D+01 0.548062828592814D+01
  39 H     0.929138344311377D+01 0.422256882859282D+01 0.814053828592814D+01
  40 H     0.478261344311377D+01 0.536776882859282D+01 0.144382828592814D+01
  41 H     0.351654344311377D+01 0.132845882859282D+01 0.144382828592814D+01
  42 H     0.105574534431138D+02 0.826187882859282D+01 0.814053828592814D+01
  43 H     0.105574534431138D+02 0.422256882859282D+01 0.548062828592814D+01
  44 H     0.351654344311377D+01 0.536776882859282D+01 0.410373828592814D+01
  45 H     0.105574534431138D+02 0.536776882859282D+01 0.410373828592815D+01
  46 H     0.351654344311377D+01 0.422256882859282D+01 0.548062828592814D+01
  47 H     0.351654344311377D+01 0.826187882859282D+01 0.814053828592815D+01
  48 H     0.105574534431138D+02 0.132845882859282D+01 0.144382828592814D+01
  49 H     0.126216344311377D+01 0.563564882859282D+01 0.203380828592814D+01
  50 H     0.126216344311377D+01 0.395468882859282D+01 0.755055828592814D+01
  51 H     0.126216344311377D+01 0.799399882859282D+01 0.607060828592814D+01
  52 H     0.126216344311377D+01 0.159633882859282D+01 0.351375828592814D+01
  53 H     0.703700344311377D+01 0.159633882859282D+01 0.203380828592814D+01
  54 H     0.703700344311377D+01 0.799399882859282D+01 0.755055828592814D+01
  55 H     0.703700344311377D+01 0.395468882859282D+01 0.607060828592814D+01
  56 H     0.703700344311377D+01 0.563564882859282D+01 0.351375828592814D+01
  57 H     0.126216344311377D+01 0.289048882859282D+01 0.611313828592814D+01
  58 H     0.126216344311377D+01 0.669984882859282D+01 0.347122828592814D+01
  59 H     0.126216344311377D+01 0.266054882859282D+01 0.207633828592814D+01
  60 H     0.126216344311377D+01 0.692979882859282D+01 0.750802828592814D+01
  61 H     0.703700344311377D+01 0.692979882859282D+01 0.611313828592814D+01
  62 H     0.703700344311377D+01 0.266054882859282D+01 0.347122828592814D+01
  63 H     0.703700344311377D+01 0.669984882859282D+01 0.207633828592814D+01
  64 H     0.703700344311377D+01 0.289048882859282D+01 0.750802828592814D+01
  65 C     0.126216344311377D+01 0.263665882859282D+01 0.317173828592814D+01
  66 C     0.126216344311377D+01 0.695367882859282D+01 0.641262828592814D+01
  67 C     0.126216344311377D+01 0.291436882859282D+01 0.720853828592814D+01
  68 C     0.126216344311377D+01 0.667596882859282D+01 0.237582828592814D+01
  69 C     0.703700344311377D+01 0.667596882859282D+01 0.317173828592814D+01
  70 C     0.703700344311377D+01 0.291436882859282D+01 0.641262828592814D+01
  71 C     0.703700344311377D+01 0.695367882859282D+01 0.720853828592814D+01
  72 C     0.703700344311377D+01 0.263665882859282D+01 0.237582828592814D+01
  73 C     0.992267344311377D+01 0.479516882859282D+01 0.755388285928144D+00
  74 C     0.415132344311377D+01 0.479516882859282D+01 0.755388285928144D+00
  75 C     0.415132344311377D+01 0.755858828592816D+00 0.479217828592814D+01
  76 C     0.992267344311377D+01 0.755858828592816D+00 0.479218828592814D+01
  77 C     0.414783344311377D+01 0.755858828592816D+00 0.755388285928144D+00
  78 C     0.992616344311377D+01 0.755858828592816D+00 0.755388285928144D+00
  79 C     0.992616344311377D+01 0.479516882859282D+01 0.479218828592814D+01
  80 C     0.414783344311377D+01 0.479516882859282D+01 0.479217828592814D+01

  F mtn_z04                                                     
   11.4689    8.0221    8.0171
   90.0000   90.0000   90.0000
   1 H     0.214724787425150D+01 0.713736260479042D+01 0.197732572604790D+01
   2 H     0.118283278742515D+02 0.238590260479042D+01 0.754001572604790D+01
   3 H     0.118283278742515D+02 0.639696260479042D+01 0.598589572604790D+01
   4 H     0.214724787425150D+01 0.312630260479042D+01 0.353144572604791D+01
   5 H     0.118283278742515D+02 0.312630260479042D+01 0.353144572604791D+01
   6 H     0.214724787425150D+01 0.639696260479042D+01 0.598589572604790D+01
   7 H     0.214724787425150D+01 0.238590260479042D+01 0.754001572604790D+01
   8 H     0.118283278742515D+02 0.713736260479042D+01 0.197732572604790D+01
   9 H     0.788169787425150D+01 0.312630260479042D+01 0.197732572604790D+01
  10 H     0.609387787425150D+01 0.639696260479042D+01 0.754001572604790D+01
  11 H     0.609387787425150D+01 0.238590260479042D+01 0.598589572604790D+01
  12 H     0.788169787425150D+01 0.713736260479042D+01 0.353144572604791D+01
  13 H     0.609387787425150D+01 0.713736260479042D+01 0.353144572604791D+01
  14 H     0.788169787425150D+01 0.238590260479042D+01 0.598589572604790D+01
  15 H     0.788169787425150D+01 0.639696260479042D+01 0.754001572604790D+01
  16 H     0.609387787425150D+01 0.312630260479042D+01 0.197732572604790D+01
  17 H     0.104866178742515D+02 0.544759260479042D+01 0.819472572604790D+01
  18 H     0.348895787425150D+01 0.407567260479042D+01 0.132261572604791D+01
  19 H     0.348895787425150D+01 0.808673260479042D+01 0.418615572604790D+01
  20 H     0.104866178742515D+02 0.143653260479042D+01 0.533118572604790D+01
  21 H     0.348895787425150D+01 0.143653260479042D+01 0.533118572604790D+01
  22 H     0.104866178742515D+02 0.808673260479042D+01 0.418615572604790D+01
  23 H     0.104866178742515D+02 0.407567260479042D+01 0.132261572604790D+01
  24 H     0.348895787425150D+01 0.544759260479042D+01 0.819472572604790D+01
  25 H     0.475216787425150D+01 0.143653260479042D+01 0.819472572604790D+01
  26 H     0.922340787425150D+01 0.808673260479042D+01 0.132261572604790D+01
  27 H     0.922340787425150D+01 0.407567260479042D+01 0.418615572604791D+01
  28 H     0.475216787425150D+01 0.544759260479042D+01 0.533118572604790D+01
  29 H     0.922340787425150D+01 0.544759260479042D+01 0.533118572604791D+01
  30 H     0.475216787425150D+01 0.407567260479042D+01 0.418615572604790D+01
  31 H     0.475216787425150D+01 0.808673260479042D+01 0.132261572604790D+01
  32 H     0.922340787425150D+01 0.143653260479042D+01 0.819472572604790D+01
  33 H     0.922224787425150D+01 0.533415260479042D+01 0.143860572604790D+01
  34 H     0.475332787425150D+01 0.418911260479042D+01 0.807873572604791D+01
  35 H     0.475332787425150D+01 0.820017260479042D+01 0.544716572604790D+01
  36 H     0.922224787425150D+01 0.132309260479042D+01 0.407017572604791D+01
  37 H     0.475332787425150D+01 0.132309260479042D+01 0.407017572604791D+01
  38 H     0.922224787425150D+01 0.820017260479042D+01 0.544716572604790D+01
  39 H     0.922224787425150D+01 0.418911260479042D+01 0.807873572604791D+01
  40 H     0.475332787425150D+01 0.533415260479042D+01 0.143860572604791D+01
  41 H     0.348779787425150D+01 0.132309260479042D+01 0.143860572604790D+01
  42 H     0.104877778742515D+02 0.820017260479042D+01 0.807873572604791D+01
  43 H     0.104877778742515D+02 0.418911260479042D+01 0.544716572604790D+01
  44 H     0.348779787425150D+01 0.533415260479042D+01 0.407017572604791D+01
  45 H     0.104877778742515D+02 0.533415260479042D+01 0.407017572604791D+01
  46 H     0.348779787425150D+01 0.418911260479042D+01 0.544716572604790D+01
  47 H     0.348779787425150D+01 0.820017260479042D+01 0.807873572604791D+01
  48 H     0.104877778742515D+02 0.132309260479042D+01 0.143860572604790D+01
  49 H     0.125333787425150D+01 0.558831260479042D+01 0.201409572604791D+01
  50 H     0.125333787425150D+01 0.393495260479042D+01 0.750324572604790D+01
  51 H     0.125333787425150D+01 0.794601260479042D+01 0.602265572604790D+01
  52 H     0.125333787425150D+01 0.157725260479042D+01 0.349468572604790D+01
  53 H     0.698778787425150D+01 0.157725260479042D+01 0.201409572604790D+01
  54 H     0.698778787425150D+01 0.794601260479042D+01 0.750324572604790D+01
  55 H     0.698778787425150D+01 0.393495260479042D+01 0.602265572604790D+01
  56 H     0.698778787425150D+01 0.558831260479042D+01 0.349468572604790D+01
  57 H     0.125333787425150D+01 0.286882260479042D+01 0.606745572604791D+01
  58 H     0.125333787425150D+01 0.665444260479042D+01 0.344988572604790D+01
  59 H     0.125333787425150D+01 0.264338260479042D+01 0.205889572604791D+01
  60 H     0.125333787425150D+01 0.687988260479042D+01 0.745844572604790D+01
  61 H     0.698778787425150D+01 0.687988260479042D+01 0.606745572604790D+01
  62 H     0.698778787425150D+01 0.264338260479042D+01 0.344988572604790D+01
  63 H     0.698778787425150D+01 0.665444260479042D+01 0.205889572604791D+01
  64 H     0.698778787425150D+01 0.286882260479042D+01 0.745844572604790D+01
  65 C     0.125333787425150D+01 0.261798260479042D+01 0.315392572604790D+01
  66 C     0.125333787425150D+01 0.690528260479042D+01 0.636341572604791D+01
  67 C     0.125333787425150D+01 0.289422260479042D+01 0.716248572604790D+01
  68 C     0.125333787425150D+01 0.662904260479042D+01 0.235485572604791D+01
  69 C     0.698778787425150D+01 0.662904260479042D+01 0.315392572604790D+01
  70 C     0.698778787425150D+01 0.289422260479042D+01 0.636341572604790D+01
  71 C     0.698778787425150D+01 0.690528260479042D+01 0.716248572604790D+01
  72 C     0.698778787425150D+01 0.261798260479042D+01 0.235485572604791D+01
  73 C     0.985340787425150D+01 0.476163260479042D+01 0.750105726047905D+00
  74 C     0.412216787425150D+01 0.476163260479042D+01 0.750105726047905D+00
  75 C     0.412216787425150D+01 0.750572604790420D+00 0.475866572604791D+01
  76 C     0.985340787425150D+01 0.750572604790420D+00 0.475867572604790D+01
  77 C     0.411895787425150D+01 0.750572604790420D+00 0.750105726047905D+00
  78 C     0.985661787425150D+01 0.750572604790420D+00 0.750105726047905D+00
  79 C     0.985661787425150D+01 0.476163260479042D+01 0.475867572604790D+01
  80 C     0.411895787425150D+01 0.476163260479042D+01 0.475866572604791D+01

  F mtn_z05                                                     
   11.3870    7.9648    7.9599
   90.0000   90.0000   90.0000
   1 H     0.214098553892216D+01 0.726803145209581D+01 0.207081738023952D+01
   2 H     0.117347555389222D+02 0.218721145209581D+01 0.737853738023952D+01
   3 H     0.117347555389222D+02 0.616962145209581D+01 0.605074738023952D+01
   4 H     0.214098553892216D+01 0.328562145209581D+01 0.339860738023952D+01
   5 H     0.117347555389222D+02 0.328562145209581D+01 0.339860738023952D+01
   6 H     0.214098553892216D+01 0.616962145209581D+01 0.605074738023952D+01
   7 H     0.214098553892216D+01 0.218721145209581D+01 0.737853738023952D+01
   8 H     0.117347555389222D+02 0.726803145209581D+01 0.207081738023952D+01
   9 H     0.783446553892216D+01 0.328562145209581D+01 0.207081738023952D+01
  10 H     0.604127553892216D+01 0.616962145209581D+01 0.737853738023952D+01
  11 H     0.604127553892216D+01 0.218721145209581D+01 0.605074738023952D+01
  12 H     0.783446553892216D+01 0.726803145209581D+01 0.339860738023952D+01
  13 H     0.604127553892216D+01 0.726803145209581D+01 0.339860738023952D+01
  14 H     0.783446553892216D+01 0.218721145209581D+01 0.605074738023952D+01
  15 H     0.783446553892216D+01 0.616962145209581D+01 0.737853738023952D+01
  16 H     0.604127553892216D+01 0.328562145209581D+01 0.207081738023952D+01
  17 H     0.105084755389222D+02 0.542265145209581D+01 0.814347738023952D+01
  18 H     0.336726553892216D+01 0.403259145209581D+01 0.130587738023952D+01
  19 H     0.336726553892216D+01 0.801500145209581D+01 0.416354738023952D+01
  20 H     0.105084755389222D+02 0.144024145209581D+01 0.528580738023952D+01
  21 H     0.336726553892216D+01 0.144024145209581D+01 0.528580738023952D+01
  22 H     0.105084755389222D+02 0.801500145209581D+01 0.416354738023952D+01
  23 H     0.105084755389222D+02 0.403259145209581D+01 0.130587738023952D+01
  24 H     0.336726553892216D+01 0.542265145209581D+01 0.814347738023952D+01
  25 H     0.481498553892216D+01 0.144024145209581D+01 0.814347738023952D+01
  26 H     0.906075553892216D+01 0.801500145209581D+01 0.130587738023952D+01
  27 H     0.906075553892216D+01 0.403259145209581D+01 0.416354738023952D+01
  28 H     0.481498553892216D+01 0.542265145209581D+01 0.528580738023952D+01
  29 H     0.906075553892216D+01 0.542265145209581D+01 0.528580738023952D+01
  30 H     0.481498553892216D+01 0.403259145209581D+01 0.416354738023952D+01
  31 H     0.481498553892216D+01 0.801500145209581D+01 0.130587738023952D+01
  32 H     0.906075553892216D+01 0.144024145209581D+01 0.814347738023952D+01
  33 H     0.924381553892216D+01 0.529127145209581D+01 0.143842738023952D+01
  34 H     0.463192553892216D+01 0.416397145209581D+01 0.801092738023952D+01
  35 H     0.463192553892216D+01 0.814638145209581D+01 0.541835738023952D+01
  36 H     0.924381553892216D+01 0.130886145209581D+01 0.403099738023952D+01
  37 H     0.463192553892216D+01 0.130886145209581D+01 0.403099738023952D+01
  38 H     0.924381553892216D+01 0.814638145209581D+01 0.541835738023952D+01
  39 H     0.924381553892216D+01 0.416397145209581D+01 0.801092738023952D+01
  40 H     0.463192553892216D+01 0.529127145209581D+01 0.143842738023952D+01
  41 H     0.355032553892216D+01 0.130886145209581D+01 0.143842738023952D+01
  42 H     0.103254155389222D+02 0.814638145209581D+01 0.801092738023952D+01
  43 H     0.103254155389222D+02 0.416397145209581D+01 0.541835738023952D+01
  44 H     0.355032553892216D+01 0.529127145209581D+01 0.403099738023952D+01
  45 H     0.103254155389222D+02 0.529127145209581D+01 0.403099738023952D+01
  46 H     0.355032553892216D+01 0.416397145209581D+01 0.541835738023952D+01
  47 H     0.355032553892216D+01 0.814638145209581D+01 0.801092738023952D+01
  48 H     0.103254155389222D+02 0.130886145209581D+01 0.143842738023952D+01
  49 H     0.124438553892216D+01 0.573024145209581D+01 0.187752738023952D+01
  50 H     0.124438553892216D+01 0.372500145209581D+01 0.757182738023952D+01
  51 H     0.124438553892216D+01 0.770741145209581D+01 0.585745738023952D+01
  52 H     0.124438553892216D+01 0.174783145209581D+01 0.359189738023952D+01
  53 H     0.693786553892216D+01 0.174783145209581D+01 0.187752738023952D+01
  54 H     0.693786553892216D+01 0.770741145209581D+01 0.757182738023952D+01
  55 H     0.693786553892216D+01 0.372500145209581D+01 0.585745738023952D+01
  56 H     0.693786553892216D+01 0.573024145209581D+01 0.359189738023952D+01
  57 H     0.124438553892216D+01 0.295896145209581D+01 0.490518738023952D+01
  58 H     0.124438553892216D+01 0.649628145209581D+01 0.454416738023952D+01
  59 H     0.124438553892216D+01 0.251387145209581D+01 0.925257380239523D+00
  60 H     0.124438553892216D+01 0.694137145209581D+01 0.852409738023952D+01
  61 H     0.693786553892216D+01 0.694137145209581D+01 0.490518738023952D+01
  62 H     0.693786553892216D+01 0.251387145209581D+01 0.454416738023952D+01
  63 H     0.693786553892216D+01 0.649628145209581D+01 0.925257380239523D+00
  64 H     0.693786553892216D+01 0.295896145209581D+01 0.852409738023952D+01
  65 C     0.124438553892216D+01 0.281925145209581D+01 0.381936738023952D+01
  66 C     0.124438553892216D+01 0.663599145209581D+01 0.562998738023952D+01
  67 C     0.124438553892216D+01 0.265358145209581D+01 0.779929738023952D+01
  68 C     0.124438553892216D+01 0.680166145209581D+01 0.165005738023952D+01
  69 C     0.693786553892216D+01 0.680166145209581D+01 0.381936738023952D+01
  70 C     0.693786553892216D+01 0.265358145209581D+01 0.562998738023952D+01
  71 C     0.693786553892216D+01 0.663599145209581D+01 0.779929738023952D+01
  72 C     0.693786553892216D+01 0.281925145209581D+01 0.165005738023952D+01
  73 C     0.987586553892216D+01 0.472762145209581D+01 0.744747380239523D+00
  74 C     0.399987553892216D+01 0.472762145209581D+01 0.744747380239523D+00
  75 C     0.399987553892216D+01 0.745211452095807D+00 0.472467738023952D+01
  76 C     0.987586553892216D+01 0.745211452095807D+00 0.472467738023952D+01
  77 C     0.418238553892216D+01 0.745211452095807D+00 0.744747380239523D+00
  78 C     0.969335553892216D+01 0.745211452095807D+00 0.744747380239523D+00
  79 C     0.969335553892216D+01 0.472762145209581D+01 0.472467738023952D+01
  80 C     0.418238553892216D+01 0.472762145209581D+01 0.472467738023952D+01

  F mtn_z06                                                     
   11.3039    7.9067    7.9018
   90.0000   90.0000   90.0000
   1 H     0.213145988023952D+01 0.715674170658683D+01 0.245436137724551D+01
   2 H     0.116429898802395D+02 0.222948170658683D+01 0.692602137724551D+01
   3 H     0.116429898802395D+02 0.618282170658683D+01 0.640524137724551D+01
   4 H     0.213145988023952D+01 0.320340170658683D+01 0.297514137724551D+01
   5 H     0.116429898802395D+02 0.320340170658683D+01 0.297514137724551D+01
   6 H     0.213145988023952D+01 0.618282170658683D+01 0.640524137724551D+01
   7 H     0.213145988023952D+01 0.222948170658683D+01 0.692602137724551D+01
   8 H     0.116429898802395D+02 0.715674170658683D+01 0.245436137724551D+01
   9 H     0.778337988023952D+01 0.320340170658683D+01 0.245436137724551D+01
  10 H     0.599106988023952D+01 0.618282170658683D+01 0.692602137724551D+01
  11 H     0.599106988023952D+01 0.222948170658683D+01 0.640524137724551D+01
  12 H     0.778337988023952D+01 0.715674170658683D+01 0.297514137724551D+01
  13 H     0.599106988023952D+01 0.715674170658683D+01 0.297514137724551D+01
  14 H     0.778337988023952D+01 0.222948170658683D+01 0.640524137724551D+01
  15 H     0.778337988023952D+01 0.618282170658683D+01 0.692602137724551D+01
  16 H     0.599106988023952D+01 0.320340170658683D+01 0.245436137724551D+01
  17 H     0.104130798802395D+02 0.536944170658683D+01 0.805994137724551D+01
  18 H     0.336136988023952D+01 0.401678170658683D+01 0.132044137724551D+01
  19 H     0.336136988023952D+01 0.797012170658683D+01 0.410906137724551D+01
  20 H     0.104130798802395D+02 0.141610170658683D+01 0.527132137724551D+01
  21 H     0.336136988023952D+01 0.141610170658683D+01 0.527132137724551D+01
  22 H     0.104130798802395D+02 0.797012170658683D+01 0.410906137724551D+01
  23 H     0.104130798802395D+02 0.401678170658683D+01 0.132044137724551D+01
  24 H     0.336136988023952D+01 0.536944170658683D+01 0.805994137724551D+01
  25 H     0.476114988023952D+01 0.141610170658683D+01 0.805994137724551D+01
  26 H     0.901329988023952D+01 0.797012170658683D+01 0.132044137724551D+01
  27 H     0.901329988023952D+01 0.401678170658683D+01 0.410906137724551D+01
  28 H     0.476114988023952D+01 0.536944170658683D+01 0.527132137724551D+01
  29 H     0.901329988023952D+01 0.536944170658683D+01 0.527132137724551D+01
  30 H     0.476114988023952D+01 0.401678170658683D+01 0.410906137724551D+01
  31 H     0.476114988023952D+01 0.797012170658683D+01 0.132044137724551D+01
  32 H     0.901329988023952D+01 0.141610170658683D+01 0.805994137724551D+01
  33 H     0.914797988023952D+01 0.527842170658683D+01 0.141586137724551D+01
  34 H     0.462646988023952D+01 0.410780170658683D+01 0.796452137724551D+01
  35 H     0.462646988023952D+01 0.806114170658683D+01 0.536674137724551D+01
  36 H     0.914797988023952D+01 0.132508170658683D+01 0.401364137724551D+01
  37 H     0.462646988023952D+01 0.132508170658683D+01 0.401364137724551D+01
  38 H     0.914797988023952D+01 0.806114170658683D+01 0.536674137724551D+01
  39 H     0.914797988023952D+01 0.410780170658683D+01 0.796452137724551D+01
  40 H     0.462646988023952D+01 0.527842170658683D+01 0.141586137724551D+01
  41 H     0.349605988023952D+01 0.132508170658683D+01 0.141586137724551D+01
  42 H     0.102783898802395D+02 0.806114170658683D+01 0.796452137724551D+01
  43 H     0.102783898802395D+02 0.410780170658683D+01 0.536674137724551D+01
  44 H     0.349605988023952D+01 0.527842170658683D+01 0.401364137724551D+01
  45 H     0.102783898802395D+02 0.527842170658683D+01 0.401364137724551D+01
  46 H     0.349605988023952D+01 0.410780170658683D+01 0.536674137724551D+01
  47 H     0.349605988023952D+01 0.806114170658683D+01 0.796452137724551D+01
  48 H     0.102783898802395D+02 0.132508170658683D+01 0.141586137724551D+01
  49 H     0.123529988023952D+01 0.562781170658683D+01 0.219441137724551D+01
  50 H     0.123529988023952D+01 0.375841170658683D+01 0.718597137724551D+01
  51 H     0.123529988023952D+01 0.771175170658683D+01 0.614529137724551D+01
  52 H     0.123529988023952D+01 0.167447170658683D+01 0.323509137724551D+01
  53 H     0.688722988023952D+01 0.167447170658683D+01 0.219441137724551D+01
  54 H     0.688722988023952D+01 0.771175170658683D+01 0.718597137724551D+01
  55 H     0.688722988023952D+01 0.375841170658683D+01 0.614529137724551D+01
  56 H     0.688722988023952D+01 0.562781170658683D+01 0.323509137724551D+01
  57 H     0.123529988023952D+01 0.294431170658683D+01 0.449331137724551D+01
  58 H     0.123529988023952D+01 0.644191170658683D+01 0.488707137724551D+01
  59 H     0.123529988023952D+01 0.248857170658683D+01 0.844419137724551D+01
  60 H     0.123529988023952D+01 0.689765170658683D+01 0.936191377245511D+00
  61 H     0.688722988023952D+01 0.689765170658683D+01 0.449331137724551D+01
  62 H     0.688722988023952D+01 0.248857170658683D+01 0.488707137724551D+01
  63 H     0.688722988023952D+01 0.644191170658683D+01 0.844419137724551D+01
  64 H     0.688722988023952D+01 0.294431170658683D+01 0.936191377245511D+00
  65 C     0.123529988023952D+01 0.275397170658683D+01 0.341560137724551D+01
  66 C     0.123529988023952D+01 0.663225170658683D+01 0.596478137724551D+01
  67 C     0.123529988023952D+01 0.267891170658683D+01 0.736648137724551D+01
  68 C     0.123529988023952D+01 0.670731170658683D+01 0.201390137724551D+01
  69 C     0.688722988023952D+01 0.670731170658683D+01 0.341560137724551D+01
  70 C     0.688722988023952D+01 0.267891170658683D+01 0.596478137724551D+01
  71 C     0.688722988023952D+01 0.663225170658683D+01 0.736648137724551D+01
  72 C     0.688722988023952D+01 0.275397170658683D+01 0.201390137724551D+01
  73 C     0.977869988023952D+01 0.469311170658683D+01 0.739311377245511D+00
  74 C     0.399574988023952D+01 0.469311170658683D+01 0.739311377245511D+00
  75 C     0.399574988023952D+01 0.739771706586827D+00 0.469019137724551D+01
  76 C     0.977869988023952D+01 0.739771706586827D+00 0.469019137724551D+01
  77 C     0.412677988023952D+01 0.739771706586827D+00 0.739311377245511D+00
  78 C     0.964766988023952D+01 0.739771706586827D+00 0.739311377245511D+00
  79 C     0.964766988023952D+01 0.469311170658683D+01 0.469019137724551D+01
  80 C     0.412677988023952D+01 0.469311170658683D+01 0.469019137724551D+01

