 Lattice parameters:
    11.30385000     7.90668000     7.90176000
    90.00000000    90.00000000    90.00000000
  80 Atom coordinates (Angstrom):
   0.213145988023952D+01   0.715674170658683D+01   0.245436137724551D+01 H1   
   0.116429898802395D+02   0.222948170658683D+01   0.692602137724551D+01 H2   
   0.116429898802395D+02   0.618282170658683D+01   0.640524137724551D+01 H3   
   0.213145988023952D+01   0.320340170658683D+01   0.297514137724551D+01 H4   
   0.116429898802395D+02   0.320340170658683D+01   0.297514137724551D+01 H5   
   0.213145988023952D+01   0.618282170658683D+01   0.640524137724551D+01 H6   
   0.213145988023952D+01   0.222948170658683D+01   0.692602137724551D+01 H7   
   0.116429898802395D+02   0.715674170658683D+01   0.245436137724551D+01 H8   
   0.778337988023952D+01   0.320340170658683D+01   0.245436137724551D+01 H9   
   0.599106988023952D+01   0.618282170658683D+01   0.692602137724551D+01 H10  
   0.599106988023952D+01   0.222948170658683D+01   0.640524137724551D+01 H11  
   0.778337988023952D+01   0.715674170658683D+01   0.297514137724551D+01 H12  
   0.599106988023952D+01   0.715674170658683D+01   0.297514137724551D+01 H13  
   0.778337988023952D+01   0.222948170658683D+01   0.640524137724551D+01 H14  
   0.778337988023952D+01   0.618282170658683D+01   0.692602137724551D+01 H15  
   0.599106988023952D+01   0.320340170658683D+01   0.245436137724551D+01 H16  
   0.104130798802395D+02   0.536944170658683D+01   0.805994137724551D+01 H17  
   0.336136988023952D+01   0.401678170658683D+01   0.132044137724551D+01 H18  
   0.336136988023952D+01   0.797012170658683D+01   0.410906137724551D+01 H19  
   0.104130798802395D+02   0.141610170658683D+01   0.527132137724551D+01 H20  
   0.336136988023952D+01   0.141610170658683D+01   0.527132137724551D+01 H21  
   0.104130798802395D+02   0.797012170658683D+01   0.410906137724551D+01 H22  
   0.104130798802395D+02   0.401678170658683D+01   0.132044137724551D+01 H23  
   0.336136988023952D+01   0.536944170658683D+01   0.805994137724551D+01 H24  
   0.476114988023952D+01   0.141610170658683D+01   0.805994137724551D+01 H25  
   0.901329988023952D+01   0.797012170658683D+01   0.132044137724551D+01 H26  
   0.901329988023952D+01   0.401678170658683D+01   0.410906137724551D+01 H27  
   0.476114988023952D+01   0.536944170658683D+01   0.527132137724551D+01 H28  
   0.901329988023952D+01   0.536944170658683D+01   0.527132137724551D+01 H29  
   0.476114988023952D+01   0.401678170658683D+01   0.410906137724551D+01 H30  
   0.476114988023952D+01   0.797012170658683D+01   0.132044137724551D+01 H31  
   0.901329988023952D+01   0.141610170658683D+01   0.805994137724551D+01 H32  
   0.914797988023952D+01   0.527842170658683D+01   0.141586137724551D+01 H33  
   0.462646988023952D+01   0.410780170658683D+01   0.796452137724551D+01 H34  
   0.462646988023952D+01   0.806114170658683D+01   0.536674137724551D+01 H35  
   0.914797988023952D+01   0.132508170658683D+01   0.401364137724551D+01 H36  
   0.462646988023952D+01   0.132508170658683D+01   0.401364137724551D+01 H37  
   0.914797988023952D+01   0.806114170658683D+01   0.536674137724551D+01 H38  
   0.914797988023952D+01   0.410780170658683D+01   0.796452137724551D+01 H39  
   0.462646988023952D+01   0.527842170658683D+01   0.141586137724551D+01 H40  
   0.349605988023952D+01   0.132508170658683D+01   0.141586137724551D+01 H41  
   0.102783898802395D+02   0.806114170658683D+01   0.796452137724551D+01 H42  
   0.102783898802395D+02   0.410780170658683D+01   0.536674137724551D+01 H43  
   0.349605988023952D+01   0.527842170658683D+01   0.401364137724551D+01 H44  
   0.102783898802395D+02   0.527842170658683D+01   0.401364137724551D+01 H45  
   0.349605988023952D+01   0.410780170658683D+01   0.536674137724551D+01 H46  
   0.349605988023952D+01   0.806114170658683D+01   0.796452137724551D+01 H47  
   0.102783898802395D+02   0.132508170658683D+01   0.141586137724551D+01 H48  
   0.123529988023952D+01   0.562781170658683D+01   0.219441137724551D+01 H49  
   0.123529988023952D+01   0.375841170658683D+01   0.718597137724551D+01 H50  
   0.123529988023952D+01   0.771175170658683D+01   0.614529137724551D+01 H51  
   0.123529988023952D+01   0.167447170658683D+01   0.323509137724551D+01 H52  
   0.688722988023952D+01   0.167447170658683D+01   0.219441137724551D+01 H53  
   0.688722988023952D+01   0.771175170658683D+01   0.718597137724551D+01 H54  
   0.688722988023952D+01   0.375841170658683D+01   0.614529137724551D+01 H55  
   0.688722988023952D+01   0.562781170658683D+01   0.323509137724551D+01 H56  
   0.123529988023952D+01   0.294431170658683D+01   0.449331137724551D+01 H57  
   0.123529988023952D+01   0.644191170658683D+01   0.488707137724551D+01 H58  
   0.123529988023952D+01   0.248857170658683D+01   0.844419137724551D+01 H59  
   0.123529988023952D+01   0.689765170658683D+01   0.936191377245511D+00 H60  
   0.688722988023952D+01   0.689765170658683D+01   0.449331137724551D+01 H61  
   0.688722988023952D+01   0.248857170658683D+01   0.488707137724551D+01 H62  
   0.688722988023952D+01   0.644191170658683D+01   0.844419137724551D+01 H63  
   0.688722988023952D+01   0.294431170658683D+01   0.936191377245511D+00 H64  
   0.123529988023952D+01   0.275397170658683D+01   0.341560137724551D+01 C65  
   0.123529988023952D+01   0.663225170658683D+01   0.596478137724551D+01 C66  
   0.123529988023952D+01   0.267891170658683D+01   0.736648137724551D+01 C67  
   0.123529988023952D+01   0.670731170658683D+01   0.201390137724551D+01 C68  
   0.688722988023952D+01   0.670731170658683D+01   0.341560137724551D+01 C69  
   0.688722988023952D+01   0.267891170658683D+01   0.596478137724551D+01 C70  
   0.688722988023952D+01   0.663225170658683D+01   0.736648137724551D+01 C71  
   0.688722988023952D+01   0.275397170658683D+01   0.201390137724551D+01 C72  
   0.977869988023952D+01   0.469311170658683D+01   0.739311377245511D+00 C73  
   0.399574988023952D+01   0.469311170658683D+01   0.739311377245511D+00 C74  
   0.399574988023952D+01   0.739771706586827D+00   0.469019137724551D+01 C75  
   0.977869988023952D+01   0.739771706586827D+00   0.469019137724551D+01 C76  
   0.412677988023952D+01   0.739771706586827D+00   0.739311377245511D+00 C77  
   0.964766988023952D+01   0.739771706586827D+00   0.739311377245511D+00 C78  
   0.964766988023952D+01   0.469311170658683D+01   0.469019137724551D+01 C79  
   0.412677988023952D+01   0.469311170658683D+01   0.469019137724551D+01 C80  
 Atom velocities (Angstrom/s):
  -0.000000000000000D+00  -0.000000000000000D+00  -0.000000000000000D+00
   0.000000000000000D+00  -0.000000000000000D+00   0.000000000000000D+00
   0.000000000000000D+00   0.000000000000000D+00   0.000000000000000D+00
  -0.000000000000000D+00  -0.000000000000000D+00   0.000000000000000D+00
  -0.000000000000000D+00  -0.000000000000000D+00   0.000000000000000D+00
  -0.000000000000000D+00  -0.000000000000000D+00  -0.000000000000000D+00
  -0.000000000000000D+00  -0.000000000000000D+00  -0.000000000000000D+00
   0.000000000000000D+00   0.000000000000000D+00  -0.000000000000000D+00
  -0.000000000000000D+00  -0.000000000000000D+00  -0.000000000000000D+00
   0.000000000000000D+00   0.000000000000000D+00  -0.000000000000000D+00
   0.000000000000000D+00  -0.000000000000000D+00  -0.000000000000000D+00
   0.000000000000000D+00  -0.000000000000000D+00   0.000000000000000D+00
  -0.000000000000000D+00  -0.000000000000000D+00   0.000000000000000D+00
   0.000000000000000D+00  -0.000000000000000D+00   0.000000000000000D+00
   0.000000000000000D+00   0.000000000000000D+00   0.000000000000000D+00
  -0.000000000000000D+00  -0.000000000000000D+00   0.000000000000000D+00
  -0.000000000000000D+00   0.000000000000000D+00  -0.000000000000000D+00
   0.000000000000000D+00   0.000000000000000D+00  -0.000000000000000D+00
   0.000000000000000D+00   0.000000000000000D+00   0.000000000000000D+00
  -0.000000000000000D+00   0.000000000000000D+00  -0.000000000000000D+00
  -0.000000000000000D+00  -0.000000000000000D+00  -0.000000000000000D+00
   0.000000000000000D+00  -0.000000000000000D+00   0.000000000000000D+00
  -0.000000000000000D+00   0.000000000000000D+00   0.000000000000000D+00
   0.000000000000000D+00   0.000000000000000D+00  -0.000000000000000D+00
   0.000000000000000D+00  -0.000000000000000D+00   0.000000000000000D+00
  -0.000000000000000D+00   0.000000000000000D+00   0.000000000000000D+00
   0.000000000000000D+00  -0.000000000000000D+00   0.000000000000000D+00
   0.000000000000000D+00   0.000000000000000D+00   0.000000000000000D+00
  -0.000000000000000D+00   0.000000000000000D+00  -0.000000000000000D+00
   0.000000000000000D+00   0.000000000000000D+00   0.000000000000000D+00
  -0.000000000000000D+00  -0.000000000000000D+00  -0.000000000000000D+00
  -0.000000000000000D+00   0.000000000000000D+00  -0.000000000000000D+00
   0.000000000000000D+00   0.000000000000000D+00  -0.000000000000000D+00
   0.000000000000000D+00   0.000000000000000D+00   0.000000000000000D+00
   0.000000000000000D+00   0.000000000000000D+00   0.000000000000000D+00
   0.000000000000000D+00  -0.000000000000000D+00  -0.000000000000000D+00
  -0.000000000000000D+00   0.000000000000000D+00  -0.000000000000000D+00
  -0.000000000000000D+00  -0.000000000000000D+00  -0.000000000000000D+00
   0.000000000000000D+00   0.000000000000000D+00  -0.000000000000000D+00
   0.000000000000000D+00   0.000000000000000D+00  -0.000000000000000D+00
  -0.000000000000000D+00   0.000000000000000D+00   0.000000000000000D+00
  -0.000000000000000D+00  -0.000000000000000D+00  -0.000000000000000D+00
   0.000000000000000D+00  -0.000000000000000D+00   0.000000000000000D+00
   0.000000000000000D+00  -0.000000000000000D+00  -0.000000000000000D+00
   0.000000000000000D+00   0.000000000000000D+00   0.000000000000000D+00
   0.000000000000000D+00  -0.000000000000000D+00  -0.000000000000000D+00
  -0.000000000000000D+00   0.000000000000000D+00   0.000000000000000D+00
  -0.000000000000000D+00  -0.000000000000000D+00  -0.000000000000000D+00
   0.000000000000000D+00  -0.000000000000000D+00   0.000000000000000D+00
   0.000000000000000D+00  -0.000000000000000D+00  -0.000000000000000D+00
  -0.000000000000000D+00  -0.000000000000000D+00   0.000000000000000D+00
  -0.000000000000000D+00   0.000000000000000D+00   0.000000000000000D+00
   0.000000000000000D+00   0.000000000000000D+00   0.000000000000000D+00
   0.000000000000000D+00  -0.000000000000000D+00   0.000000000000000D+00
   0.000000000000000D+00  -0.000000000000000D+00  -0.000000000000000D+00
   0.000000000000000D+00  -0.000000000000000D+00   0.000000000000000D+00
   0.000000000000000D+00   0.000000000000000D+00   0.000000000000000D+00
  -0.000000000000000D+00   0.000000000000000D+00  -0.000000000000000D+00
   0.000000000000000D+00   0.000000000000000D+00  -0.000000000000000D+00
  -0.000000000000000D+00   0.000000000000000D+00   0.000000000000000D+00
   0.000000000000000D+00  -0.000000000000000D+00   0.000000000000000D+00
   0.000000000000000D+00   0.000000000000000D+00  -0.000000000000000D+00
  -0.000000000000000D+00   0.000000000000000D+00  -0.000000000000000D+00
   0.000000000000000D+00  -0.000000000000000D+00   0.000000000000000D+00
  -0.000000000000000D+00   0.000000000000000D+00   0.000000000000000D+00
  -0.000000000000000D+00  -0.000000000000000D+00   0.000000000000000D+00
   0.000000000000000D+00  -0.000000000000000D+00   0.000000000000000D+00
  -0.000000000000000D+00  -0.000000000000000D+00  -0.000000000000000D+00
  -0.000000000000000D+00  -0.000000000000000D+00  -0.000000000000000D+00
  -0.000000000000000D+00   0.000000000000000D+00  -0.000000000000000D+00
   0.000000000000000D+00   0.000000000000000D+00  -0.000000000000000D+00
  -0.000000000000000D+00   0.000000000000000D+00   0.000000000000000D+00
  -0.000000000000000D+00  -0.000000000000000D+00  -0.000000000000000D+00
  -0.000000000000000D+00  -0.000000000000000D+00  -0.000000000000000D+00
   0.000000000000000D+00   0.000000000000000D+00   0.000000000000000D+00
  -0.000000000000000D+00  -0.000000000000000D+00   0.000000000000000D+00
  -0.000000000000000D+00  -0.000000000000000D+00   0.000000000000000D+00
  -0.000000000000000D+00  -0.000000000000000D+00   0.000000000000000D+00
  -0.000000000000000D+00   0.000000000000000D+00  -0.000000000000000D+00
  -0.000000000000000D+00  -0.000000000000000D+00   0.000000000000000D+00
 Atom accelerations (Angstrom/s**2):
   0.000000000000000D+00   0.000000000000000D+00   0.000000000000000D+00
   0.000000000000000D+00   0.000000000000000D+00   0.000000000000000D+00
   0.000000000000000D+00   0.000000000000000D+00   0.000000000000000D+00
   0.000000000000000D+00   0.000000000000000D+00   0.000000000000000D+00
   0.000000000000000D+00   0.000000000000000D+00   0.000000000000000D+00
   0.000000000000000D+00   0.000000000000000D+00   0.000000000000000D+00
   0.000000000000000D+00   0.000000000000000D+00   0.000000000000000D+00
   0.000000000000000D+00   0.000000000000000D+00   0.000000000000000D+00
   0.000000000000000D+00   0.000000000000000D+00   0.000000000000000D+00
   0.000000000000000D+00   0.000000000000000D+00   0.000000000000000D+00
   0.000000000000000D+00   0.000000000000000D+00   0.000000000000000D+00
   0.000000000000000D+00   0.000000000000000D+00   0.000000000000000D+00
   0.000000000000000D+00   0.000000000000000D+00   0.000000000000000D+00
   0.000000000000000D+00   0.000000000000000D+00   0.000000000000000D+00
   0.000000000000000D+00   0.000000000000000D+00   0.000000000000000D+00
   0.000000000000000D+00   0.000000000000000D+00   0.000000000000000D+00
   0.000000000000000D+00   0.000000000000000D+00   0.000000000000000D+00
   0.000000000000000D+00   0.000000000000000D+00   0.000000000000000D+00
   0.000000000000000D+00   0.000000000000000D+00   0.000000000000000D+00
   0.000000000000000D+00   0.000000000000000D+00   0.000000000000000D+00
   0.000000000000000D+00   0.000000000000000D+00   0.000000000000000D+00
   0.000000000000000D+00   0.000000000000000D+00   0.000000000000000D+00
   0.000000000000000D+00   0.000000000000000D+00   0.000000000000000D+00
   0.000000000000000D+00   0.000000000000000D+00   0.000000000000000D+00
   0.000000000000000D+00   0.000000000000000D+00   0.000000000000000D+00
   0.000000000000000D+00   0.000000000000000D+00   0.000000000000000D+00
   0.000000000000000D+00   0.000000000000000D+00   0.000000000000000D+00
   0.000000000000000D+00   0.000000000000000D+00   0.000000000000000D+00
   0.000000000000000D+00   0.000000000000000D+00   0.000000000000000D+00
   0.000000000000000D+00   0.000000000000000D+00   0.000000000000000D+00
   0.000000000000000D+00   0.000000000000000D+00   0.000000000000000D+00
   0.000000000000000D+00   0.000000000000000D+00   0.000000000000000D+00
   0.000000000000000D+00   0.000000000000000D+00   0.000000000000000D+00
   0.000000000000000D+00   0.000000000000000D+00   0.000000000000000D+00
   0.000000000000000D+00   0.000000000000000D+00   0.000000000000000D+00
   0.000000000000000D+00   0.000000000000000D+00   0.000000000000000D+00
   0.000000000000000D+00   0.000000000000000D+00   0.000000000000000D+00
   0.000000000000000D+00   0.000000000000000D+00   0.000000000000000D+00
   0.000000000000000D+00   0.000000000000000D+00   0.000000000000000D+00
   0.000000000000000D+00   0.000000000000000D+00   0.000000000000000D+00
   0.000000000000000D+00   0.000000000000000D+00   0.000000000000000D+00
   0.000000000000000D+00   0.000000000000000D+00   0.000000000000000D+00
   0.000000000000000D+00   0.000000000000000D+00   0.000000000000000D+00
   0.000000000000000D+00   0.000000000000000D+00   0.000000000000000D+00
   0.000000000000000D+00   0.000000000000000D+00   0.000000000000000D+00
   0.000000000000000D+00   0.000000000000000D+00   0.000000000000000D+00
   0.000000000000000D+00   0.000000000000000D+00   0.000000000000000D+00
   0.000000000000000D+00   0.000000000000000D+00   0.000000000000000D+00
   0.000000000000000D+00   0.000000000000000D+00   0.000000000000000D+00
   0.000000000000000D+00   0.000000000000000D+00   0.000000000000000D+00
   0.000000000000000D+00   0.000000000000000D+00   0.000000000000000D+00
   0.000000000000000D+00   0.000000000000000D+00   0.000000000000000D+00
   0.000000000000000D+00   0.000000000000000D+00   0.000000000000000D+00
   0.000000000000000D+00   0.000000000000000D+00   0.000000000000000D+00
   0.000000000000000D+00   0.000000000000000D+00   0.000000000000000D+00
   0.000000000000000D+00   0.000000000000000D+00   0.000000000000000D+00
   0.000000000000000D+00   0.000000000000000D+00   0.000000000000000D+00
   0.000000000000000D+00   0.000000000000000D+00   0.000000000000000D+00
   0.000000000000000D+00   0.000000000000000D+00   0.000000000000000D+00
   0.000000000000000D+00   0.000000000000000D+00   0.000000000000000D+00
   0.000000000000000D+00   0.000000000000000D+00   0.000000000000000D+00
   0.000000000000000D+00   0.000000000000000D+00   0.000000000000000D+00
   0.000000000000000D+00   0.000000000000000D+00   0.000000000000000D+00
   0.000000000000000D+00   0.000000000000000D+00   0.000000000000000D+00
   0.000000000000000D+00   0.000000000000000D+00   0.000000000000000D+00
   0.000000000000000D+00   0.000000000000000D+00   0.000000000000000D+00
   0.000000000000000D+00   0.000000000000000D+00   0.000000000000000D+00
   0.000000000000000D+00   0.000000000000000D+00   0.000000000000000D+00
   0.000000000000000D+00   0.000000000000000D+00   0.000000000000000D+00
   0.000000000000000D+00   0.000000000000000D+00   0.000000000000000D+00
   0.000000000000000D+00   0.000000000000000D+00   0.000000000000000D+00
   0.000000000000000D+00   0.000000000000000D+00   0.000000000000000D+00
   0.000000000000000D+00   0.000000000000000D+00   0.000000000000000D+00
   0.000000000000000D+00   0.000000000000000D+00   0.000000000000000D+00
   0.000000000000000D+00   0.000000000000000D+00   0.000000000000000D+00
   0.000000000000000D+00   0.000000000000000D+00   0.000000000000000D+00
   0.000000000000000D+00   0.000000000000000D+00   0.000000000000000D+00
   0.000000000000000D+00   0.000000000000000D+00   0.000000000000000D+00
   0.000000000000000D+00   0.000000000000000D+00   0.000000000000000D+00
   0.000000000000000D+00   0.000000000000000D+00   0.000000000000000D+00
 Previous atom accelerations:
   0.000000000000000D+00   0.000000000000000D+00   0.000000000000000D+00
   0.000000000000000D+00   0.000000000000000D+00   0.000000000000000D+00
   0.000000000000000D+00   0.000000000000000D+00   0.000000000000000D+00
   0.000000000000000D+00   0.000000000000000D+00   0.000000000000000D+00
   0.000000000000000D+00   0.000000000000000D+00   0.000000000000000D+00
   0.000000000000000D+00   0.000000000000000D+00   0.000000000000000D+00
   0.000000000000000D+00   0.000000000000000D+00   0.000000000000000D+00
   0.000000000000000D+00   0.000000000000000D+00   0.000000000000000D+00
   0.000000000000000D+00   0.000000000000000D+00   0.000000000000000D+00
   0.000000000000000D+00   0.000000000000000D+00   0.000000000000000D+00
   0.000000000000000D+00   0.000000000000000D+00   0.000000000000000D+00
   0.000000000000000D+00   0.000000000000000D+00   0.000000000000000D+00
   0.000000000000000D+00   0.000000000000000D+00   0.000000000000000D+00
   0.000000000000000D+00   0.000000000000000D+00   0.000000000000000D+00
   0.000000000000000D+00   0.000000000000000D+00   0.000000000000000D+00
   0.000000000000000D+00   0.000000000000000D+00   0.000000000000000D+00
   0.000000000000000D+00   0.000000000000000D+00   0.000000000000000D+00
   0.000000000000000D+00   0.000000000000000D+00   0.000000000000000D+00
   0.000000000000000D+00   0.000000000000000D+00   0.000000000000000D+00
   0.000000000000000D+00   0.000000000000000D+00   0.000000000000000D+00
   0.000000000000000D+00   0.000000000000000D+00   0.000000000000000D+00
   0.000000000000000D+00   0.000000000000000D+00   0.000000000000000D+00
   0.000000000000000D+00   0.000000000000000D+00   0.000000000000000D+00
   0.000000000000000D+00   0.000000000000000D+00   0.000000000000000D+00
   0.000000000000000D+00   0.000000000000000D+00   0.000000000000000D+00
   0.000000000000000D+00   0.000000000000000D+00   0.000000000000000D+00
   0.000000000000000D+00   0.000000000000000D+00   0.000000000000000D+00
   0.000000000000000D+00   0.000000000000000D+00   0.000000000000000D+00
   0.000000000000000D+00   0.000000000000000D+00   0.000000000000000D+00
   0.000000000000000D+00   0.000000000000000D+00   0.000000000000000D+00
   0.000000000000000D+00   0.000000000000000D+00   0.000000000000000D+00
   0.000000000000000D+00   0.000000000000000D+00   0.000000000000000D+00
   0.000000000000000D+00   0.000000000000000D+00   0.000000000000000D+00
   0.000000000000000D+00   0.000000000000000D+00   0.000000000000000D+00
   0.000000000000000D+00   0.000000000000000D+00   0.000000000000000D+00
   0.000000000000000D+00   0.000000000000000D+00   0.000000000000000D+00
   0.000000000000000D+00   0.000000000000000D+00   0.000000000000000D+00
   0.000000000000000D+00   0.000000000000000D+00   0.000000000000000D+00
   0.000000000000000D+00   0.000000000000000D+00   0.000000000000000D+00
   0.000000000000000D+00   0.000000000000000D+00   0.000000000000000D+00
   0.000000000000000D+00   0.000000000000000D+00   0.000000000000000D+00
   0.000000000000000D+00   0.000000000000000D+00   0.000000000000000D+00
   0.000000000000000D+00   0.000000000000000D+00   0.000000000000000D+00
   0.000000000000000D+00   0.000000000000000D+00   0.000000000000000D+00
   0.000000000000000D+00   0.000000000000000D+00   0.000000000000000D+00
   0.000000000000000D+00   0.000000000000000D+00   0.000000000000000D+00
   0.000000000000000D+00   0.000000000000000D+00   0.000000000000000D+00
   0.000000000000000D+00   0.000000000000000D+00   0.000000000000000D+00
   0.000000000000000D+00   0.000000000000000D+00   0.000000000000000D+00
   0.000000000000000D+00   0.000000000000000D+00   0.000000000000000D+00
   0.000000000000000D+00   0.000000000000000D+00   0.000000000000000D+00
   0.000000000000000D+00   0.000000000000000D+00   0.000000000000000D+00
   0.000000000000000D+00   0.000000000000000D+00   0.000000000000000D+00
   0.000000000000000D+00   0.000000000000000D+00   0.000000000000000D+00
   0.000000000000000D+00   0.000000000000000D+00   0.000000000000000D+00
   0.000000000000000D+00   0.000000000000000D+00   0.000000000000000D+00
   0.000000000000000D+00   0.000000000000000D+00   0.000000000000000D+00
   0.000000000000000D+00   0.000000000000000D+00   0.000000000000000D+00
   0.000000000000000D+00   0.000000000000000D+00   0.000000000000000D+00
   0.000000000000000D+00   0.000000000000000D+00   0.000000000000000D+00
   0.000000000000000D+00   0.000000000000000D+00   0.000000000000000D+00
   0.000000000000000D+00   0.000000000000000D+00   0.000000000000000D+00
   0.000000000000000D+00   0.000000000000000D+00   0.000000000000000D+00
   0.000000000000000D+00   0.000000000000000D+00   0.000000000000000D+00
   0.000000000000000D+00   0.000000000000000D+00   0.000000000000000D+00
   0.000000000000000D+00   0.000000000000000D+00   0.000000000000000D+00
   0.000000000000000D+00   0.000000000000000D+00   0.000000000000000D+00
   0.000000000000000D+00   0.000000000000000D+00   0.000000000000000D+00
   0.000000000000000D+00   0.000000000000000D+00   0.000000000000000D+00
   0.000000000000000D+00   0.000000000000000D+00   0.000000000000000D+00
   0.000000000000000D+00   0.000000000000000D+00   0.000000000000000D+00
   0.000000000000000D+00   0.000000000000000D+00   0.000000000000000D+00
   0.000000000000000D+00   0.000000000000000D+00   0.000000000000000D+00
   0.000000000000000D+00   0.000000000000000D+00   0.000000000000000D+00
   0.000000000000000D+00   0.000000000000000D+00   0.000000000000000D+00
   0.000000000000000D+00   0.000000000000000D+00   0.000000000000000D+00
   0.000000000000000D+00   0.000000000000000D+00   0.000000000000000D+00
   0.000000000000000D+00   0.000000000000000D+00   0.000000000000000D+00
   0.000000000000000D+00   0.000000000000000D+00   0.000000000000000D+00
   0.000000000000000D+00   0.000000000000000D+00   0.000000000000000D+00
 MD-temperature (K):
   0.000000000000000D+00
 Connections, bond orders and lone pairs:
