   5
mtn_ref                                      0      725.67  10.00  10.00  10.00  90.00  90.00  90.00
H    5.53317   5.16234   5.94366     1
H    5.20681   5.83078   4.31589     2
H    5.33725   4.06097   4.54675     3
H    3.92273   4.94585   5.19374     4
C    5.00000   5.00000   5.00000     5
   5
mtn_ref                                      0      725.67  10.00  10.00  10.00  90.00  90.00  90.00
H    5.53317   5.16234   5.94366     1
H    5.20681   5.83078   4.31589     2
H    5.33725   4.06097   4.54675     3
H    3.92273   4.94585   5.19374     4
C    5.00000   5.00000   5.00000     5
  80
mtn_a                                        0    11548.94  12.09   8.45   8.45  90.00  90.00  90.00
H    2.21585   7.36871   2.99535     1
H   12.51150   2.66684   7.03396     2
H   12.51150   6.89367   7.21955     3
H    2.21585   3.14188   2.80976     4
H   12.51150   3.14188   2.80976     5
H    2.21585   6.89367   7.21955     6
H    2.21585   2.66684   7.03396     7
H   12.51150   7.36871   2.99535     8
H    8.25876   3.14188   2.99535     9
H    6.46859   6.89367   7.03396    10
H    6.46859   2.66684   7.21955    11
H    8.25876   7.36871   2.80976    12
H    6.46859   7.36871   2.80976    13
H    8.25876   2.66684   7.21955    14
H    8.25876   6.89367   7.03396    15
H    6.46859   3.14188   2.99535    16
H   11.01529   5.70473   8.66773    17
H    3.71206   4.33082   1.36158    18
H    3.71206   8.55765   4.44354    19
H   11.01529   1.47790   5.58577    20
H    3.71206   1.47790   5.58577    21
H   11.01529   8.55765   4.44354    22
H   11.01529   4.33082   1.36158    23
H    3.71206   5.70473   8.66773    24
H    4.97237   1.47790   8.66773    25
H    9.75498   8.55765   1.36158    26
H    9.75498   4.33082   4.44354    27
H    4.97237   5.70473   5.58577    28
H    9.75498   5.70473   5.58577    29
H    4.97237   4.33082   4.44354    30
H    4.97237   8.55765   1.36158    31
H    9.75498   1.47790   8.66773    32
H    9.74928   5.59000   1.47862    33
H    4.97807   4.44555   8.55069    34
H    4.97807   8.67237   5.70282    35
H    9.74928   1.36318   4.32649    36
H    4.97807   1.36318   4.32649    37
H    9.74928   8.67237   5.70282    38
H    9.74928   4.44555   8.55069    39
H    4.97807   5.59000   1.47862    40
H    3.70637   1.36318   1.47862    41
H   11.02098   8.67237   8.55069    42
H   11.02098   4.44555   5.70282    43
H    3.70637   5.59000   4.32649    44
H   11.02098   5.59000   4.32649    45
H    3.70637   4.44555   5.70282    46
H    3.70637   8.67237   8.55069    47
H   11.02098   1.36318   1.47862    48
H    1.32076   5.88859   2.53535    49
H    1.32076   4.14696   7.49396    50
H    1.32076   8.37378   6.75954    51
H    1.32076   1.66177   3.26977    52
H    7.36367   1.66177   2.53535    53
H    7.36367   8.37378   7.49396    54
H    7.36367   4.14696   6.75954    55
H    7.36367   5.88859   3.26977    56
H    1.32076   2.72298   8.58076    57
H    1.32076   7.31257   1.44855    58
H    1.32076   3.08574   4.35657    59
H    1.32076   6.94981   5.67274    60
H    7.36367   6.94981   8.58076    61
H    7.36367   3.08574   1.44855    62
H    7.36367   7.31257   4.35657    63
H    7.36367   2.72298   5.67274    64
C    1.32076   2.75678   3.31196    65
C    1.32076   7.27877   6.71735    66
C    1.32076   3.05195   7.53615    67
C    1.32076   6.98360   2.49316    68
C    7.36367   6.98360   3.31196    69
C    7.36367   3.05195   6.71735    70
C    7.36367   7.27877   7.53615    71
C    7.36367   2.75678   2.49316    72
C   10.38117   5.01778   0.79046    73
C    4.34618   5.01777   0.79046    74
C    4.34618   0.79095   5.01465    75
C   10.38117   0.79095   5.01466    76
C    4.33825   0.79095   0.79046    77
C   10.38910   0.79095   0.79046    78
C   10.38910   5.01778   5.01466    79
C    4.33825   5.01777   5.01465    80
  80
mtn_a                                        0    11548.94  12.09   8.45   8.45  90.00  90.00  90.00
H    2.21585   7.36871   2.99535     1
H   12.51150   2.66684   7.03396     2
H   12.51150   6.89367   7.21955     3
H    2.21585   3.14188   2.80976     4
H   12.51150   3.14188   2.80976     5
H    2.21585   6.89367   7.21955     6
H    2.21585   2.66684   7.03396     7
H   12.51150   7.36871   2.99535     8
H    8.25876   3.14188   2.99535     9
H    6.46859   6.89367   7.03396    10
H    6.46859   2.66684   7.21955    11
H    8.25876   7.36871   2.80976    12
H    6.46859   7.36871   2.80976    13
H    8.25876   2.66684   7.21955    14
H    8.25876   6.89367   7.03396    15
H    6.46859   3.14188   2.99535    16
H   11.01529   5.70473   8.66773    17
H    3.71206   4.33082   1.36158    18
H    3.71206   8.55765   4.44354    19
H   11.01529   1.47790   5.58577    20
H    3.71206   1.47790   5.58577    21
H   11.01529   8.55765   4.44354    22
H   11.01529   4.33082   1.36158    23
H    3.71206   5.70473   8.66773    24
H    4.97237   1.47790   8.66773    25
H    9.75498   8.55765   1.36158    26
H    9.75498   4.33082   4.44354    27
H    4.97237   5.70473   5.58577    28
H    9.75498   5.70473   5.58577    29
H    4.97237   4.33082   4.44354    30
H    4.97237   8.55765   1.36158    31
H    9.75498   1.47790   8.66773    32
H    9.74928   5.59000   1.47862    33
H    4.97807   4.44555   8.55069    34
H    4.97807   8.67237   5.70282    35
H    9.74928   1.36318   4.32649    36
H    4.97807   1.36318   4.32649    37
H    9.74928   8.67237   5.70282    38
H    9.74928   4.44555   8.55069    39
H    4.97807   5.59000   1.47862    40
H    3.70637   1.36318   1.47862    41
H   11.02098   8.67237   8.55069    42
H   11.02098   4.44555   5.70282    43
H    3.70637   5.59000   4.32649    44
H   11.02098   5.59000   4.32649    45
H    3.70637   4.44555   5.70282    46
H    3.70637   8.67237   8.55069    47
H   11.02098   1.36318   1.47862    48
H    1.32076   5.88859   2.53535    49
H    1.32076   4.14696   7.49396    50
H    1.32076   8.37378   6.75954    51
H    1.32076   1.66177   3.26977    52
H    7.36367   1.66177   2.53535    53
H    7.36367   8.37378   7.49396    54
H    7.36367   4.14696   6.75954    55
H    7.36367   5.88859   3.26977    56
H    1.32076   2.72298   8.58076    57
H    1.32076   7.31257   1.44855    58
H    1.32076   3.08574   4.35657    59
H    1.32076   6.94981   5.67274    60
H    7.36367   6.94981   8.58076    61
H    7.36367   3.08574   1.44855    62
H    7.36367   7.31257   4.35657    63
H    7.36367   2.72298   5.67274    64
C    1.32076   2.75678   3.31196    65
C    1.32076   7.27877   6.71735    66
C    1.32076   3.05195   7.53615    67
C    1.32076   6.98360   2.49316    68
C    7.36367   6.98360   3.31196    69
C    7.36367   3.05195   6.71735    70
C    7.36367   7.27877   7.53615    71
C    7.36367   2.75678   2.49316    72
C   10.38117   5.01778   0.79046    73
C    4.34618   5.01777   0.79046    74
C    4.34618   0.79095   5.01465    75
C   10.38117   0.79095   5.01466    76
C    4.33825   0.79095   0.79046    77
C   10.38910   0.79095   0.79046    78
C   10.38910   5.01778   5.01466    79
C    4.33825   5.01777   5.01465    80
  80
mtn_b                                        0    11551.66  12.01   8.40   8.40  90.00  90.00  90.00
H    2.20770   7.32608   2.98009     1
H   12.42984   2.64826   6.98806     2
H   12.42984   6.84931   7.17852     3
H    2.20770   3.12503   2.78963     4
H   12.42984   3.12503   2.78963     5
H    2.20770   6.84931   7.17852     6
H    2.20770   2.64826   6.98806     7
H   12.42984   7.32608   2.98009     8
H    8.21377   3.12503   2.98009     9
H    6.42377   6.84931   6.98806    10
H    6.42377   2.64826   7.17852    11
H    8.21377   7.32608   2.78963    12
H    6.42377   7.32608   2.78963    13
H    8.21377   2.64826   7.17852    14
H    8.21377   6.84931   6.98806    15
H    6.42377   3.12503   2.98009    16
H   10.95193   5.67406   8.61143    17
H    3.68561   4.30028   1.35672    18
H    3.68561   8.50133   4.41300    19
H   10.95193   1.47301   5.55515    20
H    3.68561   1.47301   5.55515    21
H   10.95193   8.50133   4.41300    22
H   10.95193   4.30028   1.35672    23
H    3.68561   5.67406   8.61143    24
H    4.94586   1.47301   8.61143    25
H    9.69168   8.50133   1.35672    26
H    9.69168   4.30028   4.41300    27
H    4.94586   5.67406   5.55515    28
H    9.69168   5.67406   5.55515    29
H    4.94586   4.30028   4.41300    30
H    4.94586   8.50133   1.35672    31
H    9.69168   1.47301   8.61143    32
H    9.68601   5.55937   1.47375    33
H    4.95153   4.41497   8.49440    34
H    4.95153   8.61602   5.67218    35
H    9.68601   1.35832   4.29597    36
H    4.95153   1.35832   4.29597    37
H    9.68601   8.61602   5.67218    38
H    9.68601   4.41497   8.49440    39
H    4.95153   5.55937   1.47375    40
H    3.67994   1.35832   1.47375    41
H   10.95760   8.61602   8.49440    42
H   10.95760   4.41497   5.67218    43
H    3.67994   5.55937   4.29597    44
H   10.95760   5.55937   4.29597    45
H    3.67994   4.41497   5.67218    46
H    3.67994   8.61602   8.49440    47
H   10.95760   1.35832   1.47375    48
H    1.31270   5.84608   2.52014    49
H    1.31270   4.12826   7.44801    50
H    1.31270   8.32931   6.71857    51
H    1.31270   1.64503   3.24958    52
H    7.31877   1.64503   2.52014    53
H    7.31877   8.32931   7.44801    54
H    7.31877   4.12826   6.71857    55
H    7.31877   5.84608   3.24958    56
H    1.31270   2.70440   8.53473    57
H    1.31270   7.26994   1.43342    58
H    1.31270   3.06889   4.33630    59
H    1.31270   6.90545   5.63185    60
H    7.31877   6.90545   8.53473    61
H    7.31877   3.06889   1.43342    62
H    7.31877   7.26994   4.33630    63
H    7.31877   2.70440   5.63185    64
C    1.31270   2.73994   3.29177    65
C    1.31270   7.23440   6.67638    66
C    1.31270   3.03335   7.49020    67
C    1.31270   6.94099   2.47795    68
C    7.31877   6.94099   3.29177    69
C    7.31877   3.03335   6.67638    70
C    7.31877   7.23440   7.49020    71
C    7.31877   2.73994   2.47795    72
C   10.31784   4.98717   0.78564    73
C    4.31970   4.98717   0.78564    74
C    4.31970   0.78612   4.98407    75
C   10.31784   0.78612   4.98408    76
C    4.31177   0.78612   0.78564    77
C   10.32577   0.78612   0.78564    78
C   10.32577   4.98717   4.98408    79
C    4.31177   4.98717   4.98407    80
  80
mtn_b                                        0    11551.66  12.01   8.40   8.40  90.00  90.00  90.00
H    2.20770   7.32608   2.98009     1
H   12.42984   2.64826   6.98806     2
H   12.42984   6.84931   7.17852     3
H    2.20770   3.12503   2.78963     4
H   12.42984   3.12503   2.78963     5
H    2.20770   6.84931   7.17852     6
H    2.20770   2.64826   6.98806     7
H   12.42984   7.32608   2.98009     8
H    8.21377   3.12503   2.98009     9
H    6.42377   6.84931   6.98806    10
H    6.42377   2.64826   7.17852    11
H    8.21377   7.32608   2.78963    12
H    6.42377   7.32608   2.78963    13
H    8.21377   2.64826   7.17852    14
H    8.21377   6.84931   6.98806    15
H    6.42377   3.12503   2.98009    16
H   10.95193   5.67406   8.61143    17
H    3.68561   4.30028   1.35672    18
H    3.68561   8.50133   4.41300    19
H   10.95193   1.47301   5.55515    20
H    3.68561   1.47301   5.55515    21
H   10.95193   8.50133   4.41300    22
H   10.95193   4.30028   1.35672    23
H    3.68561   5.67406   8.61143    24
H    4.94586   1.47301   8.61143    25
H    9.69168   8.50133   1.35672    26
H    9.69168   4.30028   4.41300    27
H    4.94586   5.67406   5.55515    28
H    9.69168   5.67406   5.55515    29
H    4.94586   4.30028   4.41300    30
H    4.94586   8.50133   1.35672    31
H    9.69168   1.47301   8.61143    32
H    9.68601   5.55937   1.47375    33
H    4.95153   4.41497   8.49440    34
H    4.95153   8.61602   5.67218    35
H    9.68601   1.35832   4.29597    36
H    4.95153   1.35832   4.29597    37
H    9.68601   8.61602   5.67218    38
H    9.68601   4.41497   8.49440    39
H    4.95153   5.55937   1.47375    40
H    3.67994   1.35832   1.47375    41
H   10.95760   8.61602   8.49440    42
H   10.95760   4.41497   5.67218    43
H    3.67994   5.55937   4.29597    44
H   10.95760   5.55937   4.29597    45
H    3.67994   4.41497   5.67218    46
H    3.67994   8.61602   8.49440    47
H   10.95760   1.35832   1.47375    48
H    1.31270   5.84608   2.52014    49
H    1.31270   4.12826   7.44801    50
H    1.31270   8.32931   6.71857    51
H    1.31270   1.64503   3.24958    52
H    7.31877   1.64503   2.52014    53
H    7.31877   8.32931   7.44801    54
H    7.31877   4.12826   6.71857    55
H    7.31877   5.84608   3.24958    56
H    1.31270   2.70440   8.53473    57
H    1.31270   7.26994   1.43342    58
H    1.31270   3.06889   4.33630    59
H    1.31270   6.90545   5.63185    60
H    7.31877   6.90545   8.53473    61
H    7.31877   3.06889   1.43342    62
H    7.31877   7.26994   4.33630    63
H    7.31877   2.70440   5.63185    64
C    1.31270   2.73994   3.29177    65
C    1.31270   7.23440   6.67638    66
C    1.31270   3.03335   7.49020    67
C    1.31270   6.94099   2.47795    68
C    7.31877   6.94099   3.29177    69
C    7.31877   3.03335   6.67638    70
C    7.31877   7.23440   7.49020    71
C    7.31877   2.73994   2.47795    72
C   10.31784   4.98717   0.78564    73
C    4.31970   4.98717   0.78564    74
C    4.31970   0.78612   4.98407    75
C   10.31784   0.78612   4.98408    76
C    4.31177   0.78612   0.78564    77
C   10.32577   0.78612   0.78564    78
C   10.32577   4.98717   4.98408    79
C    4.31177   4.98717   4.98407    80
  80
mtn_c                                        0    11553.51  11.94   8.35   8.34  90.00  90.00  90.00
H    2.19948   7.28296   2.96456     1
H   12.34714   2.62943   6.94168     2
H   12.34714   6.80439   7.13692     3
H    2.19948   3.10800   2.76932     4
H   12.34714   3.10800   2.76932     5
H    2.19948   6.80439   7.13692     6
H    2.19948   2.62943   6.94168     7
H   12.34714   7.28296   2.96456     8
H    8.16824   3.10800   2.96456     9
H    6.37838   6.80439   6.94168    10
H    6.37838   2.62943   7.13692    11
H    8.16824   7.28296   2.76932    12
H    6.37838   7.28296   2.76932    13
H    8.16824   2.62943   7.13692    14
H    8.16824   6.80439   6.94168    15
H    6.37838   3.10800   2.96456    16
H   10.88779   5.64311   8.55442    17
H    3.65883   4.26928   1.35182    18
H    3.65883   8.44424   4.38206    19
H   10.88779   1.46815   5.52418    20
H    3.65883   1.46815   5.52418    21
H   10.88779   8.44424   4.38206    22
H   10.88779   4.26928   1.35182    23
H    3.65883   5.64311   8.55442    24
H    4.91903   1.46815   8.55442    25
H    9.62759   8.44424   1.35182    26
H    9.62759   4.26928   4.38206    27
H    4.91903   5.64311   5.52418    28
H    9.62759   5.64311   5.52418    29
H    4.91903   4.26928   4.38206    30
H    4.91903   8.44424   1.35182    31
H    9.62759   1.46815   8.55442    32
H    9.62191   5.52838   1.46889    33
H    4.92471   4.38401   8.43735    34
H    4.92471   8.55896   5.64125    35
H    9.62191   1.35343   4.26499    36
H    4.92471   1.35343   4.26499    37
H    9.62191   8.55896   5.64125    38
H    9.62191   4.38401   8.43735    39
H    4.92471   5.52838   1.46889    40
H    3.65315   1.35343   1.46889    41
H   10.89347   8.55896   8.43735    42
H   10.89347   4.38401   5.64125    43
H    3.65315   5.52838   4.26499    44
H   10.89347   5.52838   4.26499    45
H    3.65315   4.38401   5.64125    46
H    3.65315   8.55896   8.43735    47
H   10.89347   1.35343   1.46889    48
H    1.30455   5.80303   2.50467    49
H    1.30455   4.10936   7.40157    50
H    1.30455   8.28432   6.67703    51
H    1.30455   1.62807   3.22921    52
H    7.27331   1.62807   2.50467    53
H    7.27331   8.28432   7.40157    54
H    7.27331   4.10936   6.67703    55
H    7.27331   5.80303   3.22921    56
H    1.30455   2.68564   8.48805    57
H    1.30455   7.22675   1.41819    58
H    1.30455   3.05180   4.31569    59
H    1.30455   6.86059   5.59055    60
H    7.27331   6.86059   8.48805    61
H    7.27331   3.05180   1.41819    62
H    7.27331   7.22675   4.31569    63
H    7.27331   2.68564   5.59055    64
C    1.30455   2.72293   3.27139    65
C    1.30455   7.18946   6.63485    66
C    1.30455   3.01451   7.44375    67
C    1.30455   6.89788   2.46249    68
C    7.27331   6.89788   3.27139    69
C    7.27331   3.01451   6.63485    70
C    7.27331   7.18946   7.44375    71
C    7.27331   2.72293   2.46249    72
C   10.25370   4.95620   0.78076    73
C    4.29292   4.95619   0.78076    74
C    4.29292   0.78124   4.95312    75
C   10.25370   0.78124   4.95312    76
C    4.28494   0.78124   0.78076    77
C   10.26168   0.78124   0.78076    78
C   10.26168   4.95620   4.95312    79
C    4.28494   4.95619   4.95312    80
  80
mtn_c                                        0    11553.51  11.94   8.35   8.34  90.00  90.00  90.00
H    2.19948   7.28296   2.96456     1
H   12.34714   2.62943   6.94168     2
H   12.34714   6.80439   7.13692     3
H    2.19948   3.10800   2.76932     4
H   12.34714   3.10800   2.76932     5
H    2.19948   6.80439   7.13692     6
H    2.19948   2.62943   6.94168     7
H   12.34714   7.28296   2.96456     8
H    8.16824   3.10800   2.96456     9
H    6.37838   6.80439   6.94168    10
H    6.37838   2.62943   7.13692    11
H    8.16824   7.28296   2.76932    12
H    6.37838   7.28296   2.76932    13
H    8.16824   2.62943   7.13692    14
H    8.16824   6.80439   6.94168    15
H    6.37838   3.10800   2.96456    16
H   10.88779   5.64311   8.55442    17
H    3.65883   4.26928   1.35182    18
H    3.65883   8.44424   4.38206    19
H   10.88779   1.46815   5.52418    20
H    3.65883   1.46815   5.52418    21
H   10.88779   8.44424   4.38206    22
H   10.88779   4.26928   1.35182    23
H    3.65883   5.64311   8.55442    24
H    4.91903   1.46815   8.55442    25
H    9.62759   8.44424   1.35182    26
H    9.62759   4.26928   4.38206    27
H    4.91903   5.64311   5.52418    28
H    9.62759   5.64311   5.52418    29
H    4.91903   4.26928   4.38206    30
H    4.91903   8.44424   1.35182    31
H    9.62759   1.46815   8.55442    32
H    9.62191   5.52838   1.46889    33
H    4.92471   4.38401   8.43735    34
H    4.92471   8.55896   5.64125    35
H    9.62191   1.35343   4.26499    36
H    4.92471   1.35343   4.26499    37
H    9.62191   8.55896   5.64125    38
H    9.62191   4.38401   8.43735    39
H    4.92471   5.52838   1.46889    40
H    3.65315   1.35343   1.46889    41
H   10.89347   8.55896   8.43735    42
H   10.89347   4.38401   5.64125    43
H    3.65315   5.52838   4.26499    44
H   10.89347   5.52838   4.26499    45
H    3.65315   4.38401   5.64125    46
H    3.65315   8.55896   8.43735    47
H   10.89347   1.35343   1.46889    48
H    1.30455   5.80303   2.50467    49
H    1.30455   4.10936   7.40157    50
H    1.30455   8.28432   6.67703    51
H    1.30455   1.62807   3.22921    52
H    7.27331   1.62807   2.50467    53
H    7.27331   8.28432   7.40157    54
H    7.27331   4.10936   6.67703    55
H    7.27331   5.80303   3.22921    56
H    1.30455   2.68564   8.48805    57
H    1.30455   7.22675   1.41819    58
H    1.30455   3.05180   4.31569    59
H    1.30455   6.86059   5.59055    60
H    7.27331   6.86059   8.48805    61
H    7.27331   3.05180   1.41819    62
H    7.27331   7.22675   4.31569    63
H    7.27331   2.68564   5.59055    64
C    1.30455   2.72293   3.27139    65
C    1.30455   7.18946   6.63485    66
C    1.30455   3.01451   7.44375    67
C    1.30455   6.89788   2.46249    68
C    7.27331   6.89788   3.27139    69
C    7.27331   3.01451   6.63485    70
C    7.27331   7.18946   7.44375    71
C    7.27331   2.72293   2.46249    72
C   10.25370   4.95620   0.78076    73
C    4.29292   4.95619   0.78076    74
C    4.29292   0.78124   4.95312    75
C   10.25370   0.78124   4.95312    76
C    4.28494   0.78124   0.78076    77
C   10.26168   0.78124   0.78076    78
C   10.26168   4.95620   4.95312    79
C    4.28494   4.95619   4.95312    80
  80
mtn_d                                        0    11555.16  11.86   8.30   8.29  90.00  90.00  90.00
H    2.19298   7.55574   2.16479     1
H   12.26157   2.29393   7.67873     2
H   12.26157   6.44246   6.31074     3
H    2.19298   3.40721   3.53278     4
H   12.26157   3.40721   3.53278     5
H    2.19298   6.44246   6.31074     6
H    2.19298   2.29393   7.67873     7
H   12.26157   7.55574   2.16479     8
H    8.12397   3.40721   2.16479     9
H    6.33058   6.44246   7.67873    10
H    6.33058   2.29393   6.31074    11
H    8.12397   7.55574   3.53278    12
H    6.33058   7.55574   3.53278    13
H    8.12397   2.29393   6.31074    14
H    8.12397   6.44246   7.67873    15
H    6.33058   3.40721   2.16479    16
H   10.96008   5.62471   8.51217    17
H    3.49447   4.22496   1.33135    18
H    3.49447   8.37350   4.36622    19
H   10.96008   1.47617   5.47730    20
H    3.49447   1.47617   5.47730    21
H   10.96008   8.37350   4.36622    22
H   10.96008   4.22496   1.33135    23
H    3.49447   5.62471   8.51217    24
H    5.02910   1.47617   8.51217    25
H    9.42545   8.37350   1.33135    26
H    9.42545   4.22496   4.36622    27
H    5.02910   5.62471   5.47730    28
H    9.42545   5.62471   5.47730    29
H    5.02910   4.22496   4.36622    30
H    5.02910   8.37350   1.33135    31
H    9.42545   1.47617   8.51217    32
H    9.69427   5.48334   1.47463    33
H    4.76028   4.36633   8.36889    34
H    4.76028   8.51486   5.62058    35
H    9.69427   1.33481   4.22294    36
H    4.76028   1.33481   4.22294    37
H    9.69427   8.51486   5.62058    38
H    9.69427   4.36633   8.36889    39
H    4.76028   5.48334   1.47463    40
H    3.76328   1.33481   1.47463    41
H   10.69127   8.51486   8.36889    42
H   10.69127   4.36633   5.62058    43
H    3.76328   5.48334   4.22294    44
H   10.69127   5.48334   4.22294    45
H    3.76328   4.36633   5.62058    46
H    3.76328   8.51486   8.36889    47
H   10.69127   1.33481   1.47463    48
H    1.29629   6.01232   2.01572    49
H    1.29629   3.83735   7.82780    50
H    1.29629   7.98588   6.16167    51
H    1.29629   1.86379   3.68185    52
H    7.22727   1.86379   2.01572    53
H    7.22727   7.98588   7.82780    54
H    7.22727   3.83735   6.16167    55
H    7.22727   6.01232   3.68185    56
H    1.29629   3.03641   5.03171    57
H    1.29629   6.81326   4.81181    58
H    1.29629   2.66473   0.88576    59
H    1.29629   7.18494   8.95776    60
H    7.22727   7.18494   5.03171    61
H    7.22727   2.66473   4.81181    62
H    7.22727   6.81326   0.88576    63
H    7.22727   3.03641   8.95776    64
C    1.29629   2.92861   3.94109    65
C    1.29629   6.92106   5.90243    66
C    1.29629   2.77253   8.08704    67
C    1.29629   7.07714   1.75648    68
C    7.22727   7.07714   3.94109    69
C    7.22727   2.77253   5.90243    70
C    7.22727   6.92106   8.08704    71
C    7.22727   2.92861   1.75648    72
C   10.32658   4.92484   0.77581    73
C    4.12797   4.92483   0.77581    74
C    4.12797   0.77630   4.92176    75
C   10.32658   0.77630   4.92176    76
C    4.39560   0.77630   0.77581    77
C   10.05895   0.77630   0.77581    78
C   10.05895   4.92484   4.92176    79
C    4.39560   4.92483   4.92176    80
  80
mtn_d                                        0    11555.16  11.86   8.30   8.29  90.00  90.00  90.00
H    2.19298   7.55574   2.16479     1
H   12.26157   2.29393   7.67873     2
H   12.26157   6.44246   6.31074     3
H    2.19298   3.40721   3.53278     4
H   12.26157   3.40721   3.53278     5
H    2.19298   6.44246   6.31074     6
H    2.19298   2.29393   7.67873     7
H   12.26157   7.55574   2.16479     8
H    8.12397   3.40721   2.16479     9
H    6.33058   6.44246   7.67873    10
H    6.33058   2.29393   6.31074    11
H    8.12397   7.55574   3.53278    12
H    6.33058   7.55574   3.53278    13
H    8.12397   2.29393   6.31074    14
H    8.12397   6.44246   7.67873    15
H    6.33058   3.40721   2.16479    16
H   10.96008   5.62471   8.51217    17
H    3.49447   4.22496   1.33135    18
H    3.49447   8.37350   4.36622    19
H   10.96008   1.47617   5.47730    20
H    3.49447   1.47617   5.47730    21
H   10.96008   8.37350   4.36622    22
H   10.96008   4.22496   1.33135    23
H    3.49447   5.62471   8.51217    24
H    5.02910   1.47617   8.51217    25
H    9.42545   8.37350   1.33135    26
H    9.42545   4.22496   4.36622    27
H    5.02910   5.62471   5.47730    28
H    9.42545   5.62471   5.47730    29
H    5.02910   4.22496   4.36622    30
H    5.02910   8.37350   1.33135    31
H    9.42545   1.47617   8.51217    32
H    9.69427   5.48334   1.47463    33
H    4.76028   4.36633   8.36889    34
H    4.76028   8.51486   5.62058    35
H    9.69427   1.33481   4.22294    36
H    4.76028   1.33481   4.22294    37
H    9.69427   8.51486   5.62058    38
H    9.69427   4.36633   8.36889    39
H    4.76028   5.48334   1.47463    40
H    3.76328   1.33481   1.47463    41
H   10.69127   8.51486   8.36889    42
H   10.69127   4.36633   5.62058    43
H    3.76328   5.48334   4.22294    44
H   10.69127   5.48334   4.22294    45
H    3.76328   4.36633   5.62058    46
H    3.76328   8.51486   8.36889    47
H   10.69127   1.33481   1.47463    48
H    1.29629   6.01232   2.01572    49
H    1.29629   3.83735   7.82780    50
H    1.29629   7.98588   6.16167    51
H    1.29629   1.86379   3.68185    52
H    7.22727   1.86379   2.01572    53
H    7.22727   7.98588   7.82780    54
H    7.22727   3.83735   6.16167    55
H    7.22727   6.01232   3.68185    56
H    1.29629   3.03641   5.03171    57
H    1.29629   6.81326   4.81181    58
H    1.29629   2.66473   0.88576    59
H    1.29629   7.18494   8.95776    60
H    7.22727   7.18494   5.03171    61
H    7.22727   2.66473   4.81181    62
H    7.22727   6.81326   0.88576    63
H    7.22727   3.03641   8.95776    64
C    1.29629   2.92861   3.94109    65
C    1.29629   6.92106   5.90243    66
C    1.29629   2.77253   8.08704    67
C    1.29629   7.07714   1.75648    68
C    7.22727   7.07714   3.94109    69
C    7.22727   2.77253   5.90243    70
C    7.22727   6.92106   8.08704    71
C    7.22727   2.92861   1.75648    72
C   10.32658   4.92484   0.77581    73
C    4.12797   4.92483   0.77581    74
C    4.12797   0.77630   4.92176    75
C   10.32658   0.77630   4.92176    76
C    4.39560   0.77630   0.77581    77
C   10.05895   0.77630   0.77581    78
C   10.05895   4.92484   4.92176    79
C    4.39560   4.92483   4.92176    80
  80
mtn_e                                        0    11560.11  11.79   8.24   8.24  90.00  90.00  90.00
H    2.18486   7.52322   2.14460     1
H   12.17644   2.26290   7.63542     2
H   12.17644   6.38467   6.26380     3
H    2.18486   3.40145   3.51622     4
H   12.17644   3.40145   3.51622     5
H    2.18486   6.38467   6.26380     6
H    2.18486   2.26290   7.63542     7
H   12.17644   7.52322   2.14460     8
H    8.07758   3.40145   2.14460     9
H    6.28372   6.38467   7.63542    10
H    6.28372   2.26290   6.26380    11
H    8.07758   7.52322   3.51622    12
H    6.28372   7.52322   3.51622    13
H    8.07758   2.26290   6.26380    14
H    8.07758   6.38467   7.63542    15
H    6.28372   3.40145   2.14460    16
H   10.85892   5.59031   8.44979    17
H    3.50238   4.19581   1.33023    18
H    3.50238   8.31758   4.33059    19
H   10.85892   1.46854   5.44943    20
H    3.50238   1.46854   5.44943    21
H   10.85892   8.31758   4.33059    22
H   10.85892   4.19581   1.33023    23
H    3.50238   5.59031   8.44979    24
H    4.96620   1.46854   8.44979    25
H    9.39510   8.31758   1.33023    26
H    9.39510   4.19581   4.33059    27
H    4.96620   5.59031   5.44943    28
H    9.39510   5.59031   5.44943    29
H    4.96620   4.19581   4.33059    30
H    4.96620   8.31758   1.33023    31
H    9.39510   1.46854   8.44979    32
H    9.59299   5.45502   1.46670    33
H    4.76831   4.33110   8.31332    34
H    4.76831   8.45287   5.58590    35
H    9.59299   1.33325   4.19412    36
H    4.76831   1.33325   4.19412    37
H    9.59299   8.45287   5.58590    38
H    9.59299   4.33110   8.31332    39
H    4.76831   5.45502   1.46670    40
H    3.70027   1.33325   1.46670    41
H   10.66103   8.45287   8.31332    42
H   10.66103   4.33110   5.58590    43
H    3.70027   5.45502   4.19412    44
H   10.66103   5.45502   4.19412    45
H    3.70027   4.33110   5.58590    46
H    3.70027   8.45287   8.31332    47
H   10.66103   1.33325   1.46670    48
H    1.28793   5.98627   1.96268    49
H    1.28793   3.79985   7.81734    50
H    1.28793   7.92162   6.08188    51
H    1.28793   1.86450   3.69814    52
H    7.18065   1.86450   1.96268    53
H    7.18065   7.92162   7.81734    54
H    7.18065   3.79985   6.08188    55
H    7.18065   5.98627   3.69814    56
H    1.28793   3.06522   5.02336    57
H    1.28793   6.72090   4.75666    58
H    1.28793   2.59913   0.90416    59
H    1.28793   7.18699   8.87586    60
H    7.18065   7.18699   5.02336    61
H    7.18065   2.59913   4.75666    62
H    7.18065   6.72090   0.90416    63
H    7.18065   3.06522   8.87586    64
C    1.28793   2.93347   3.93521    65
C    1.28793   6.85265   5.84481    66
C    1.28793   2.73088   8.05441    67
C    1.28793   7.05524   1.72561    68
C    7.18065   7.05524   3.93521    69
C    7.18065   2.73088   5.84481    70
C    7.18065   6.85265   8.05441    71
C    7.18065   2.93347   1.72561    72
C   10.22595   4.89306   0.77081    73
C    4.13535   4.89306   0.77081    74
C    4.13535   0.77129   4.89001    75
C   10.22595   0.77129   4.89001    76
C    4.33323   0.77129   0.77081    77
C   10.02807   0.77129   0.77081    78
C   10.02807   4.89306   4.89001    79
C    4.33323   4.89306   4.89001    80
  80
mtn_e                                        0    11560.11  11.79   8.24   8.24  90.00  90.00  90.00
H    2.18486   7.52322   2.14460     1
H   12.17644   2.26290   7.63542     2
H   12.17644   6.38467   6.26380     3
H    2.18486   3.40145   3.51622     4
H   12.17644   3.40145   3.51622     5
H    2.18486   6.38467   6.26380     6
H    2.18486   2.26290   7.63542     7
H   12.17644   7.52322   2.14460     8
H    8.07758   3.40145   2.14460     9
H    6.28372   6.38467   7.63542    10
H    6.28372   2.26290   6.26380    11
H    8.07758   7.52322   3.51622    12
H    6.28372   7.52322   3.51622    13
H    8.07758   2.26290   6.26380    14
H    8.07758   6.38467   7.63542    15
H    6.28372   3.40145   2.14460    16
H   10.85892   5.59031   8.44979    17
H    3.50238   4.19581   1.33023    18
H    3.50238   8.31758   4.33059    19
H   10.85892   1.46854   5.44943    20
H    3.50238   1.46854   5.44943    21
H   10.85892   8.31758   4.33059    22
H   10.85892   4.19581   1.33023    23
H    3.50238   5.59031   8.44979    24
H    4.96620   1.46854   8.44979    25
H    9.39510   8.31758   1.33023    26
H    9.39510   4.19581   4.33059    27
H    4.96620   5.59031   5.44943    28
H    9.39510   5.59031   5.44943    29
H    4.96620   4.19581   4.33059    30
H    4.96620   8.31758   1.33023    31
H    9.39510   1.46854   8.44979    32
H    9.59299   5.45502   1.46670    33
H    4.76831   4.33110   8.31332    34
H    4.76831   8.45287   5.58590    35
H    9.59299   1.33325   4.19412    36
H    4.76831   1.33325   4.19412    37
H    9.59299   8.45287   5.58590    38
H    9.59299   4.33110   8.31332    39
H    4.76831   5.45502   1.46670    40
H    3.70027   1.33325   1.46670    41
H   10.66103   8.45287   8.31332    42
H   10.66103   4.33110   5.58590    43
H    3.70027   5.45502   4.19412    44
H   10.66103   5.45502   4.19412    45
H    3.70027   4.33110   5.58590    46
H    3.70027   8.45287   8.31332    47
H   10.66103   1.33325   1.46670    48
H    1.28793   5.98627   1.96268    49
H    1.28793   3.79985   7.81734    50
H    1.28793   7.92162   6.08188    51
H    1.28793   1.86450   3.69814    52
H    7.18065   1.86450   1.96268    53
H    7.18065   7.92162   7.81734    54
H    7.18065   3.79985   6.08188    55
H    7.18065   5.98627   3.69814    56
H    1.28793   3.06522   5.02336    57
H    1.28793   6.72090   4.75666    58
H    1.28793   2.59913   0.90416    59
H    1.28793   7.18699   8.87586    60
H    7.18065   7.18699   5.02336    61
H    7.18065   2.59913   4.75666    62
H    7.18065   6.72090   0.90416    63
H    7.18065   3.06522   8.87586    64
C    1.28793   2.93347   3.93521    65
C    1.28793   6.85265   5.84481    66
C    1.28793   2.73088   8.05441    67
C    1.28793   7.05524   1.72561    68
C    7.18065   7.05524   3.93521    69
C    7.18065   2.73088   5.84481    70
C    7.18065   6.85265   8.05441    71
C    7.18065   2.93347   1.72561    72
C   10.22595   4.89306   0.77081    73
C    4.13535   4.89306   0.77081    74
C    4.13535   0.77129   4.89001    75
C   10.22595   0.77129   4.89001    76
C    4.33323   0.77129   0.77081    77
C   10.02807   0.77129   0.77081    78
C   10.02807   4.89306   4.89001    79
C    4.33323   4.89306   4.89001    80
  80
mtn_z01                                      0    11558.11  11.71   8.19   8.18  90.00  90.00  90.00
H    2.17570   7.37478   2.56255     1
H   12.09112   2.34694   7.15313     2
H   12.09112   6.44159   6.65465     3
H    2.17570   3.28013   3.06103     4
H   12.09112   3.28013   3.06103     5
H    2.17570   6.44159   6.65465     6
H    2.17570   2.34694   7.15313     7
H   12.09112   7.37478   2.56255     8
H    8.02965   3.28013   2.56255     9
H    6.23717   6.44159   7.15313    10
H    6.23717   2.34694   6.65465    11
H    8.02965   7.37478   3.06103    12
H    6.23717   7.37478   3.06103    13
H    8.02965   2.34694   6.65465    14
H    8.02965   6.44159   7.15313    15
H    6.23717   3.28013   2.56255    16
H   10.77600   5.56425   8.40004    17
H    3.49082   4.15747   1.31564    18
H    3.49082   8.25212   4.30794    19
H   10.77600   1.46960   5.40774    20
H    3.49082   1.46960   5.40774    21
H   10.77600   8.25212   4.30794    22
H   10.77600   4.15747   1.31564    23
H    3.49082   5.56425   8.40004    24
H    4.92205   1.46960   8.40004    25
H    9.34477   8.25212   1.31564    26
H    9.34477   4.15747   4.30794    27
H    4.92205   5.56425   5.40774    28
H    9.34477   5.56425   5.40774    29
H    4.92205   4.15747   4.30794    30
H    4.92205   8.25212   1.31564    31
H    9.34477   1.46960   8.40004    32
H    9.51008   5.41410   1.46902    33
H    4.75674   4.30762   8.24666    34
H    4.75674   8.40227   5.56112    35
H    9.51008   1.31945   4.15456    36
H    4.75674   1.31945   4.15456    37
H    9.51008   8.40227   5.56112    38
H    9.51008   4.30762   8.24666    39
H    4.75674   5.41410   1.46902    40
H    3.65613   1.31945   1.46902    41
H   10.61069   8.40227   8.24666    42
H   10.61069   4.30762   5.56112    43
H    3.65613   5.41410   4.15456    44
H   10.61069   5.41410   4.15456    45
H    3.65613   4.30762   5.56112    46
H    3.65613   8.40227   8.24666    47
H   10.61069   1.31945   1.46902    48
H    1.27946   5.84207   2.33125    49
H    1.27946   3.87965   7.38443    50
H    1.27946   7.97430   6.42335    51
H    1.27946   1.74742   3.29233    52
H    7.13341   1.74742   2.33125    53
H    7.13341   7.97430   7.38443    54
H    7.13341   3.87965   6.42335    55
H    7.13341   5.84207   3.29233    56
H    1.27946   2.99160   4.57796    57
H    1.27946   6.73012   5.13772    58
H    1.27946   2.63547   8.67006    59
H    1.27946   7.08625   1.04562    60
H    7.13341   7.08625   4.57796    61
H    7.13341   2.63547   5.13772    62
H    7.13341   6.73012   8.67006    63
H    7.13341   2.99160   1.04562    64
C    1.27946   2.82366   3.49560    65
C    1.27946   6.89806   6.22008    66
C    1.27946   2.80341   7.58770    67
C    1.27946   6.91831   2.12798    68
C    7.13341   6.91831   3.49560    69
C    7.13341   2.80341   6.22008    70
C    7.13341   6.89806   7.58770    71
C    7.13341   2.82366   2.12798    72
C   10.14198   4.86086   0.76574    73
C    4.12484   4.86086   0.76574    74
C    4.12484   0.76621   4.85784    75
C   10.14198   0.76621   4.85784    76
C    4.28803   0.76621   0.76574    77
C    9.97879   0.76621   0.76574    78
C    9.97879   4.86086   4.85784    79
C    4.28803   4.86086   4.85784    80
  80
mtn_z01                                      0    11558.11  11.71   8.19   8.18  90.00  90.00  90.00
H    2.17570   7.37478   2.56255     1
H   12.09112   2.34694   7.15313     2
H   12.09112   6.44159   6.65465     3
H    2.17570   3.28013   3.06103     4
H   12.09112   3.28013   3.06103     5
H    2.17570   6.44159   6.65465     6
H    2.17570   2.34694   7.15313     7
H   12.09112   7.37478   2.56255     8
H    8.02965   3.28013   2.56255     9
H    6.23717   6.44159   7.15313    10
H    6.23717   2.34694   6.65465    11
H    8.02965   7.37478   3.06103    12
H    6.23717   7.37478   3.06103    13
H    8.02965   2.34694   6.65465    14
H    8.02965   6.44159   7.15313    15
H    6.23717   3.28013   2.56255    16
H   10.77600   5.56425   8.40004    17
H    3.49082   4.15747   1.31564    18
H    3.49082   8.25212   4.30794    19
H   10.77600   1.46960   5.40774    20
H    3.49082   1.46960   5.40774    21
H   10.77600   8.25212   4.30794    22
H   10.77600   4.15747   1.31564    23
H    3.49082   5.56425   8.40004    24
H    4.92205   1.46960   8.40004    25
H    9.34477   8.25212   1.31564    26
H    9.34477   4.15747   4.30794    27
H    4.92205   5.56425   5.40774    28
H    9.34477   5.56425   5.40774    29
H    4.92205   4.15747   4.30794    30
H    4.92205   8.25212   1.31564    31
H    9.34477   1.46960   8.40004    32
H    9.51008   5.41410   1.46902    33
H    4.75674   4.30762   8.24666    34
H    4.75674   8.40227   5.56112    35
H    9.51008   1.31945   4.15456    36
H    4.75674   1.31945   4.15456    37
H    9.51008   8.40227   5.56112    38
H    9.51008   4.30762   8.24666    39
H    4.75674   5.41410   1.46902    40
H    3.65613   1.31945   1.46902    41
H   10.61069   8.40227   8.24666    42
H   10.61069   4.30762   5.56112    43
H    3.65613   5.41410   4.15456    44
H   10.61069   5.41410   4.15456    45
H    3.65613   4.30762   5.56112    46
H    3.65613   8.40227   8.24666    47
H   10.61069   1.31945   1.46902    48
H    1.27946   5.84207   2.33125    49
H    1.27946   3.87965   7.38443    50
H    1.27946   7.97430   6.42335    51
H    1.27946   1.74742   3.29233    52
H    7.13341   1.74742   2.33125    53
H    7.13341   7.97430   7.38443    54
H    7.13341   3.87965   6.42335    55
H    7.13341   5.84207   3.29233    56
H    1.27946   2.99160   4.57796    57
H    1.27946   6.73012   5.13772    58
H    1.27946   2.63547   8.67006    59
H    1.27946   7.08625   1.04562    60
H    7.13341   7.08625   4.57796    61
H    7.13341   2.63547   5.13772    62
H    7.13341   6.73012   8.67006    63
H    7.13341   2.99160   1.04562    64
C    1.27946   2.82366   3.49560    65
C    1.27946   6.89806   6.22008    66
C    1.27946   2.80341   7.58770    67
C    1.27946   6.91831   2.12798    68
C    7.13341   6.91831   3.49560    69
C    7.13341   2.80341   6.22008    70
C    7.13341   6.89806   7.58770    71
C    7.13341   2.82366   2.12798    72
C   10.14198   4.86086   0.76574    73
C    4.12484   4.86086   0.76574    74
C    4.12484   0.76621   4.85784    75
C   10.14198   0.76621   4.85784    76
C    4.28803   0.76621   0.76574    77
C    9.97879   0.76621   0.76574    78
C    9.97879   4.86086   4.85784    79
C    4.28803   4.86086   4.85784    80
  80
mtn_z02                                      0    11569.93  11.63   8.13   8.13  90.00  90.00  90.00
H    2.16753   7.41280   2.10700     1
H   12.00353   2.24368   7.54347     2
H   12.00353   6.31085   6.17164     3
H    2.16753   3.34563   3.47883     4
H   12.00353   3.34563   3.47883     5
H    2.16753   6.31085   6.17164     6
H    2.16753   2.24368   7.54347     7
H   12.00353   7.41280   2.10700     8
H    7.98219   3.34563   2.10700     9
H    6.18887   6.31085   7.54347    10
H    6.18887   2.24368   6.17164    11
H    7.98219   7.41280   3.47883    12
H    6.18887   7.41280   3.47883    13
H    7.98219   2.24368   6.17164    14
H    7.98219   6.31085   7.54347    15
H    6.18887   3.34563   2.10700    16
H   10.71909   5.52356   8.32862    17
H    3.45197   4.13292   1.32185    18
H    3.45197   8.20009   4.26398    19
H   10.71909   1.45639   5.38649    20
H    3.45197   1.45639   5.38649    21
H   10.71909   8.20009   4.26398    22
H   10.71909   4.13292   1.32185    23
H    3.45197   5.52356   8.32862    24
H    4.90443   1.45639   8.32862    25
H    9.26663   8.20009   1.32185    26
H    9.26663   4.13292   4.26398    27
H    4.90443   5.52356   5.38649    28
H    9.26663   5.52356   5.38649    29
H    4.90443   4.13292   4.26398    30
H    4.90443   8.20009   1.32185    31
H    9.26663   1.45639   8.32862    32
H    9.45393   5.39215   1.45448    33
H    4.71713   4.26433   8.19599    34
H    4.71713   8.33150   5.51912    35
H    9.45393   1.32498   4.13135    36
H    4.71713   1.32498   4.13135    37
H    9.45393   8.33150   5.51912    38
H    9.45393   4.26433   8.19599    39
H    4.71713   5.39215   1.45448    40
H    3.63927   1.32498   1.45448    41
H   10.53179   8.33150   8.19599    42
H   10.53179   4.26433   5.51912    43
H    3.63927   5.39215   4.13135    44
H   10.53179   5.39215   4.13135    45
H    3.63927   4.26433   5.51912    46
H    3.63927   8.33150   8.19599    47
H   10.53179   1.32498   1.45448    48
H    1.27087   5.87438   1.91344    49
H    1.27087   3.78210   7.73703    50
H    1.27087   7.84927   5.97808    51
H    1.27087   1.80721   3.67239    52
H    7.08553   1.80721   1.91344    53
H    7.08553   7.84927   7.73703    54
H    7.08553   3.78210   5.97808    55
H    7.08553   5.87438   3.67239    56
H    1.27087   3.01902   4.98636    57
H    1.27087   6.63746   4.66411    58
H    1.27087   2.57029   0.92172    59
H    1.27087   7.08619   8.72875    60
H    7.08553   7.08619   4.98636    61
H    7.08553   2.57029   4.66411    62
H    7.08553   6.63746   0.92172    63
H    7.08553   3.01902   8.72875    64
C    1.27087   2.87880   3.89975    65
C    1.27087   6.77768   5.75072    66
C    1.27087   2.71051   7.96439    67
C    1.27087   6.94597   1.68608    68
C    7.08553   6.94597   3.89975    69
C    7.08553   2.71051   5.75072    70
C    7.08553   6.77768   7.96439    71
C    7.08553   2.87880   1.68608    72
C   10.08623   4.82824   0.76060    73
C    4.08483   4.82824   0.76060    74
C    4.08483   0.76107   4.82523    75
C   10.08623   0.76107   4.82524    76
C    4.27157   0.76107   0.76060    77
C    9.89949   0.76107   0.76060    78
C    9.89949   4.82824   4.82524    79
C    4.27157   4.82824   4.82523    80
  80
mtn_z02                                      0    11569.93  11.63   8.13   8.13  90.00  90.00  90.00
H    2.16753   7.41280   2.10700     1
H   12.00353   2.24368   7.54347     2
H   12.00353   6.31085   6.17164     3
H    2.16753   3.34563   3.47883     4
H   12.00353   3.34563   3.47883     5
H    2.16753   6.31085   6.17164     6
H    2.16753   2.24368   7.54347     7
H   12.00353   7.41280   2.10700     8
H    7.98219   3.34563   2.10700     9
H    6.18887   6.31085   7.54347    10
H    6.18887   2.24368   6.17164    11
H    7.98219   7.41280   3.47883    12
H    6.18887   7.41280   3.47883    13
H    7.98219   2.24368   6.17164    14
H    7.98219   6.31085   7.54347    15
H    6.18887   3.34563   2.10700    16
H   10.71909   5.52356   8.32862    17
H    3.45197   4.13292   1.32185    18
H    3.45197   8.20009   4.26398    19
H   10.71909   1.45639   5.38649    20
H    3.45197   1.45639   5.38649    21
H   10.71909   8.20009   4.26398    22
H   10.71909   4.13292   1.32185    23
H    3.45197   5.52356   8.32862    24
H    4.90443   1.45639   8.32862    25
H    9.26663   8.20009   1.32185    26
H    9.26663   4.13292   4.26398    27
H    4.90443   5.52356   5.38649    28
H    9.26663   5.52356   5.38649    29
H    4.90443   4.13292   4.26398    30
H    4.90443   8.20009   1.32185    31
H    9.26663   1.45639   8.32862    32
H    9.45393   5.39215   1.45448    33
H    4.71713   4.26433   8.19599    34
H    4.71713   8.33150   5.51912    35
H    9.45393   1.32498   4.13135    36
H    4.71713   1.32498   4.13135    37
H    9.45393   8.33150   5.51912    38
H    9.45393   4.26433   8.19599    39
H    4.71713   5.39215   1.45448    40
H    3.63927   1.32498   1.45448    41
H   10.53179   8.33150   8.19599    42
H   10.53179   4.26433   5.51912    43
H    3.63927   5.39215   4.13135    44
H   10.53179   5.39215   4.13135    45
H    3.63927   4.26433   5.51912    46
H    3.63927   8.33150   8.19599    47
H   10.53179   1.32498   1.45448    48
H    1.27087   5.87438   1.91344    49
H    1.27087   3.78210   7.73703    50
H    1.27087   7.84927   5.97808    51
H    1.27087   1.80721   3.67239    52
H    7.08553   1.80721   1.91344    53
H    7.08553   7.84927   7.73703    54
H    7.08553   3.78210   5.97808    55
H    7.08553   5.87438   3.67239    56
H    1.27087   3.01902   4.98636    57
H    1.27087   6.63746   4.66411    58
H    1.27087   2.57029   0.92172    59
H    1.27087   7.08619   8.72875    60
H    7.08553   7.08619   4.98636    61
H    7.08553   2.57029   4.66411    62
H    7.08553   6.63746   0.92172    63
H    7.08553   3.01902   8.72875    64
C    1.27087   2.87880   3.89975    65
C    1.27087   6.77768   5.75072    66
C    1.27087   2.71051   7.96439    67
C    1.27087   6.94597   1.68608    68
C    7.08553   6.94597   3.89975    69
C    7.08553   2.71051   5.75072    70
C    7.08553   6.77768   7.96439    71
C    7.08553   2.87880   1.68608    72
C   10.08623   4.82824   0.76060    73
C    4.08483   4.82824   0.76060    74
C    4.08483   0.76107   4.82523    75
C   10.08623   0.76107   4.82524    76
C    4.27157   0.76107   0.76060    77
C    9.89949   0.76107   0.76060    78
C    9.89949   4.82824   4.82524    79
C    4.27157   4.82824   4.82523    80
  80
mtn_z03                                      0    11556.60  11.55   8.08   8.07  90.00  90.00  90.00
H    2.15622   7.18475   1.99901     1
H   11.91777   2.40559   7.58536     2
H   11.91777   6.44490   6.03581     3
H    2.15622   3.14544   3.54856     4
H   11.91777   3.14544   3.54856     5
H    2.15622   6.44490   6.03581     6
H    2.15622   2.40559   7.58536     7
H   11.91777   7.18475   1.99901     8
H    7.93105   3.14544   1.99901     9
H    6.14294   6.44490   7.58536    10
H    6.14294   2.40559   6.03581    11
H    7.93105   7.18475   3.54856    12
H    6.14294   7.18475   3.54856    13
H    7.93105   2.40559   6.03581    14
H    7.93105   6.44490   7.58536    15
H    6.14294   3.14544   1.99901    16
H   10.55598   5.48121   8.25646    17
H    3.51801   4.10913   1.32791    18
H    3.51801   8.14844   4.21966    19
H   10.55598   1.44190   5.36471    20
H    3.51801   1.44190   5.36471    21
H   10.55598   8.14844   4.21966    22
H   10.55598   4.10913   1.32791    23
H    3.51801   5.48121   8.25646    24
H    4.78115   1.44190   8.25646    25
H    9.29284   8.14844   1.32791    26
H    9.29284   4.10913   4.21966    27
H    4.78115   5.48121   5.36471    28
H    9.29284   5.48121   5.36471    29
H    4.78115   4.10913   4.21966    30
H    4.78115   8.14844   1.32791    31
H    9.29284   1.44190   8.25646    32
H    9.29138   5.36777   1.44383    33
H    4.78261   4.22257   8.14054    34
H    4.78261   8.26188   5.48063    35
H    9.29138   1.32846   4.10374    36
H    4.78261   1.32846   4.10374    37
H    9.29138   8.26188   5.48063    38
H    9.29138   4.22257   8.14054    39
H    4.78261   5.36777   1.44383    40
H    3.51654   1.32846   1.44383    41
H   10.55745   8.26188   8.14054    42
H   10.55745   4.22257   5.48063    43
H    3.51654   5.36777   4.10374    44
H   10.55745   5.36777   4.10374    45
H    3.51654   4.22257   5.48063    46
H    3.51654   8.26188   8.14054    47
H   10.55745   1.32846   1.44383    48
H    1.26216   5.63565   2.03381    49
H    1.26216   3.95469   7.55056    50
H    1.26216   7.99400   6.07061    51
H    1.26216   1.59634   3.51376    52
H    7.03700   1.59634   2.03381    53
H    7.03700   7.99400   7.55056    54
H    7.03700   3.95469   6.07061    55
H    7.03700   5.63565   3.51376    56
H    1.26216   2.89049   6.11314    57
H    1.26216   6.69985   3.47123    58
H    1.26216   2.66055   2.07634    59
H    1.26216   6.92980   7.50803    60
H    7.03700   6.92980   6.11314    61
H    7.03700   2.66055   3.47123    62
H    7.03700   6.69985   2.07634    63
H    7.03700   2.89049   7.50803    64
C    1.26216   2.63666   3.17174    65
C    1.26216   6.95368   6.41263    66
C    1.26216   2.91437   7.20854    67
C    1.26216   6.67597   2.37583    68
C    7.03700   6.67597   3.17174    69
C    7.03700   2.91437   6.41263    70
C    7.03700   6.95368   7.20854    71
C    7.03700   2.63666   2.37583    72
C    9.92267   4.79517   0.75539    73
C    4.15132   4.79517   0.75539    74
C    4.15132   0.75586   4.79218    75
C    9.92267   0.75586   4.79219    76
C    4.14783   0.75586   0.75539    77
C    9.92616   0.75586   0.75539    78
C    9.92616   4.79517   4.79219    79
C    4.14783   4.79517   4.79218    80
  80
mtn_z03                                      0    11556.60  11.55   8.08   8.07  90.00  90.00  90.00
H    2.15622   7.18475   1.99901     1
H   11.91777   2.40559   7.58536     2
H   11.91777   6.44490   6.03581     3
H    2.15622   3.14544   3.54856     4
H   11.91777   3.14544   3.54856     5
H    2.15622   6.44490   6.03581     6
H    2.15622   2.40559   7.58536     7
H   11.91777   7.18475   1.99901     8
H    7.93105   3.14544   1.99901     9
H    6.14294   6.44490   7.58536    10
H    6.14294   2.40559   6.03581    11
H    7.93105   7.18475   3.54856    12
H    6.14294   7.18475   3.54856    13
H    7.93105   2.40559   6.03581    14
H    7.93105   6.44490   7.58536    15
H    6.14294   3.14544   1.99901    16
H   10.55598   5.48121   8.25646    17
H    3.51801   4.10913   1.32791    18
H    3.51801   8.14844   4.21966    19
H   10.55598   1.44190   5.36471    20
H    3.51801   1.44190   5.36471    21
H   10.55598   8.14844   4.21966    22
H   10.55598   4.10913   1.32791    23
H    3.51801   5.48121   8.25646    24
H    4.78115   1.44190   8.25646    25
H    9.29284   8.14844   1.32791    26
H    9.29284   4.10913   4.21966    27
H    4.78115   5.48121   5.36471    28
H    9.29284   5.48121   5.36471    29
H    4.78115   4.10913   4.21966    30
H    4.78115   8.14844   1.32791    31
H    9.29284   1.44190   8.25646    32
H    9.29138   5.36777   1.44383    33
H    4.78261   4.22257   8.14054    34
H    4.78261   8.26188   5.48063    35
H    9.29138   1.32846   4.10374    36
H    4.78261   1.32846   4.10374    37
H    9.29138   8.26188   5.48063    38
H    9.29138   4.22257   8.14054    39
H    4.78261   5.36777   1.44383    40
H    3.51654   1.32846   1.44383    41
H   10.55745   8.26188   8.14054    42
H   10.55745   4.22257   5.48063    43
H    3.51654   5.36777   4.10374    44
H   10.55745   5.36777   4.10374    45
H    3.51654   4.22257   5.48063    46
H    3.51654   8.26188   8.14054    47
H   10.55745   1.32846   1.44383    48
H    1.26216   5.63565   2.03381    49
H    1.26216   3.95469   7.55056    50
H    1.26216   7.99400   6.07061    51
H    1.26216   1.59634   3.51376    52
H    7.03700   1.59634   2.03381    53
H    7.03700   7.99400   7.55056    54
H    7.03700   3.95469   6.07061    55
H    7.03700   5.63565   3.51376    56
H    1.26216   2.89049   6.11314    57
H    1.26216   6.69985   3.47123    58
H    1.26216   2.66055   2.07634    59
H    1.26216   6.92980   7.50803    60
H    7.03700   6.92980   6.11314    61
H    7.03700   2.66055   3.47123    62
H    7.03700   6.69985   2.07634    63
H    7.03700   2.89049   7.50803    64
C    1.26216   2.63666   3.17174    65
C    1.26216   6.95368   6.41263    66
C    1.26216   2.91437   7.20854    67
C    1.26216   6.67597   2.37583    68
C    7.03700   6.67597   3.17174    69
C    7.03700   2.91437   6.41263    70
C    7.03700   6.95368   7.20854    71
C    7.03700   2.63666   2.37583    72
C    9.92267   4.79517   0.75539    73
C    4.15132   4.79517   0.75539    74
C    4.15132   0.75586   4.79218    75
C    9.92267   0.75586   4.79219    76
C    4.14783   0.75586   0.75539    77
C    9.92616   0.75586   0.75539    78
C    9.92616   4.79517   4.79219    79
C    4.14783   4.79517   4.79218    80
  80
mtn_z04                                      0    11561.63  11.47   8.02   8.02  90.00  90.00  90.00
H    2.14725   7.13736   1.97733     1
H   11.82833   2.38590   7.54002     2
H   11.82833   6.39696   5.98590     3
H    2.14725   3.12630   3.53145     4
H   11.82833   3.12630   3.53145     5
H    2.14725   6.39696   5.98590     6
H    2.14725   2.38590   7.54002     7
H   11.82833   7.13736   1.97733     8
H    7.88170   3.12630   1.97733     9
H    6.09388   6.39696   7.54002    10
H    6.09388   2.38590   5.98590    11
H    7.88170   7.13736   3.53145    12
H    6.09388   7.13736   3.53145    13
H    7.88170   2.38590   5.98590    14
H    7.88170   6.39696   7.54002    15
H    6.09388   3.12630   1.97733    16
H   10.48662   5.44759   8.19473    17
H    3.48896   4.07567   1.32262    18
H    3.48896   8.08673   4.18616    19
H   10.48662   1.43653   5.33119    20
H    3.48896   1.43653   5.33119    21
H   10.48662   8.08673   4.18616    22
H   10.48662   4.07567   1.32262    23
H    3.48896   5.44759   8.19473    24
H    4.75217   1.43653   8.19473    25
H    9.22341   8.08673   1.32262    26
H    9.22341   4.07567   4.18616    27
H    4.75217   5.44759   5.33119    28
H    9.22341   5.44759   5.33119    29
H    4.75217   4.07567   4.18616    30
H    4.75217   8.08673   1.32262    31
H    9.22341   1.43653   8.19473    32
H    9.22225   5.33415   1.43861    33
H    4.75333   4.18911   8.07874    34
H    4.75333   8.20017   5.44717    35
H    9.22225   1.32309   4.07018    36
H    4.75333   1.32309   4.07018    37
H    9.22225   8.20017   5.44717    38
H    9.22225   4.18911   8.07874    39
H    4.75333   5.33415   1.43861    40
H    3.48780   1.32309   1.43861    41
H   10.48778   8.20017   8.07874    42
H   10.48778   4.18911   5.44717    43
H    3.48780   5.33415   4.07018    44
H   10.48778   5.33415   4.07018    45
H    3.48780   4.18911   5.44717    46
H    3.48780   8.20017   8.07874    47
H   10.48778   1.32309   1.43861    48
H    1.25334   5.58831   2.01410    49
H    1.25334   3.93495   7.50325    50
H    1.25334   7.94601   6.02266    51
H    1.25334   1.57725   3.49469    52
H    6.98779   1.57725   2.01410    53
H    6.98779   7.94601   7.50325    54
H    6.98779   3.93495   6.02266    55
H    6.98779   5.58831   3.49469    56
H    1.25334   2.86882   6.06746    57
H    1.25334   6.65444   3.44989    58
H    1.25334   2.64338   2.05890    59
H    1.25334   6.87988   7.45845    60
H    6.98779   6.87988   6.06746    61
H    6.98779   2.64338   3.44989    62
H    6.98779   6.65444   2.05890    63
H    6.98779   2.86882   7.45845    64
C    1.25334   2.61798   3.15393    65
C    1.25334   6.90528   6.36342    66
C    1.25334   2.89422   7.16249    67
C    1.25334   6.62904   2.35486    68
C    6.98779   6.62904   3.15393    69
C    6.98779   2.89422   6.36342    70
C    6.98779   6.90528   7.16249    71
C    6.98779   2.61798   2.35486    72
C    9.85341   4.76163   0.75011    73
C    4.12217   4.76163   0.75011    74
C    4.12217   0.75057   4.75867    75
C    9.85341   0.75057   4.75868    76
C    4.11896   0.75057   0.75011    77
C    9.85662   0.75057   0.75011    78
C    9.85662   4.76163   4.75868    79
C    4.11896   4.76163   4.75867    80
  80
mtn_z04                                      0    11561.63  11.47   8.02   8.02  90.00  90.00  90.00
H    2.14725   7.13736   1.97733     1
H   11.82833   2.38590   7.54002     2
H   11.82833   6.39696   5.98590     3
H    2.14725   3.12630   3.53145     4
H   11.82833   3.12630   3.53145     5
H    2.14725   6.39696   5.98590     6
H    2.14725   2.38590   7.54002     7
H   11.82833   7.13736   1.97733     8
H    7.88170   3.12630   1.97733     9
H    6.09388   6.39696   7.54002    10
H    6.09388   2.38590   5.98590    11
H    7.88170   7.13736   3.53145    12
H    6.09388   7.13736   3.53145    13
H    7.88170   2.38590   5.98590    14
H    7.88170   6.39696   7.54002    15
H    6.09388   3.12630   1.97733    16
H   10.48662   5.44759   8.19473    17
H    3.48896   4.07567   1.32262    18
H    3.48896   8.08673   4.18616    19
H   10.48662   1.43653   5.33119    20
H    3.48896   1.43653   5.33119    21
H   10.48662   8.08673   4.18616    22
H   10.48662   4.07567   1.32262    23
H    3.48896   5.44759   8.19473    24
H    4.75217   1.43653   8.19473    25
H    9.22341   8.08673   1.32262    26
H    9.22341   4.07567   4.18616    27
H    4.75217   5.44759   5.33119    28
H    9.22341   5.44759   5.33119    29
H    4.75217   4.07567   4.18616    30
H    4.75217   8.08673   1.32262    31
H    9.22341   1.43653   8.19473    32
H    9.22225   5.33415   1.43861    33
H    4.75333   4.18911   8.07874    34
H    4.75333   8.20017   5.44717    35
H    9.22225   1.32309   4.07018    36
H    4.75333   1.32309   4.07018    37
H    9.22225   8.20017   5.44717    38
H    9.22225   4.18911   8.07874    39
H    4.75333   5.33415   1.43861    40
H    3.48780   1.32309   1.43861    41
H   10.48778   8.20017   8.07874    42
H   10.48778   4.18911   5.44717    43
H    3.48780   5.33415   4.07018    44
H   10.48778   5.33415   4.07018    45
H    3.48780   4.18911   5.44717    46
H    3.48780   8.20017   8.07874    47
H   10.48778   1.32309   1.43861    48
H    1.25334   5.58831   2.01410    49
H    1.25334   3.93495   7.50325    50
H    1.25334   7.94601   6.02266    51
H    1.25334   1.57725   3.49469    52
H    6.98779   1.57725   2.01410    53
H    6.98779   7.94601   7.50325    54
H    6.98779   3.93495   6.02266    55
H    6.98779   5.58831   3.49469    56
H    1.25334   2.86882   6.06746    57
H    1.25334   6.65444   3.44989    58
H    1.25334   2.64338   2.05890    59
H    1.25334   6.87988   7.45845    60
H    6.98779   6.87988   6.06746    61
H    6.98779   2.64338   3.44989    62
H    6.98779   6.65444   2.05890    63
H    6.98779   2.86882   7.45845    64
C    1.25334   2.61798   3.15393    65
C    1.25334   6.90528   6.36342    66
C    1.25334   2.89422   7.16249    67
C    1.25334   6.62904   2.35486    68
C    6.98779   6.62904   3.15393    69
C    6.98779   2.89422   6.36342    70
C    6.98779   6.90528   7.16249    71
C    6.98779   2.61798   2.35486    72
C    9.85341   4.76163   0.75011    73
C    4.12217   4.76163   0.75011    74
C    4.12217   0.75057   4.75867    75
C    9.85341   0.75057   4.75868    76
C    4.11896   0.75057   0.75011    77
C    9.85662   0.75057   0.75011    78
C    9.85662   4.76163   4.75868    79
C    4.11896   4.76163   4.75867    80
  80
mtn_z05                                      0    11587.57  11.39   7.96   7.96  90.00  90.00  90.00
H    2.14099   7.26803   2.07082     1
H   11.73476   2.18721   7.37854     2
H   11.73476   6.16962   6.05075     3
H    2.14099   3.28562   3.39861     4
H   11.73476   3.28562   3.39861     5
H    2.14099   6.16962   6.05075     6
H    2.14099   2.18721   7.37854     7
H   11.73476   7.26803   2.07082     8
H    7.83447   3.28562   2.07082     9
H    6.04128   6.16962   7.37854    10
H    6.04128   2.18721   6.05075    11
H    7.83447   7.26803   3.39861    12
H    6.04128   7.26803   3.39861    13
H    7.83447   2.18721   6.05075    14
H    7.83447   6.16962   7.37854    15
H    6.04128   3.28562   2.07082    16
H   10.50848   5.42265   8.14348    17
H    3.36727   4.03259   1.30588    18
H    3.36727   8.01500   4.16355    19
H   10.50848   1.44024   5.28581    20
H    3.36727   1.44024   5.28581    21
H   10.50848   8.01500   4.16355    22
H   10.50848   4.03259   1.30588    23
H    3.36727   5.42265   8.14348    24
H    4.81499   1.44024   8.14348    25
H    9.06076   8.01500   1.30588    26
H    9.06076   4.03259   4.16355    27
H    4.81499   5.42265   5.28581    28
H    9.06076   5.42265   5.28581    29
H    4.81499   4.03259   4.16355    30
H    4.81499   8.01500   1.30588    31
H    9.06076   1.44024   8.14348    32
H    9.24382   5.29127   1.43843    33
H    4.63193   4.16397   8.01093    34
H    4.63193   8.14638   5.41836    35
H    9.24382   1.30886   4.03100    36
H    4.63193   1.30886   4.03100    37
H    9.24382   8.14638   5.41836    38
H    9.24382   4.16397   8.01093    39
H    4.63193   5.29127   1.43843    40
H    3.55033   1.30886   1.43843    41
H   10.32542   8.14638   8.01093    42
H   10.32542   4.16397   5.41836    43
H    3.55033   5.29127   4.03100    44
H   10.32542   5.29127   4.03100    45
H    3.55033   4.16397   5.41836    46
H    3.55033   8.14638   8.01093    47
H   10.32542   1.30886   1.43843    48
H    1.24439   5.73024   1.87753    49
H    1.24439   3.72500   7.57183    50
H    1.24439   7.70741   5.85746    51
H    1.24439   1.74783   3.59190    52
H    6.93787   1.74783   1.87753    53
H    6.93787   7.70741   7.57183    54
H    6.93787   3.72500   5.85746    55
H    6.93787   5.73024   3.59190    56
H    1.24439   2.95896   4.90519    57
H    1.24439   6.49628   4.54417    58
H    1.24439   2.51387   0.92526    59
H    1.24439   6.94137   8.52410    60
H    6.93787   6.94137   4.90519    61
H    6.93787   2.51387   4.54417    62
H    6.93787   6.49628   0.92526    63
H    6.93787   2.95896   8.52410    64
C    1.24439   2.81925   3.81937    65
C    1.24439   6.63599   5.62999    66
C    1.24439   2.65358   7.79930    67
C    1.24439   6.80166   1.65006    68
C    6.93787   6.80166   3.81937    69
C    6.93787   2.65358   5.62999    70
C    6.93787   6.63599   7.79930    71
C    6.93787   2.81925   1.65006    72
C    9.87587   4.72762   0.74475    73
C    3.99988   4.72762   0.74475    74
C    3.99988   0.74521   4.72468    75
C    9.87587   0.74521   4.72468    76
C    4.18239   0.74521   0.74475    77
C    9.69336   0.74521   0.74475    78
C    9.69336   4.72762   4.72468    79
C    4.18239   4.72762   4.72468    80
  80
mtn_z05                                      0    11587.57  11.39   7.96   7.96  90.00  90.00  90.00
H    2.14099   7.26803   2.07082     1
H   11.73476   2.18721   7.37854     2
H   11.73476   6.16962   6.05075     3
H    2.14099   3.28562   3.39861     4
H   11.73476   3.28562   3.39861     5
H    2.14099   6.16962   6.05075     6
H    2.14099   2.18721   7.37854     7
H   11.73476   7.26803   2.07082     8
H    7.83447   3.28562   2.07082     9
H    6.04128   6.16962   7.37854    10
H    6.04128   2.18721   6.05075    11
H    7.83447   7.26803   3.39861    12
H    6.04128   7.26803   3.39861    13
H    7.83447   2.18721   6.05075    14
H    7.83447   6.16962   7.37854    15
H    6.04128   3.28562   2.07082    16
H   10.50848   5.42265   8.14348    17
H    3.36727   4.03259   1.30588    18
H    3.36727   8.01500   4.16355    19
H   10.50848   1.44024   5.28581    20
H    3.36727   1.44024   5.28581    21
H   10.50848   8.01500   4.16355    22
H   10.50848   4.03259   1.30588    23
H    3.36727   5.42265   8.14348    24
H    4.81499   1.44024   8.14348    25
H    9.06076   8.01500   1.30588    26
H    9.06076   4.03259   4.16355    27
H    4.81499   5.42265   5.28581    28
H    9.06076   5.42265   5.28581    29
H    4.81499   4.03259   4.16355    30
H    4.81499   8.01500   1.30588    31
H    9.06076   1.44024   8.14348    32
H    9.24382   5.29127   1.43843    33
H    4.63193   4.16397   8.01093    34
H    4.63193   8.14638   5.41836    35
H    9.24382   1.30886   4.03100    36
H    4.63193   1.30886   4.03100    37
H    9.24382   8.14638   5.41836    38
H    9.24382   4.16397   8.01093    39
H    4.63193   5.29127   1.43843    40
H    3.55033   1.30886   1.43843    41
H   10.32542   8.14638   8.01093    42
H   10.32542   4.16397   5.41836    43
H    3.55033   5.29127   4.03100    44
H   10.32542   5.29127   4.03100    45
H    3.55033   4.16397   5.41836    46
H    3.55033   8.14638   8.01093    47
H   10.32542   1.30886   1.43843    48
H    1.24439   5.73024   1.87753    49
H    1.24439   3.72500   7.57183    50
H    1.24439   7.70741   5.85746    51
H    1.24439   1.74783   3.59190    52
H    6.93787   1.74783   1.87753    53
H    6.93787   7.70741   7.57183    54
H    6.93787   3.72500   5.85746    55
H    6.93787   5.73024   3.59190    56
H    1.24439   2.95896   4.90519    57
H    1.24439   6.49628   4.54417    58
H    1.24439   2.51387   0.92526    59
H    1.24439   6.94137   8.52410    60
H    6.93787   6.94137   4.90519    61
H    6.93787   2.51387   4.54417    62
H    6.93787   6.49628   0.92526    63
H    6.93787   2.95896   8.52410    64
C    1.24439   2.81925   3.81937    65
C    1.24439   6.63599   5.62999    66
C    1.24439   2.65358   7.79930    67
C    1.24439   6.80166   1.65006    68
C    6.93787   6.80166   3.81937    69
C    6.93787   2.65358   5.62999    70
C    6.93787   6.63599   7.79930    71
C    6.93787   2.81925   1.65006    72
C    9.87587   4.72762   0.74475    73
C    3.99988   4.72762   0.74475    74
C    3.99988   0.74521   4.72468    75
C    9.87587   0.74521   4.72468    76
C    4.18239   0.74521   0.74475    77
C    9.69336   0.74521   0.74475    78
C    9.69336   4.72762   4.72468    79
C    4.18239   4.72762   4.72468    80
  80
mtn_z06                                      0    11589.42  11.30   7.91   7.90  90.00  90.00  90.00
H    2.13146   7.15674   2.45436     1
H   11.64299   2.22948   6.92602     2
H   11.64299   6.18282   6.40524     3
H    2.13146   3.20340   2.97514     4
H   11.64299   3.20340   2.97514     5
H    2.13146   6.18282   6.40524     6
H    2.13146   2.22948   6.92602     7
H   11.64299   7.15674   2.45436     8
H    7.78338   3.20340   2.45436     9
H    5.99107   6.18282   6.92602    10
H    5.99107   2.22948   6.40524    11
H    7.78338   7.15674   2.97514    12
H    5.99107   7.15674   2.97514    13
H    7.78338   2.22948   6.40524    14
H    7.78338   6.18282   6.92602    15
H    5.99107   3.20340   2.45436    16
H   10.41308   5.36944   8.05994    17
H    3.36137   4.01678   1.32044    18
H    3.36137   7.97012   4.10906    19
H   10.41308   1.41610   5.27132    20
H    3.36137   1.41610   5.27132    21
H   10.41308   7.97012   4.10906    22
H   10.41308   4.01678   1.32044    23
H    3.36137   5.36944   8.05994    24
H    4.76115   1.41610   8.05994    25
H    9.01330   7.97012   1.32044    26
H    9.01330   4.01678   4.10906    27
H    4.76115   5.36944   5.27132    28
H    9.01330   5.36944   5.27132    29
H    4.76115   4.01678   4.10906    30
H    4.76115   7.97012   1.32044    31
H    9.01330   1.41610   8.05994    32
H    9.14798   5.27842   1.41586    33
H    4.62647   4.10780   7.96452    34
H    4.62647   8.06114   5.36674    35
H    9.14798   1.32508   4.01364    36
H    4.62647   1.32508   4.01364    37
H    9.14798   8.06114   5.36674    38
H    9.14798   4.10780   7.96452    39
H    4.62647   5.27842   1.41586    40
H    3.49606   1.32508   1.41586    41
H   10.27839   8.06114   7.96452    42
H   10.27839   4.10780   5.36674    43
H    3.49606   5.27842   4.01364    44
H   10.27839   5.27842   4.01364    45
H    3.49606   4.10780   5.36674    46
H    3.49606   8.06114   7.96452    47
H   10.27839   1.32508   1.41586    48
H    1.23530   5.62781   2.19441    49
H    1.23530   3.75841   7.18597    50
H    1.23530   7.71175   6.14529    51
H    1.23530   1.67447   3.23509    52
H    6.88723   1.67447   2.19441    53
H    6.88723   7.71175   7.18597    54
H    6.88723   3.75841   6.14529    55
H    6.88723   5.62781   3.23509    56
H    1.23530   2.94431   4.49331    57
H    1.23530   6.44191   4.88707    58
H    1.23530   2.48857   8.44419    59
H    1.23530   6.89765   0.93619    60
H    6.88723   6.89765   4.49331    61
H    6.88723   2.48857   4.88707    62
H    6.88723   6.44191   8.44419    63
H    6.88723   2.94431   0.93619    64
C    1.23530   2.75397   3.41560    65
C    1.23530   6.63225   5.96478    66
C    1.23530   2.67891   7.36648    67
C    1.23530   6.70731   2.01390    68
C    6.88723   6.70731   3.41560    69
C    6.88723   2.67891   5.96478    70
C    6.88723   6.63225   7.36648    71
C    6.88723   2.75397   2.01390    72
C    9.77870   4.69311   0.73931    73
C    3.99575   4.69311   0.73931    74
C    3.99575   0.73977   4.69019    75
C    9.77870   0.73977   4.69019    76
C    4.12678   0.73977   0.73931    77
C    9.64767   0.73977   0.73931    78
C    9.64767   4.69311   4.69019    79
C    4.12678   4.69311   4.69019    80
  80
mtn_z06                                      0    11589.42  11.30   7.91   7.90  90.00  90.00  90.00
H    2.13146   7.15674   2.45436     1
H   11.64299   2.22948   6.92602     2
H   11.64299   6.18282   6.40524     3
H    2.13146   3.20340   2.97514     4
H   11.64299   3.20340   2.97514     5
H    2.13146   6.18282   6.40524     6
H    2.13146   2.22948   6.92602     7
H   11.64299   7.15674   2.45436     8
H    7.78338   3.20340   2.45436     9
H    5.99107   6.18282   6.92602    10
H    5.99107   2.22948   6.40524    11
H    7.78338   7.15674   2.97514    12
H    5.99107   7.15674   2.97514    13
H    7.78338   2.22948   6.40524    14
H    7.78338   6.18282   6.92602    15
H    5.99107   3.20340   2.45436    16
H   10.41308   5.36944   8.05994    17
H    3.36137   4.01678   1.32044    18
H    3.36137   7.97012   4.10906    19
H   10.41308   1.41610   5.27132    20
H    3.36137   1.41610   5.27132    21
H   10.41308   7.97012   4.10906    22
H   10.41308   4.01678   1.32044    23
H    3.36137   5.36944   8.05994    24
H    4.76115   1.41610   8.05994    25
H    9.01330   7.97012   1.32044    26
H    9.01330   4.01678   4.10906    27
H    4.76115   5.36944   5.27132    28
H    9.01330   5.36944   5.27132    29
H    4.76115   4.01678   4.10906    30
H    4.76115   7.97012   1.32044    31
H    9.01330   1.41610   8.05994    32
H    9.14798   5.27842   1.41586    33
H    4.62647   4.10780   7.96452    34
H    4.62647   8.06114   5.36674    35
H    9.14798   1.32508   4.01364    36
H    4.62647   1.32508   4.01364    37
H    9.14798   8.06114   5.36674    38
H    9.14798   4.10780   7.96452    39
H    4.62647   5.27842   1.41586    40
H    3.49606   1.32508   1.41586    41
H   10.27839   8.06114   7.96452    42
H   10.27839   4.10780   5.36674    43
H    3.49606   5.27842   4.01364    44
H   10.27839   5.27842   4.01364    45
H    3.49606   4.10780   5.36674    46
H    3.49606   8.06114   7.96452    47
H   10.27839   1.32508   1.41586    48
H    1.23530   5.62781   2.19441    49
H    1.23530   3.75841   7.18597    50
H    1.23530   7.71175   6.14529    51
H    1.23530   1.67447   3.23509    52
H    6.88723   1.67447   2.19441    53
H    6.88723   7.71175   7.18597    54
H    6.88723   3.75841   6.14529    55
H    6.88723   5.62781   3.23509    56
H    1.23530   2.94431   4.49331    57
H    1.23530   6.44191   4.88707    58
H    1.23530   2.48857   8.44419    59
H    1.23530   6.89765   0.93619    60
H    6.88723   6.89765   4.49331    61
H    6.88723   2.48857   4.88707    62
H    6.88723   6.44191   8.44419    63
H    6.88723   2.94431   0.93619    64
C    1.23530   2.75397   3.41560    65
C    1.23530   6.63225   5.96478    66
C    1.23530   2.67891   7.36648    67
C    1.23530   6.70731   2.01390    68
C    6.88723   6.70731   3.41560    69
C    6.88723   2.67891   5.96478    70
C    6.88723   6.63225   7.36648    71
C    6.88723   2.75397   2.01390    72
C    9.77870   4.69311   0.73931    73
C    3.99575   4.69311   0.73931    74
C    3.99575   0.73977   4.69019    75
C    9.77870   0.73977   4.69019    76
C    4.12678   0.73977   0.73931    77
C    9.64767   0.73977   0.73931    78
C    9.64767   4.69311   4.69019    79
C    4.12678   4.69311   4.69019    80
