./a/thermal.txt:       0.000      65.7508996      0.0000000      0.0000000     65.7508996
./b/thermal.txt:       0.000      65.8057994      0.0000000      0.0000000     65.8057994
./c/thermal.txt:       0.000      65.9180307      0.0000000      0.0000000     65.9180307
./d/thermal.txt:       0.000      65.9768675      0.0000000      0.0000000     65.9768675
./e/thermal.txt:       0.000      66.0506699      0.0000000      0.0000000     66.0506699
./1/thermal.txt:       0.000      66.0797926      0.0000000      0.0000000     66.0797926
./f/thermal.txt:       0.000      66.1898600      0.0000000      0.0000000     66.1898600
./2/thermal.txt:       0.000      66.1425963      0.0000000      0.0000000     66.1425963
./g/thermal.txt:       0.000      66.1805323      0.0000000      0.0000000     66.1805323
./1/thermal.txt:       0.000      66.3030284      0.0000000      0.0000000     66.3030284
./2/thermal.txt:       0.000      66.3622514      0.0000000      0.0000000     66.3622514
./3/thermal.txt:       0.000      66.3907412      0.0000000      0.0000000     66.3907412
./4/thermal.txt:       0.000      66.4568539      0.0000000      0.0000000     66.4568539
./5/thermal.txt:       0.000      66.5169289      0.0000000      0.0000000     66.5169289
./6/thermal.txt:       0.000      66.5605541      0.0000000      0.0000000     66.5605541
./7/thermal.txt:       0.000      66.6108111      0.0000000      0.0000000     66.6108111
./8/thermal.txt:       0.000      66.6538676      0.0000000      0.0000000     66.6538676

./r/thermal.txt:       0.000      28.7390508      0.0000000      0.0000000     28.7390508
