       0     2.466440     2.466440    20.000000     1.962349     1.964074     0.000000     0.000000   105.318927
       0     2.466440     2.466440     7.095970    11.041533    11.046184    -0.294430     0.000000    37.366997
       0     2.466440     2.466440     7.029660    11.145247    11.149765    -0.296500     0.000000    37.017812
       0     2.466440     2.466440     6.963340    11.251002    11.255382    -0.297469     0.000000    36.668575
       0     2.466440     2.466440     6.897020    11.358855    11.363093    -0.297137     0.000000    36.319337
       0     2.466440     2.466440     6.830700    11.468882    11.472974    -0.295276     0.000000    35.970100
       0     2.466440     2.466440     6.764390    11.581147    11.585089    -0.291625     0.000000    35.620915
       0     2.466440     2.466440     6.698070    11.695771    11.699560    -0.285888     0.000000    35.271677
       0     2.466440     2.466440     6.631750    11.812831    11.816466    -0.277726     0.000000    34.922440
       0     2.466440     2.466440     6.565430    11.932428    11.935909    -0.266759     0.000000    34.573202
       0     2.466440     2.466440     6.499120    12.054654    12.057981    -0.252555     0.000000    34.224017
       0     2.466440     2.466440     6.432800    12.179663    12.182839    -0.234618     0.000000    33.874780
       0     2.466440     2.466440     6.366480    12.307566    12.310596    -0.212396     0.000000    33.525542
       0     2.466440     2.466440     6.300160    12.438505    12.441395    -0.185261     0.000000    33.176305
       0     2.466440     2.466440     6.233850    12.572612    12.575372    -0.152512     0.000000    32.827120
       0     2.466440     2.466440     6.167530    12.710096    12.712740    -0.113341     0.000000    32.477882
