8975325.4539
7409365.7735
8171950.9223
7364907.7669
6797887.8305
8403562.6059
7364913.3335
6677412.3493
6654181.9548
6700673.6540
6677412.3493
6616980.8820
7406417.1176
5872490.7915
6616980.8820
5814873.2578
5791344.9012
5838438.2244
5814873.2578
5753959.1689
5730517.9310
5777432.6865
5753959.1689
5693589.2508
6436121.1454
4996984.3290
5693589.2508
4943239.9805
5636170.7445
4296236.1892
4943239.9805
4246459.9312
4223129.2243
4269841.8277
4246459.9312
4186692.1672
4829670.1929
3590138.2847
4186692.1672
3533036.2243
4124947.6925
2987548.8994
3533036.2243
2945915.4364
2864485.6537
3317806.0015
2945915.4364
2862798.2064
2942647.8711
2998693.6438
2862798.2064
2862603.0016
2965354.2805
2965764.1414
2862603.0016
2862627.1812
2892497.8079
2883605.7526
2862603.0016
2862283.5237
2957742.3042
2975842.7390
2862283.5237
2862603.0016
2888236.8548
2887992.2670
2862283.5237
2862277.3258
2844880.8951
2879689.9768
2862277.3258
2817911.2319
2800551.3173
2835284.6209
2817911.2319
2773840.9243
2756510.4099
2791182.1880
2773840.9243
2730047.7127
2712739.5984
2747363.8704
2730047.7127
2686548.0382
2669255.4250
2703846.0088
2686548.0382
2643289.6454
2626005.7612
2660576.2173
2643289.6454
2600255.4583
2600255.4583
2600255.4583
2600255.4583
2600255.4583
2600255.4583
2600255.4583
2600255.4583
2600255.4583
2600255.4583
2600255.4583
2600255.4583
2600255.4583
2600255.4583
2600255.4583
2600255.4583
2600255.4583
3129534.2751
2120828.3030
2600255.4583
2075627.4288
2212957.6348
2106255.7890
2075627.4288
2064350.0220
2046952.2837
2081779.3924
2064350.0220
2021294.2386
2493815.3219
1599111.3864
2021294.2386
1559661.7039
1543723.0609
1575646.8399
1559661.7039
1520471.1754
1504643.9022
1536343.1104
1520471.1754
1481740.7468
1892494.6919
1122326.1286
1481740.7468
1082646.3772
1435900.2762
 780731.8050
1082646.3772
 747952.0591
 736009.4751
 759980.6960
 747952.0591
 718963.2411
1010251.0716
 479524.6499
 718963.2411
 454276.2878
 687492.9703
 272908.8447
 454276.2878
 254629.0204
 355265.3295
 267222.9318
 254629.0204
 242740.0914
 305961.6767
 318407.0082
 242740.0914
 243145.5817
 261283.9107
 258088.8124
 242740.0914
 242628.2466
 303305.5359
 322675.9800
 242628.2466
 243145.5817
 259745.9064
 259852.5934
 242628.2466
 242628.2466
 303305.5359
 322675.9800
 242628.2466
 243170.0982
 259745.9064
 259852.5934
 242628.2466
 242634.5837
 247457.4278
 246332.3902
 242628.2466
 242597.2218
 234526.1826
 250845.0709
 242597.2218
 223308.5391
 215669.6039
 231125.9654
 223308.5391
 205159.7973
 197955.6288
 212544.5692
 205159.7973
 188147.7122
 181382.0018
 195096.5918
 188147.7122
 172271.3759
 165948.8882
 178780.0785
 172271.3759
 157532.3148
 151658.9359
 163595.4623
 157532.3148
 143934.5565
 143934.5565
 143934.5565
 143934.5565
 143934.5565
 143934.5565
 143934.5565
 143934.5565
 143934.5565
 143934.5565
 143934.5565
 143934.5565
 143934.5565
 143934.5565
 143934.5565
 143934.5565
 143934.5565
 282672.3667
  60354.5439
 143934.5565
  53054.9344
 131725.2123
  53723.0512
  53054.9344
  40052.8852
  36920.4559
  43475.0228
  40052.8852
  33139.9066
 103978.6144
  17906.4669
  33139.9066
  16486.8916
  16916.5367
  16385.5476
  16486.8916
  16379.6867
  16543.1638
  16541.9811
  16379.6867
  16379.6872
  46778.6996
  41365.2556
  16379.6872
  16315.7260
  44499.3552
  43516.6776
  16315.7260
  16316.9762
  23484.4680
  22993.1292
  16315.7260
  16316.9762
  18028.7232
  18059.9768
  16315.7260
  16315.7260
  16628.8163
  16330.0958
  16315.7260
  16281.8475
  46105.2433
  41719.7415
  16281.8475
  16238.3465
  43851.2907
  43886.6921
  16238.3465
  16238.3465
  65795.5251
  58773.5955
  16238.3465
  15716.6009
  62937.0898
  63374.1558
  15716.6009
  15740.8486
  31642.1969
  22631.2037
  15716.6009
  14981.9557
  55848.8958
  76557.8445
  14981.9557
  15740.8486
  27118.6827
  27536.4211
  14981.9557
  14994.0912
  18546.6025
  17532.8976
  14981.9557
  14944.7889
  54454.3403
  79490.9474
  14944.7889
  15740.8486
  26271.1489
  28704.4805
  14944.7889
  14994.0912
  18063.8363
  18039.5237
  14944.7889
  14943.2423
  14724.8685
  15511.2834
  14943.2423
  14722.3067
  14901.2518
  14896.4136
  14722.3067
  14722.3028
  14898.4110
  14899.2217
  14722.3028
  14722.3017
  14899.1191
  14898.5176
  14722.3017
  14722.3028
  14898.4110
  14899.2217
  14722.3028
  14722.3017
  14899.1191
  14898.5176
  14722.3017
  14722.3028
  14722.3028
  14722.3028
  14722.3028
  14722.3028
  14722.3028
  14722.3028
  14722.3028
  14722.3028
  14722.3028
  14722.3028
  14722.3028
  14722.3028
  14722.3028
  14722.3028
  14722.3028
  14722.3028
  39953.0528
  44935.9442
  14722.3028
  14667.0005
  56059.0358
  73312.9326
  14667.0005
  15380.8848
  27274.2081
  26166.1336
  14667.0005
  14628.7875
  14614.9840
  14995.2888
  14628.7875
  14577.3315
  40143.0237
  44597.9483
  14577.3315
  14532.7021
  14555.6982
  14862.3059
  14532.7021
  14499.1902
  14676.2074
  14676.1501
  14499.1902
  14499.1902
  40675.7870
  44030.5125
  14499.1902
  14476.6621
  42881.5756
  41779.6675
  14476.6621
  14476.7846
  21715.6290
  21164.6749
  14476.6621
  14476.7846
  16213.2791
  16216.3417
  14476.6621
  14476.6621
  14498.3909
  14807.1216
  14476.6621
  14442.6438
  41209.2814
  43507.6620
  14442.6438
  14430.8263
  42314.0970
  42379.2114
  14430.8263
  14430.8263
  57428.6494
  67872.5999
  14430.8263
  14951.0406
  28112.7154
  23985.9706
  14430.8263
  14198.3754
  54224.4268
  74136.3155
  14198.3754
  14951.0406
  26107.4643
  26389.1604
  14198.3754
  14210.6955
  17707.9883
  16658.2820
  14198.3754
  14157.9775
  52724.5830
  77283.7024
  14157.9775
  14951.0406
  25195.9267
  27643.1605
  14157.9775
  14210.6955
  17188.6528
  17202.0861
  14157.9775
  14159.7244
  14999.9106
  14831.6904
  14157.9775
  14155.0650
  52319.2604
  78159.4202
  14155.0650
  14927.1329
  24952.7639
  27997.1355
  14155.0650
  14204.3453
  17053.6537
  17360.2687
  14155.0650
  14157.9775
  14903.5773
  14929.9153
  14155.0650
  14155.0650
  13990.6731
  14682.8692
  14155.0650
  13990.2126
  14174.8341
  14172.1218
  13990.2126
  13990.2124
  14173.3609
  14173.5810
  13990.2124
  13990.2124
  14173.3609
  14173.5810
  13990.2124
  13990.2124
  14173.3609
  14173.5810
  13990.2124
  13990.2124
  14173.3609
  14173.5810
  13990.2124
  13990.2124
  13990.2124
  13990.2124
  13990.2124
  13990.2124
  13990.2124
  13990.2124
  13990.2124
  13990.2124
  13990.2124
  13990.2124
  13990.2124
  13990.2124
  13990.2124
  13990.2124
  13990.2124
  13990.2124
