  4 1   2   0.005    -1.0 1.0
  4 1   1   0.05     0.0 5.0
  4 1   3   0.05     0.0 30.0
  4 1   2   0.005    -1.0 1.0
  4 1   3   0.05     0.0 30.0
  4 1   3   0.05     0.0 30.0
  4 1   2   0.005    -1.0 1.0
  4 1   2   0.005    -1.0 1.0  
  4 1   3   0.05     0.0 30.0
  4 1   2   0.005    -1.0 1.0
  4 1   2   0.005    -1.0 1.0
  4 1   1   0.05     0.0 5.0
  4 1   1   0.05     0.0 5.0
  4 1   1   0.05     0.0 5.0
  4 1   1   0.05     0.0 5.0
  4 1   3   0.05     0.0 30.0
  4 1   3   0.05     0.0 30.0
  4 1   3   0.05     0.0 30.0
  4 1   3   0.05     0.0 30.0
  4 1   3   0.05     0.0 30.0
  4 1   3   0.05     0.0 30.0
  4 1   4   0.005    -3.0 3.0
  4 1   4   0.005    -3.0 3.0
  4 1   4   0.005    -3.0 3.0
  4 1   4   0.005    -3.0 3.0
  4 1   2   0.005    -1.0 1.0
  4 1   1   0.05     0.0 5.0
  4 1   3   0.05     0.0 30.0
  4 1   2   0.005    -1.0 1.0
  4 1   3   0.05     0.0 30.0
  4 1   3   0.05     0.0 30.0
  4 1   2   0.005    -1.0 1.0
  4 1   2   0.005    -1.0 1.0
  4 1   3   0.05     0.0 30.0
  4 1   2   0.005    -1.0 1.0
  4 1   2   0.005    -1.0 1.0
  4 1   1   0.05     0.0 5.0
  4 1   1   0.05     0.0 5.0
  4 1   1   0.05     0.0 5.0
  4 1   1   0.05     0.0 5.0
  4 1   3   0.05     0.0 30.0
  4 1   3   0.05     0.0 30.0
  4 1   3   0.05     0.0 30.0
  4 1   3   0.05     0.0 30.0
  4 1   3   0.05     0.0 30.0
  4 1   3   0.05     0.0 30.0
  4 1   4   0.005    -3.0 3.0
  4 1   4   0.005    -3.0 3.0
  4 1   4   0.005    -3.0 3.0
  4 1   4   0.005    -3.0 3.0
  4 1   2   0.005    -1.0 1.0
  4 1   1   0.05     0.0 5.0
  4 1   3   0.05     0.0 30.0
  4 1   2   0.005    -1.0 1.0
  4 1   3   0.05     0.0 30.0
  4 1   3   0.05     0.0 30.0
  4 1   2   0.005    -1.0 1.0
  4 1   2   0.005    -1.0 1.0
  4 1   3   0.05     0.0 30.0
  4 1   2   0.005    -1.0 1.0
  4 1   2   0.005    -1.0 1.0
  4 1   1   0.05     0.0 5.0
  4 1   1   0.05     0.0 5.0
  4 1   1   0.05     0.0 5.0
  4 1   1   0.05     0.0 5.0
  4 1   3   0.05     0.0 30.0
  4 1   3   0.05     0.0 30.0
  4 1   3   0.05     0.0 30.0
  4 1   3   0.05     0.0 30.0
  4 1   3   0.05     0.0 30.0
  4 1   3   0.05     0.0 30.0
  4 1   4   0.005    -3.0 3.0
  4 1   4   0.005    -3.0 3.0
  4 1   4   0.005    -3.0 3.0
  4 1   4   0.005    -3.0 3.0
  4 1   2   0.005    -1.0 1.0
  4 1   1   0.05     0.0 5.0
  4 1   3   0.05     0.0 30.0
  4 1   2   0.005    -1.0 1.0
  4 1   3   0.05     0.0 30.0
  4 1   3   0.05     0.0 30.0
  4 1   2   0.005    -1.0 1.0
  4 1   2   0.005    -1.0 1.0
  4 1   3   0.05     0.0 30.0
  4 1   2   0.005    -1.0 1.0
  4 1   2   0.005    -1.0 1.0
  4 1   1   0.05     0.0 5.0
  4 1   1   0.05     0.0 5.0
  4 1   1   0.05     0.0 5.0
  4 1   1   0.05     0.0 5.0
  4 1   3   0.05     0.0 30.0
  4 1   3   0.05     0.0 30.0
  4 1   3   0.05     0.0 30.0
  4 1   3   0.05     0.0 30.0
  4 1   3   0.05     0.0 30.0
  4 1   3   0.05     0.0 30.0
  4 1   4   0.005    -3.0 3.0
  4 1   4   0.005    -3.0 3.0
  4 1   4   0.005    -3.0 3.0
  4 1   4   0.005    -3.0 3.0
