Energy +CC-70959/  4 -CC-ref/  2                                  0.0111     -1.1932      1.0000      1.4504      1.4504
Energy +CC-70296/  4 -CC-ref/  2                                 -0.0107     -1.2076      1.0000      1.4328      2.8832
Energy +CC-69633/  4 -CC-ref/  2                                 -0.0340     -1.2199      1.0000      1.4064      4.2896
Energy +CC-68970/  4 -CC-ref/  2                                 -0.0591     -1.2294      1.0000      1.3697      5.6593
Energy +CC-68307/  4 -CC-ref/  2                                 -0.0860     -1.2361      1.0000      1.3227      6.9820
Energy +CC-67643/  4 -CC-ref/  2                                 -0.1149     -1.2393      1.0000      1.2643      8.2463
Energy +CC-66980/  4 -CC-ref/  2                                 -0.1459     -1.2385      1.0000      1.1939      9.4402
Energy +CC-66317/  4 -CC-ref/  2                                 -0.1791     -1.2334      1.0000      1.1115     10.5517
Energy +CC-65654/  4 -CC-ref/  2                                 -0.2147     -1.2231      1.0000      1.0168     11.5685
Energy +CC-64991/  4 -CC-ref/  2                                 -0.2529     -1.2070      1.0000      0.9103     12.4788
Energy +CC-64327/  4 -CC-ref/  2                                 -0.2938     -1.1842      1.0000      0.7927     13.2715
Energy +CC-63664/  4 -CC-ref/  2                                 -0.3377     -1.1541      1.0000      0.6665     13.9381
Energy +CC-63001/  4 -CC-ref/  2                                 -0.3848     -1.1158      1.0000      0.5344     14.4725
Energy +CC-62338/  4 -CC-ref/  2                                 -0.4352     -1.0682      1.0000      0.4007     14.8732
Energy +CC-61675/  4 -CC-ref/  2                                 -0.4893     -1.0101      1.0000      0.2712     15.1445
