./a/thermal.txt:     300.000      63.7234008     19.9334864     34.0471580     69.7034468
./b/thermal.txt:     300.000      63.7884216     19.8685204     33.9884486     69.7489777
./c/thermal.txt:     300.000      63.8893230     19.9339896     34.0566491     69.8695199
./d/thermal.txt:     300.000      63.9729457     19.8109338     33.9994019     69.9162258
./e/thermal.txt:     300.000      63.9763159     20.0111502     34.0477993     69.9796610
./f/thermal.txt:     300.000      64.1202584     19.8936167     34.0201439     70.0883434
./g/thermal.txt:     300.000      64.2067807     19.7366290     33.9933080     70.1277694
./z01/thermal.txt:     300.000      64.2888500     19.8390554     34.0238996     70.2405666
./z02/thermal.txt:     300.000      64.3506109     19.7995072     34.0021078     70.2904631
./z03/thermal.txt:     300.000      64.4109480     19.6543974     33.9730094     70.3072673
./z04/thermal.txt:     300.000      64.4584079     19.7159907     33.9612070     70.3732051
./z05/thermal.txt:     300.000      64.5723638     19.4696597     33.9155843     70.4132617
./z06/thermal.txt:     300.000      64.6450548     19.3094941     33.8717367     70.4379030
./z07/thermal.txt:     300.000      64.7171183     19.1794315     33.8226015     70.4709478
./z08/thermal.txt:     300.000      64.7295185     19.2746551     33.8260040     70.5119150
./z09/thermal.txt:     300.000      14.2547946     38.1453746     45.0102034     25.6984069
./z10/thermal.txt:     300.000      15.5598885     35.6441786     44.8267245     26.2531421
./z11/thermal.txt:     300.000      16.9532152     32.8230843     44.4775925     26.8001405
./z12/thermal.txt:     300.000      19.1544571     30.1500898     45.2251133     28.1994840
./z13/thermal.txt:     300.000      18.8871578     32.3733756     46.3952855     28.5991705
./z14/thermal.txt:     300.000      18.8871578     32.3733756     46.3952855     28.5991705
./z15/thermal.txt:     300.000      18.8871578     32.3733756     46.3952855     28.5991705
./z16/thermal.txt:     300.000      18.8871578     32.3733756     46.3952855     28.5991705
./z17/thermal.txt:     300.000      18.8871578     32.3733756     46.3952855     28.5991705
./z18/thermal.txt:     300.000      18.8871578     32.3733756     46.3952855     28.5991705
./z19/thermal.txt:     300.000      18.8871578     32.3733756     46.3952855     28.5991705
./zzz-a/thermal.txt:     300.000      71.0180254     16.2603954     25.8250935     75.8961440
./zzz-b/thermal.txt:     300.000      13.2563391     24.6106522     34.4262135     20.6395348
./zzz-z07/thermal.txt:     300.000      13.3808230     33.6195577     40.6299460     23.4666903
./zzz-z08/thermal.txt:     300.000      13.7939275     34.8179454     41.8937252     24.2393111
