./a/thermal.txt:       0.000      65.7508996      0.0000000      0.0000000     65.7508996
./b/thermal.txt:       0.000      65.8057994      0.0000000      0.0000000     65.8057994
./c/thermal.txt:       0.000      65.9180307      0.0000000      0.0000000     65.9180307
./d/thermal.txt:       0.000      65.9768675      0.0000000      0.0000000     65.9768675
./e/thermal.txt:       0.000      66.0506699      0.0000000      0.0000000     66.0506699
./ff/thermal.txt:       0.000      66.0797926      0.0000000      0.0000000     66.0797926
./f/thermal.txt:       0.000      66.1439024      0.0000000      0.0000000     66.1439024
./gg/thermal.txt:       0.000      66.1425963      0.0000000      0.0000000     66.1425963
./g/thermal.txt:       0.000      66.1805323      0.0000000      0.0000000     66.1805323
./ref/thermal.txt:       0.000      66.3030284      0.0000000      0.0000000     66.3030284
./z01/thermal.txt:       0.000      66.3030284      0.0000000      0.0000000     66.3030284
./z02/thermal.txt:       0.000      66.3622514      0.0000000      0.0000000     66.3622514
./z03/thermal.txt:       0.000      66.3907412      0.0000000      0.0000000     66.3907412
./z04/thermal.txt:       0.000      66.4568539      0.0000000      0.0000000     66.4568539
./z05/thermal.txt:       0.000      66.5169289      0.0000000      0.0000000     66.5169289
./z06/thermal.txt:       0.000      66.5605541      0.0000000      0.0000000     66.5605541
./z07/thermal.txt:       0.000      66.6108111      0.0000000      0.0000000     66.6108111
./z08/thermal.txt:       0.000      66.6538676      0.0000000      0.0000000     66.6538676
