32   
4    

1    
  0.0034404814835748  -0.0000013386247348   0.0093895199754441
  -0.2236563100    0.0073600800   -0.1343253200
   0.0273115500    0.0063826800   -0.0050680600
  -0.0092543400   -0.0147439400   -0.0050037900
  -0.0093489600    0.0276198700   -0.0052295000
  -0.0123013600    0.0062053400    0.0020244100
  -0.0122753100    0.0062094100    0.0020516900
  -0.0122906900    0.0062171800    0.0020528800
  -0.0122831800    0.0062279300    0.0020509700
   0.0113102300   -0.0070480100   -0.0020643500
   0.0111291000   -0.0071195600   -0.0021294600
   0.0112857100   -0.0069242600   -0.0020962900
   0.0111233800   -0.0070405400   -0.0014035700
   0.0112388600   -0.0058039600   -0.0021750300
   0.0114053400   -0.0058783900   -0.0021146800
   0.0113864500   -0.0059844200   -0.0021453800
   0.0112184000   -0.0058904700   -0.0013683500
   0.0097994800   -0.0059685000    0.0121586800
   0.0370037300   -0.0066915200    0.0470691600
   0.0824957800    0.0201800200    0.0474876900
   0.0826270800   -0.0323563400    0.0466006500
   0.0115929600   -0.0058489900   -0.0002214400
   0.0115901400   -0.0058517900   -0.0002043400
   0.0115943800   -0.0058622700   -0.0002041500
   0.0115897000   -0.0058671700   -0.0002041400
  -0.0109175300    0.0067400600    0.0007438000
  -0.0104244000    0.0068440600    0.0007666400
  -0.0107567500    0.0063762500    0.0007568700
  -0.0106080700    0.0066501600    0.0000429100
  -0.0101824800    0.0052935800    0.0007369800
  -0.0105934900    0.0054057400    0.0006922100
  -0.0104850800    0.0057027500    0.0007031600
  -0.0103243200    0.0054650300    0.0000191600

1    
 -0.0034404814835748   0.0000013386247348  -0.0093895199754441
   0.2017715000    0.0073370400    0.1343041500
  -0.0491558600    0.0063408400    0.0050948000
  -0.0125115700    0.0275185800    0.0051583400
  -0.0126036800   -0.0148244700    0.0051262000
  -0.0107631200    0.0065746700   -0.0019604200
  -0.0107864000    0.0065744300   -0.0019903500
  -0.0107783300    0.0065869400   -0.0019875300
  -0.0107739800    0.0065690300   -0.0019915900
   0.0109047700   -0.0070441200    0.0020256000
   0.0110694400   -0.0069560500    0.0020856500
   0.0109153200   -0.0071452400    0.0020536600
   0.0110848300   -0.0070432900    0.0012797500
   0.0111258000   -0.0058775400    0.0021312100
   0.0109643300   -0.0058083900    0.0020683600
   0.0109862200   -0.0056787200    0.0021037600
   0.0111392300   -0.0057674600    0.0014018400
   0.0106496600   -0.0059966800   -0.0121995200
  -0.0165620200   -0.0065295800   -0.0471157700
  -0.0623744800   -0.0324333900   -0.0466819900
  -0.0618578200    0.0201017100   -0.0474940200
   0.0100478400   -0.0061299000    0.0002398700
   0.0100531400   -0.0061346100    0.0002225500
   0.0100512300   -0.0061317100    0.0002231700
   0.0100484300   -0.0061343300    0.0002197500
  -0.0102878100    0.0065856500   -0.0007314000
  -0.0107019200    0.0064837700   -0.0007581400
  -0.0104023700    0.0068863300   -0.0007470800
  -0.0105703300    0.0066538500   -0.0000515700
  -0.0104127700    0.0055533400   -0.0007198300
  -0.0099435800    0.0054461200   -0.0006618000
  -0.0100846700    0.0050752600   -0.0006715100
  -0.0102410000    0.0053479400    0.0000238700

17   
  0.0034404814835748  -0.0000013386247348   0.0093895199754441
  -0.0117593900    0.0057225400    0.0112870800
   0.0154652600    0.0062585800    0.0461928300
   0.0612810500    0.0321525000    0.0457623500
   0.0607681700   -0.0203833200    0.0465710800
  -0.0060037100    0.0059885900   -0.0012006100
  -0.0060012100    0.0059892600   -0.0011835400
  -0.0060028400    0.0059911900   -0.0011861800
  -0.0060024300    0.0059921300   -0.0011802900
   0.0125455400   -0.0077258400    0.0015430200
   0.0126600600   -0.0076324700    0.0016909100
   0.0125268300   -0.0077505300    0.0016119900
   0.0126750200   -0.0077017800    0.0009083300
   0.0123716600   -0.0068189000    0.0017841900
   0.0122773500   -0.0066898500    0.0016101100
   0.0122155900   -0.0066903400    0.0016893400
   0.0123904600   -0.0067298700    0.0009989100
  -0.2020377700   -0.0062985700   -0.1354842900
   0.0486167900   -0.0053098200   -0.0073492200
   0.0126078600   -0.0261179200   -0.0074101500
   0.0127015800    0.0154975000   -0.0073966900
   0.0051504600   -0.0054641600    0.0002514400
   0.0051462700   -0.0054640300    0.0001290100
   0.0051479400   -0.0054658600    0.0001288900
   0.0051474000   -0.0054680700    0.0001291400
  -0.0121874600    0.0073634000   -0.0000059200
  -0.0118442200    0.0073589600    0.0000928100
  -0.0120077100    0.0070695600    0.0000298000
  -0.0120275700    0.0072552700   -0.0002554400
  -0.0112723400    0.0061692000    0.0002149400
  -0.0116233300    0.0061695400    0.0000641200
  -0.0114454900    0.0064621600    0.0001248800
  -0.0114798200    0.0062709600   -0.0001628500

17   
 -0.0034404814835748   0.0000013386247348  -0.0093895199754441
  -0.0087811800    0.0059819400   -0.0113586800
  -0.0359663500    0.0067005100   -0.0462650400
  -0.0814836800   -0.0201808800   -0.0466837300
  -0.0815972400    0.0323788800   -0.0458075500
  -0.0141632700    0.0057722200    0.0012067800
  -0.0141674100    0.0057698400    0.0011917600
  -0.0141660400    0.0057755700    0.0011930800
  -0.0141655700    0.0057703400    0.0011899800
   0.0124365200   -0.0074640600   -0.0015490000
   0.0123309100   -0.0075410300   -0.0016977900
   0.0124517200   -0.0074329400   -0.0016181000
   0.0123119300   -0.0074821700   -0.0009285700
   0.0120426700   -0.0064747600   -0.0017162500
   0.0121473600   -0.0066200700   -0.0015427700
   0.0122213800   -0.0066101700   -0.0016199700
   0.0120320400   -0.0065659300   -0.0009165800
   0.2212072400   -0.0064687000    0.1354291000
  -0.0295499800   -0.0055028500    0.0072851100
   0.0064172400    0.0152758100    0.0072278400
   0.0065053400   -0.0263908000    0.0074550100
   0.0135411400   -0.0054487100   -0.0002074200
   0.0135496700   -0.0054526500   -0.0000853100
   0.0135462500   -0.0054516200   -0.0000846100
   0.0135449000   -0.0054501100   -0.0000878200
  -0.0116187700    0.0070018500   -0.0000262900
  -0.0119602200    0.0070116300   -0.0001304500
  -0.0117962100    0.0073011000   -0.0000686500
  -0.0117861800    0.0071120100    0.0002096800
  -0.0114574300    0.0062741000   -0.0001554700
  -0.0111103200    0.0062728800   -0.0000052000
  -0.0112821200    0.0059755100   -0.0000639200
  -0.0112343200    0.0061632800    0.0002308400
